15 15 36
8 11 13 2 1 4 10 6 12 3 5 15 7 14 9 
5 13 2 12 3 6 14 4 10 11 1 8 9 15 7 
15 4 6 5 10 2 11 7 14 12 13 9 1 8 3 
7 5 3 9 1 8 12 10 11 4 2 6 13 14 15 
7 3 4 11 13 12 5 15 2 14 6 9 8 1 10 
13 7 10 8 4 9 3 2 5 6 14 11 15 12 1 
13 8 5 14 2 10 6 12 3 11 9 1 15 4 7 
7 8 12 3 6 13 5 11 10 4 2 9 1 14 15 
14 8 11 5 2 1 4 9 6 7 13 15 3 12 10 
15 1 2 13 9 10 4 6 5 3 7 12 11 8 14 
4 3 10 12 7 15 6 14 2 11 8 9 1 13 5 
9 11 3 7 13 10 1 15 12 14 6 5 8 4 2 
11 9 3 1 13 2 5 8 7 6 4 10 15 14 12 
10 7 2 14 11 6 8 4 9 1 15 13 3 12 5 
11 8 1 7 12 9 10 2 3 5 4 13 14 15 6 
3 15
6 9
1 3
8 13
7 12
1 6
1 11
1 2
8 14
1 5
1 10
6 15
8 15
4 10
7 14
2 6
12 14
3 13
13 15
4 14
2 10
2 3
1 9
2 14
11 12
4 11
9 13
5 10
6 8
1 12
13 14
7 13
2 11
5 14
6 13
1 7
