15 15 36
9 8 11 6 5 7 10 4 13 1 14 3 15 2 12 
12 13 2 3 11 9 7 5 15 1 10 6 14 8 4 
5 6 13 11 1 14 9 2 15 7 12 8 3 4 10 
11 4 13 5 1 2 12 8 10 15 7 6 9 3 14 
15 7 9 14 4 11 10 13 6 3 2 1 12 5 8 
5 12 13 15 3 10 9 11 7 1 8 6 2 14 4 
11 9 15 1 7 13 8 6 4 14 10 3 12 2 5 
15 2 7 10 4 6 14 1 11 5 12 13 9 8 3 
12 5 4 2 13 9 8 3 6 1 15 7 11 14 10 
4 10 2 11 3 14 15 12 13 5 1 9 8 6 7 
15 5 1 2 11 6 13 14 8 12 4 7 3 9 10 
6 14 11 15 12 8 13 9 5 4 1 2 7 10 3 
15 11 5 13 3 14 12 6 8 2 4 9 7 1 10 
1 9 5 8 3 6 10 12 7 2 4 13 15 11 14 
5 14 10 8 13 12 9 6 3 7 11 2 15 1 4 
5 9
4 7
7 12
10 15
4 12
1 6
7 11
1 11
3 14
6 14
1 2
4 9
9 15
12 13
3 10
8 10
4 13
1 5
9 11
11 13
7 14
2 6
12 14
4 5
1 13
4 14
1 4
2 10
5 15
3 9
11 12
2 7
6 8
4 6
13 14
2 4
