15 15 36
15 4 2 12 9 13 3 14 7 6 11 10 8 5 1 
6 11 15 14 13 3 8 12 5 9 2 7 1 4 10 
2 9 14 13 4 15 3 8 5 1 6 10 12 7 11 
3 14 1 11 6 7 12 13 2 8 4 9 5 10 15 
10 8 13 15 5 7 9 6 11 4 14 12 1 2 3 
10 15 2 7 11 9 3 12 4 14 8 6 1 5 13 
7 13 6 14 8 2 15 11 1 10 12 5 4 3 9 
14 13 7 6 1 8 15 9 10 2 11 12 3 5 4 
11 2 6 10 14 7 1 4 9 15 13 3 5 12 8 
2 6 8 4 10 12 15 3 7 11 1 9 5 13 14 
15 11 8 10 6 5 9 14 3 2 4 1 7 13 12 
2 7 1 15 9 12 14 11 6 10 4 3 13 5 8 
9 11 13 4 3 12 14 15 6 7 8 10 5 1 2 
14 12 1 3 7 9 4 15 6 8 2 11 10 5 13 
15 6 4 9 2 8 7 10 3 11 5 12 13 1 14 
5 9
4 7
8 13
4 8
5 13
1 15
10 15
8 9
4 12
2 12
6 14
1 2
6 7
10 12
8 10
4 10
9 14
12 14
3 13
1 13
10 13
13 15
2 10
3 5
2 7
9 13
7 8
3 12
1 12
8 12
13 14
7 13
1 8
10 14
6 13
3 4
