15 15 42
15 11 8 4 3 2 13 14 7 9 6 12 10 1 5 
15 6 11 3 1 10 4 12 13 8 9 7 14 2 5 
8 15 12 3 10 2 13 7 11 1 4 14 5 6 9 
1 6 3 14 12 8 2 9 11 10 4 15 13 7 5 
4 1 3 13 5 12 6 9 15 10 7 8 2 11 14 
15 3 11 10 9 5 2 6 4 13 12 8 14 1 7 
9 10 1 3 14 2 15 13 7 5 8 12 11 6 4 
8 15 7 14 13 4 2 1 11 12 10 6 9 5 3 
12 10 13 1 2 7 14 4 5 8 15 3 9 11 6 
3 1 8 5 14 11 4 13 9 6 2 12 7 10 15 
13 3 15 1 8 14 10 12 6 5 9 7 4 11 2 
6 5 11 9 7 1 8 2 3 12 13 4 15 10 14 
12 7 9 10 5 1 15 6 11 8 3 14 2 4 13 
1 13 9 3 5 10 15 11 6 14 8 2 7 4 12 
6 15 5 8 3 7 2 10 14 9 11 13 12 1 4 
5 9
6 9
4 7
7 12
5 6
5 13
2 12
11 14
7 11
2 5
1 11
5 8
1 2
8 14
6 7
2 9
9 15
12 13
3 10
5 12
4 13
1 5
7 10
6 15
2 6
12 14
6 11
1 13
8 11
13 15
4 14
2 10
5 15
2 3
6 12
5 10
7 13
6 13
1 7
3 4
2 4
9 12
