15 15 42
1 5 3 11 13 8 2 10 14 4 15 6 7 9 12 
12 8 2 9 11 5 3 4 15 6 10 1 13 7 14 
7 3 5 4 11 8 13 9 6 14 15 12 1 2 10 
12 3 5 9 13 15 1 8 4 10 7 6 2 11 14 
8 4 10 5 6 9 7 3 1 11 12 13 2 14 15 
8 5 2 11 7 6 1 9 10 13 15 14 12 4 3 
5 9 11 15 14 12 2 8 13 4 7 1 10 6 3 
9 14 3 7 15 11 8 1 2 5 10 13 12 4 6 
11 12 10 4 2 15 1 3 6 9 7 14 8 5 13 
2 13 3 14 15 6 1 4 11 12 5 8 10 9 7 
13 7 8 12 4 10 3 5 15 9 2 6 14 11 1 
2 12 13 6 14 9 7 4 5 1 3 8 15 11 10 
6 8 12 4 1 15 11 2 13 10 5 14 7 9 3 
13 2 4 14 1 6 10 12 15 7 11 5 3 9 8 
11 4 7 12 3 14 9 10 6 15 5 13 8 2 1 
5 9
8 13
5 6
5 13
1 15
2 12
7 11
3 7
1 11
5 8
3 14
6 14
8 14
1 2
6 7
9 15
12 13
3 10
1 14
10 12
2 13
7 10
1 10
6 15
7 14
9 14
4 14
4 11
7 8
2 7
12 15
3 12
4 6
1 12
8 12
5 10
5 7
1 8
10 14
6 13
1 7
3 4
