15 15 31
3 13 10 9 11 5 8 2 4 14 12 7 15 6 1 
15 9 14 6 12 7 13 11 2 8 1 4 3 10 5 
15 5 11 1 14 3 13 7 6 10 12 8 9 4 2 
4 14 13 7 12 1 8 9 5 3 6 11 2 15 10 
14 1 8 5 6 4 13 10 3 9 11 2 12 7 15 
14 8 10 3 4 7 11 5 6 12 2 13 9 1 15 
8 9 15 13 4 12 7 6 14 1 10 2 3 11 5 
10 3 2 11 6 5 15 8 13 7 12 14 4 1 9 
14 8 9 2 15 10 12 11 13 5 1 7 6 3 4 
1 13 11 5 7 4 12 9 2 14 3 15 8 6 10 
8 2 7 11 13 9 12 14 5 4 6 15 1 10 3 
6 11 8 4 10 13 2 9 12 14 7 3 15 1 5 
10 11 5 13 1 8 9 15 7 6 3 12 4 14 2 
10 4 3 8 9 5 14 1 7 13 6 15 11 12 2 
10 14 7 3 15 12 9 11 8 6 2 4 5 1 13 
5 9
1 3
7 12
2 8
5 6
2 12
2 5
1 11
5 8
8 14
4 9
7 15
6 7
9 15
1 14
10 12
1 5
9 11
7 10
6 15
2 6
9 14
3 13
4 5
9 10
3 5
2 7
5 10
8 12
3 8
3 4
