15 15 42
5 13 8 1 10 15 7 4 6 11 9 3 14 2 12 
15 7 6 1 13 3 8 2 9 14 10 11 5 12 4 
15 1 12 13 4 7 2 3 9 8 10 11 6 5 14 
8 3 4 14 9 13 12 6 2 15 10 5 11 7 1 
6 12 9 3 5 14 13 4 1 7 10 8 11 2 15 
10 3 12 11 7 6 8 9 2 15 1 5 14 4 13 
13 2 14 10 8 1 12 11 9 3 15 5 4 6 7 
9 5 3 1 12 13 8 11 14 2 6 7 15 10 4 
15 5 11 4 8 10 7 14 2 3 1 13 12 9 6 
8 14 2 11 9 15 4 6 5 10 1 7 12 13 3 
7 8 12 6 4 9 2 13 3 1 14 15 10 5 11 
5 12 7 13 2 15 14 11 8 10 1 3 6 4 9 
10 5 9 12 13 7 11 14 1 6 2 8 15 3 4 
12 13 2 11 1 6 8 15 14 4 5 10 7 9 3 
1 6 8 15 4 3 9 7 12 10 14 5 11 13 2 
4 7
6 9
8 13
7 12
5 6
5 13
4 12
1 6
2 12
1 11
6 14
1 2
7 15
2 9
5 12
6 10
1 14
8 10
1 5
2 13
3 6
9 14
3 13
5 11
4 5
8 11
1 13
13 15
4 14
5 15
14 15
11 12
7 9
9 13
12 15
5 10
4 6
1 12
2 11
6 13
1 7
3 4
