15 15 36
9 3 1 11 5 8 15 2 10 7 12 13 14 6 4 
4 13 9 2 15 7 1 6 10 11 5 12 14 3 8 
9 11 8 15 4 5 6 13 14 7 3 1 10 2 12 
10 8 14 13 9 11 4 2 15 6 12 1 7 5 3 
13 8 3 5 1 14 10 2 12 15 9 6 4 11 7 
2 9 15 5 4 7 14 12 1 10 13 11 8 6 3 
12 14 1 4 6 13 11 3 10 5 9 8 7 15 2 
9 1 8 7 5 10 13 15 14 4 2 12 3 6 11 
5 12 9 13 14 4 3 2 15 10 6 11 1 7 8 
1 5 12 13 15 9 4 14 6 2 8 11 7 3 10 
15 3 1 14 4 10 8 13 6 5 7 2 9 11 12 
5 14 10 3 15 2 11 8 13 1 7 6 12 9 4 
1 6 7 10 9 3 8 11 4 15 13 14 5 2 12 
7 11 2 12 1 15 10 14 8 6 13 5 3 4 9 
6 4 13 8 14 9 11 1 5 3 10 12 2 7 15 
5 9
6 9
8 13
5 6
10 15
11 14
7 11
3 14
7 15
1 5
9 11
7 10
11 13
2 6
9 14
5 11
6 11
1 13
10 13
8 11
4 14
5 15
2 3
4 11
3 5
7 9
5 10
4 6
1 12
4 15
5 14
10 14
1 7
2 15
2 4
9 12
