15 15 31
12 4 8 11 10 9 15 13 1 3 2 7 5 6 14 
1 7 2 9 4 8 5 12 10 14 15 11 3 6 13 
12 9 5 7 15 8 11 14 4 1 2 10 13 3 6 
7 9 13 14 10 11 15 6 1 8 5 12 4 2 3 
8 4 9 15 13 5 1 7 6 14 2 3 12 10 11 
6 11 2 5 10 14 9 7 13 12 8 1 3 15 4 
12 1 9 5 3 4 10 11 2 15 13 7 14 8 6 
5 4 8 6 2 15 14 11 7 10 1 9 13 3 12 
1 7 10 8 14 3 15 5 6 4 11 12 2 9 13 
15 9 2 6 10 7 8 1 12 3 5 14 13 11 4 
14 6 9 13 5 3 8 11 2 7 12 10 15 1 4 
15 6 10 8 13 4 9 7 12 1 5 11 2 3 14 
2 8 14 10 4 12 1 5 11 6 13 15 9 3 7 
11 15 9 1 8 5 14 7 6 2 12 4 3 10 13 
8 15 4 3 9 12 13 7 6 2 1 11 5 14 10 
6 9
4 7
7 12
5 13
10 15
1 6
2 12
7 11
4 9
9 15
3 10
1 14
10 12
1 5
2 13
9 11
3 6
8 15
4 10
5 11
6 11
9 10
1 9
6 12
11 12
3 5
9 13
5 10
4 6
2 15
3 4
