15 15 42
8 11 6 9 15 1 4 10 13 5 3 14 7 12 2 
8 12 10 3 14 6 9 2 15 11 4 13 5 7 1 
11 2 5 9 3 10 1 4 8 7 6 13 14 12 15 
1 3 7 4 10 11 13 8 6 9 12 15 14 2 5 
8 3 13 15 11 2 12 4 10 7 14 6 9 1 5 
10 3 6 14 2 8 11 1 12 9 13 15 7 4 5 
2 14 9 8 11 12 13 7 6 4 1 15 5 10 3 
2 14 5 4 3 10 7 8 9 12 11 13 15 6 1 
14 4 8 1 3 6 7 5 2 15 11 13 10 9 12 
7 14 12 9 4 13 3 11 1 15 10 8 2 5 6 
9 7 14 15 10 5 11 13 12 6 1 4 3 8 2 
11 9 6 1 7 8 13 2 3 10 14 4 15 5 12 
9 8 4 10 5 3 7 12 14 11 2 6 15 13 1 
13 15 11 10 6 3 12 1 9 5 4 14 8 7 2 
11 9 7 12 13 8 14 5 2 15 1 10 4 6 3 
5 9
8 13
5 6
5 13
1 15
8 14
4 9
2 9
9 15
3 10
6 10
1 14
10 12
5 12
4 13
9 11
7 10
1 10
8 15
4 10
7 14
9 14
12 14
6 11
1 13
13 15
4 14
5 15
2 3
1 9
6 12
11 12
4 11
3 5
7 9
6 8
7 13
3 8
5 14
1 7
3 4
9 12
