15 15 31
1 6 4 5 9 11 12 10 3 8 7 13 15 14 2 
3 9 13 6 15 10 8 4 2 7 12 1 11 14 5 
11 5 15 2 3 1 8 6 13 14 12 4 9 7 10 
7 8 12 6 3 14 10 2 15 11 13 1 5 9 4 
1 6 3 11 10 5 8 13 15 7 2 4 12 9 14 
14 7 15 2 8 6 12 4 5 13 3 9 1 10 11 
11 3 2 13 7 15 5 9 8 12 1 6 10 14 4 
9 10 15 6 7 1 2 4 5 8 11 14 12 3 13 
5 11 4 3 15 13 1 6 7 2 8 14 12 9 10 
13 1 4 10 11 8 9 12 2 6 7 3 15 5 14 
3 8 1 2 12 5 11 9 6 4 14 13 15 7 10 
13 15 4 11 2 8 3 10 5 9 6 14 1 7 12 
15 14 3 7 8 6 1 12 10 5 4 11 9 2 13 
6 11 1 15 4 10 9 2 13 14 8 5 7 12 3 
12 8 9 4 5 10 13 6 2 1 14 7 11 15 3 
5 9
8 13
5 13
3 11
1 15
8 9
4 12
1 11
6 14
9 15
12 13
1 14
10 12
4 13
2 13
1 10
6 15
2 6
9 14
12 14
10 13
6 12
4 11
9 13
3 12
6 8
8 12
4 15
3 8
3 4
9 12
