15 15 31
4 8 10 6 3 1 2 14 9 11 13 15 5 7 12 
5 3 7 1 2 15 14 12 9 10 4 11 8 6 13 
15 14 3 5 7 2 13 10 1 9 11 4 6 12 8 
5 14 9 13 11 8 15 6 10 12 7 1 2 4 3 
2 9 15 6 14 3 5 4 10 7 13 8 1 11 12 
7 14 2 6 12 10 5 8 4 9 15 3 13 11 1 
1 10 8 14 9 15 2 12 11 7 3 6 4 5 13 
13 9 7 4 2 14 12 11 15 1 10 6 5 8 3 
6 8 9 14 11 12 5 2 4 13 1 10 3 15 7 
14 9 8 2 7 12 11 4 13 5 6 15 1 10 3 
3 2 13 5 15 12 4 7 10 11 6 14 1 9 8 
15 13 4 7 9 3 10 1 14 6 5 2 12 8 11 
12 13 11 8 10 14 3 1 2 15 9 6 4 5 7 
14 2 7 11 12 13 9 8 5 3 1 4 10 15 6 
7 3 14 2 1 13 15 5 4 10 6 9 12 8 11 
5 9
7 12
1 6
3 14
1 2
4 9
2 9
9 15
8 10
3 6
1 10
6 15
7 14
9 14
12 14
4 5
2 10
2 14
11 12
4 11
3 5
7 9
9 13
5 10
6 8
13 14
5 7
2 11
2 15
11 15
3 4
