15 15 36
15 7 12 5 14 9 4 3 1 8 2 10 13 11 6 
13 12 8 7 5 15 14 9 1 3 4 2 6 11 10 
1 15 5 14 10 12 9 8 2 3 11 6 7 4 13 
1 6 3 7 9 13 11 10 12 5 2 8 4 14 15 
10 11 14 3 9 12 8 7 13 1 2 4 6 15 5 
11 15 2 14 5 10 13 9 3 8 4 6 12 7 1 
7 14 15 12 2 10 5 13 3 8 1 4 6 9 11 
4 9 6 5 10 7 1 8 3 11 14 2 13 12 15 
14 11 13 10 3 5 9 4 6 15 7 8 12 2 1 
1 14 6 2 15 5 8 12 11 3 7 4 13 10 9 
13 7 6 5 12 3 14 9 10 1 4 2 8 15 11 
6 2 8 3 14 9 7 13 5 15 4 10 11 1 12 
13 2 10 11 4 15 1 14 3 7 12 8 5 9 6 
9 2 5 11 6 3 12 13 1 15 7 10 14 8 4 
9 13 6 15 10 2 5 7 1 14 3 8 4 12 11 
10 11
8 13
7 12
2 8
5 13
3 11
2 5
6 14
1 2
6 7
9 15
6 10
1 14
10 12
4 13
9 11
3 6
6 15
8 15
11 13
6 11
4 5
1 4
2 10
9 10
3 9
14 15
1 9
2 3
11 12
8 12
5 7
5 14
10 14
11 15
9 12
