15 15 42
10 6 7 14 4 15 13 8 1 3 2 11 5 9 12 
10 1 8 13 6 9 12 2 5 7 3 15 11 14 4 
5 10 3 7 8 4 9 1 13 15 14 11 6 12 2 
4 11 12 14 10 6 1 7 3 8 2 13 15 9 5 
1 10 12 14 13 9 5 3 11 2 8 15 6 7 4 
13 14 9 2 6 7 11 15 12 1 4 3 5 8 10 
2 10 14 11 7 6 4 5 3 13 8 9 12 15 1 
1 10 9 7 15 14 5 12 13 2 6 11 4 3 8 
7 8 5 11 12 2 3 14 10 1 15 9 13 4 6 
4 7 15 9 8 10 14 2 1 3 6 11 5 12 13 
11 1 8 13 3 5 7 6 2 12 14 10 9 4 15 
7 12 3 8 2 5 11 15 6 10 4 14 1 13 9 
6 1 9 10 15 3 14 7 11 8 2 13 12 5 4 
9 8 13 1 14 15 5 10 7 3 6 2 12 11 4 
15 14 12 9 7 10 13 1 5 6 2 3 8 11 4 
4 7
8 13
7 12
2 8
5 6
10 15
8 9
4 12
1 6
11 14
2 5
1 11
3 14
8 14
12 13
1 5
2 13
9 11
6 15
4 10
12 14
5 11
4 5
1 13
8 11
4 14
1 4
2 3
14 15
6 12
11 12
3 5
2 7
12 15
5 10
6 8
8 12
4 15
3 8
1 8
2 4
9 12
