15 15 31
12 2 1 4 9 15 13 8 14 3 5 6 11 10 7 
12 4 1 10 15 11 13 5 14 8 6 7 3 9 2 
1 8 11 15 6 13 4 9 12 2 14 7 3 5 10 
4 3 7 8 6 10 12 13 14 11 5 15 9 2 1 
12 15 5 9 4 8 2 3 6 11 10 14 1 13 7 
8 15 2 11 6 9 13 14 7 1 10 12 4 3 5 
4 14 15 7 6 12 13 10 8 11 2 1 3 9 5 
3 13 10 15 1 5 6 8 2 11 4 12 9 14 7 
1 14 4 10 2 3 11 5 12 6 9 8 15 13 7 
7 10 2 13 3 8 14 11 4 6 15 5 12 9 1 
4 8 10 5 9 14 12 13 2 3 15 7 11 1 6 
5 11 2 8 6 13 7 12 4 9 3 10 1 14 15 
7 2 5 14 8 1 10 11 4 6 15 12 13 9 3 
10 14 11 13 9 6 7 5 12 1 3 4 2 8 15 
12 15 10 11 4 7 5 8 3 14 2 9 1 13 6 
6 9
1 3
4 8
5 6
2 8
4 12
1 6
2 5
1 11
3 14
1 2
12 13
5 12
8 10
1 10
6 15
4 10
2 6
6 11
10 13
1 4
5 15
14 15
3 5
6 8
5 7
2 11
6 13
1 7
2 15
3 4
