20 20 76
12 6 16 20 7 2 15 18 17 14 11 8 1 19 13 9 4 3 10 5 
2 14 1 4 12 11 16 17 6 3 15 8 18 20 13 9 10 5 19 7 
17 8 10 11 6 20 14 19 2 16 18 4 9 13 3 1 15 12 5 7 
5 9 14 4 18 19 17 20 15 10 16 11 6 3 8 1 2 7 13 12 
12 7 11 1 16 2 18 14 8 15 19 4 9 3 17 13 5 6 10 20 
19 14 17 16 8 2 5 9 18 15 20 12 11 3 7 4 13 10 1 6 
7 13 17 18 6 15 10 4 19 11 1 16 20 3 12 9 14 5 2 8 
8 20 18 14 12 17 3 11 19 15 4 2 7 9 13 6 10 1 16 5 
4 9 13 19 7 1 20 6 18 2 17 15 5 3 10 12 11 14 8 16 
3 2 12 4 5 18 8 10 6 1 7 17 11 9 15 13 14 20 19 16 
11 4 7 19 20 13 15 17 6 3 16 8 10 9 1 12 14 2 5 18 
15 5 2 14 9 20 19 6 10 18 17 8 1 4 7 3 16 11 13 12 
20 14 5 2 18 19 16 11 8 6 1 7 3 13 17 12 10 15 9 4 
8 7 11 13 18 16 4 12 1 14 17 9 2 10 20 6 3 15 19 5 
6 1 4 8 16 15 14 3 20 18 2 5 7 19 17 11 9 13 12 10 
8 1 18 12 6 9 16 20 5 14 10 15 7 3 4 17 19 2 13 11 
17 15 12 4 11 14 2 5 7 19 6 3 10 8 16 9 13 18 1 20 
9 7 3 13 16 11 17 1 14 8 12 15 20 6 4 5 2 10 19 18 
1 8 14 15 9 16 7 4 17 19 12 18 20 11 6 5 3 10 13 2 
1 10 3 5 12 18 2 14 19 15 8 17 6 11 13 9 4 20 16 7 
5 9
14 17
4 7
8 13
7 12
17 20
5 19
2 12
3 7
11 19
1 2
8 14
12 20
4 9
6 7
4 19
2 19
12 13
3 10
1 16
1 14
8 10
10 12
8 20
4 13
7 19
2 13
14 18
9 17
7 10
15 18
1 10
3 16
11 18
3 6
18 20
16 18
2 16
6 18
9 14
9 20
3 13
14 19
13 15
1 4
9 10
12 18
9 16
3 9
13 19
6 12
11 12
2 17
3 5
15 17
9 13
11 17
3 12
6 8
5 16
10 16
4 15
7 13
4 17
2 11
12 19
1 18
11 20
8 18
6 13
16 20
13 18
9 19
15 16
6 16
9 12
