20 20 57
16 19 14 9 13 5 4 17 6 1 3 8 20 12 11 7 2 18 10 15 
1 17 9 6 15 10 19 2 20 11 14 7 16 13 12 18 3 4 5 8 
18 20 9 6 19 8 4 14 1 17 15 2 16 7 5 12 13 11 10 3 
7 16 8 3 17 12 4 15 6 14 20 1 13 11 19 9 5 2 18 10 
16 15 10 4 9 5 3 7 17 11 6 14 12 18 13 2 8 19 20 1 
1 7 18 14 4 2 10 8 6 12 13 3 19 9 17 11 20 15 16 5 
7 14 16 6 2 20 4 13 10 11 9 12 15 8 3 18 19 17 1 5 
8 2 6 19 16 10 13 12 3 1 18 14 7 15 17 20 4 9 11 5 
2 14 11 4 5 3 8 18 19 12 6 15 1 16 7 17 20 10 13 9 
20 6 2 5 19 1 8 17 18 11 9 13 12 15 7 10 3 4 16 14 
1 9 12 13 19 2 3 18 17 15 20 4 10 8 14 6 7 16 11 5 
5 9 15 3 11 10 17 6 1 8 13 16 7 4 2 12 18 19 14 20 
19 13 20 7 14 12 6 5 11 2 1 9 16 10 18 3 17 8 4 15 
16 4 6 7 15 14 13 9 1 20 2 11 3 17 8 5 12 18 10 19 
1 18 4 2 17 15 3 10 19 11 16 6 13 7 20 5 14 12 8 9 
10 2 4 12 16 19 13 20 3 7 1 8 11 14 18 17 15 6 5 9 
6 17 2 15 18 5 1 3 13 8 4 16 14 10 20 19 12 7 9 11 
11 2 19 8 12 20 3 1 9 16 6 5 7 17 14 15 18 4 10 13 
13 19 1 6 20 17 16 5 15 12 4 10 11 3 18 2 7 14 8 9 
8 1 6 18 9 16 12 3 17 15 2 19 14 5 4 20 7 10 13 11 
11 16
4 7
10 17
4 8
2 18
15 20
1 17
17 20
1 15
8 9
1 6
7 16
2 4
11 19
16 17
7 20
4 9
2 9
3 10
14 18
13 16
10 18
4 13
2 13
12 17
3 6
11 18
13 20
6 15
8 16
11 13
6 18
12 14
1 13
13 15
10 19
7 18
2 10
13 19
16 19
7 8
11 17
5 10
5 16
1 12
8 12
7 13
2 11
4 17
12 19
3 8
1 8
3 18
16 20
2 15
3 4
6 16
