20 20 76
16 8 15 17 20 5 7 18 14 3 6 2 1 4 10 19 12 13 9 11 
5 10 17 18 4 16 8 9 15 14 2 1 6 3 13 11 19 12 20 7 
16 11 5 19 4 14 18 1 10 20 9 6 3 8 7 17 2 13 12 15 
5 8 1 12 20 4 16 3 13 17 6 18 9 2 7 15 19 11 14 10 
13 7 17 15 1 16 20 12 6 5 3 18 14 10 19 8 4 2 11 9 
9 15 16 19 10 5 8 20 4 12 1 11 6 3 18 2 7 13 17 14 
7 11 10 12 8 2 13 17 6 20 15 19 5 1 18 16 4 14 9 3 
17 14 2 15 16 20 5 13 6 3 9 11 8 18 19 10 12 4 1 7 
18 11 15 5 4 12 2 13 17 19 16 8 7 9 3 1 6 14 10 20 
12 4 1 6 3 11 18 13 14 9 19 2 7 10 15 20 5 8 17 16 
8 6 3 15 19 1 14 18 10 17 4 12 11 5 16 13 20 2 7 9 
16 11 14 10 7 1 8 3 9 15 13 18 6 5 4 12 17 20 2 19 
1 16 4 15 10 13 3 7 19 9 20 12 11 14 2 6 18 8 17 5 
1 7 12 5 17 20 16 6 8 14 11 18 15 19 4 9 2 3 10 13 
19 14 11 9 1 12 10 4 3 7 2 6 20 16 13 5 17 15 18 8 
11 19 1 17 10 18 20 7 15 9 14 16 13 8 6 2 12 3 4 5 
7 3 1 15 8 11 4 2 9 17 18 10 13 12 5 20 16 19 6 14 
10 20 8 18 4 9 12 16 15 6 11 2 17 3 1 7 14 19 5 13 
2 13 10 14 17 4 5 8 6 19 11 1 15 3 9 20 16 12 7 18 
1 14 8 9 10 5 11 19 18 17 2 15 6 7 12 16 20 3 13 4 
11 16
5 9
4 7
1 3
10 17
4 8
15 20
4 18
5 6
2 18
5 13
17 20
1 15
3 11
4 12
18 19
1 6
3 7
1 11
3 17
11 19
3 14
5 8
2 19
7 15
12 13
1 16
6 10
1 14
8 10
10 12
5 12
5 18
3 20
9 11
12 17
7 10
1 10
13 20
6 15
16 18
18 20
9 20
14 19
8 11
10 13
7 18
4 16
12 18
1 19
3 9
3 19
2 3
5 15
8 17
16 19
4 20
2 17
3 5
2 7
12 15
11 17
3 12
6 8
14 16
8 12
13 14
5 10
4 15
3 8
5 14
1 8
10 14
2 15
7 8
2 4
