20 20 76
8 5 13 4 1 3 9 11 10 7 15 2 17 20 16 19 18 12 6 14 
18 6 12 17 3 7 8 16 10 20 15 9 5 11 2 19 1 13 14 4 
10 2 6 4 1 9 18 13 7 15 20 14 19 17 16 3 8 12 11 5 
8 3 7 11 10 9 19 18 13 2 5 4 14 20 6 12 15 1 17 16 
15 14 18 10 11 8 9 7 13 16 1 2 4 20 17 5 3 19 12 6 
7 1 11 8 4 10 9 15 14 18 17 12 16 20 19 13 3 6 5 2 
4 19 7 10 16 6 5 18 2 11 12 9 14 17 8 3 13 15 20 1 
18 6 12 8 13 2 14 11 17 20 9 4 7 19 16 3 10 15 1 5 
14 18 7 5 17 19 3 12 8 4 15 2 20 6 1 11 16 13 9 10 
15 5 4 7 1 17 8 11 12 10 6 3 18 14 9 20 13 2 16 19 
9 7 6 3 1 11 8 2 17 20 5 13 14 12 4 10 15 18 16 19 
2 4 7 20 14 12 13 15 5 3 19 11 1 16 17 18 9 10 6 8 
9 18 19 7 10 15 3 2 5 11 14 20 1 17 8 6 12 16 13 4 
1 17 20 11 5 14 18 16 13 12 4 3 6 10 19 2 8 9 7 15 
1 8 15 4 3 2 19 9 13 14 6 10 7 12 5 11 16 20 18 17 
16 12 15 18 4 13 9 2 17 6 7 11 8 1 3 5 19 10 14 20 
14 1 4 8 2 19 12 6 7 10 16 20 17 11 18 15 5 9 3 13 
13 20 12 14 19 10 1 11 5 7 2 8 3 18 15 6 16 9 4 17 
13 5 6 4 14 2 10 1 15 8 20 7 17 12 19 16 9 11 18 3 
14 2 9 18 17 10 19 3 11 4 1 6 15 8 20 12 5 13 7 16 
4 7
1 3
10 11
10 17
15 20
7 12
5 6
4 18
5 13
1 17
3 11
10 15
13 17
5 19
7 16
11 14
9 18
7 11
6 17
1 11
11 19
16 17
12 20
6 7
1 16
3 10
10 12
8 10
2 13
12 17
15 18
7 10
1 10
13 20
8 16
6 15
8 15
2 16
4 10
17 19
6 18
2 6
3 13
8 11
10 13
10 19
2 20
7 18
2 10
12 18
9 16
3 9
2 3
1 9
13 19
14 20
4 20
2 17
7 9
15 17
6 19
4 11
9 13
3 12
5 10
5 16
2 7
13 14
10 16
5 7
5 14
5 20
10 20
11 15
9 19
9 12
