20 20 57
1 18 4 15 6 5 19 11 14 12 7 8 2 20 3 16 10 9 17 13 
12 11 1 15 14 19 16 4 10 3 5 20 8 2 6 13 18 9 7 17 
4 20 8 5 17 12 11 19 18 16 10 3 1 13 14 15 2 9 7 6 
2 15 14 20 8 12 17 6 19 11 3 18 16 4 9 13 7 5 10 1 
14 18 5 8 6 11 20 10 16 12 17 19 7 15 2 13 1 4 3 9 
10 13 14 6 5 2 11 8 20 12 1 9 18 7 19 15 17 16 4 3 
17 4 5 19 18 16 12 9 3 2 14 6 11 13 10 15 1 8 20 7 
9 16 8 13 6 12 10 18 7 11 4 17 2 20 3 14 19 15 5 1 
9 13 18 4 16 19 15 6 10 17 20 2 8 3 1 5 7 12 11 14 
17 20 7 13 11 14 15 4 5 12 9 19 6 1 16 8 3 2 18 10 
20 3 17 7 1 14 18 8 10 12 19 16 15 5 13 11 9 4 6 2 
5 14 10 13 12 8 16 20 19 15 3 2 17 11 4 7 18 6 9 1 
12 3 4 9 19 7 16 2 20 6 15 11 13 5 10 8 14 18 1 17 
15 8 9 16 12 7 6 11 3 13 14 4 10 19 1 2 5 17 18 20 
4 20 10 18 9 3 1 5 2 8 17 12 13 11 7 16 15 19 14 6 
4 11 14 16 5 3 15 18 7 10 9 2 17 6 1 13 12 19 8 20 
6 2 7 18 14 5 3 4 17 19 8 10 20 15 9 11 1 13 12 16 
20 1 16 9 18 2 14 19 7 10 12 5 11 3 17 8 6 13 4 15 
20 7 11 4 9 13 1 6 12 17 10 19 16 14 18 8 15 2 5 3 
12 11 19 10 7 17 18 16 14 5 4 2 13 3 6 1 20 9 8 15 
5 9
3 15
4 7
8 13
5 13
17 20
10 15
4 12
1 6
15 19
3 17
1 20
7 20
2 19
4 9
12 13
6 10
9 19
1 14
4 13
2 13
12 17
15 18
3 16
13 20
16 18
18 20
2 16
4 10
2 6
9 14
7 14
6 18
5 11
6 11
13 15
2 20
4 16
5 15
2 3
13 19
8 17
14 20
16 19
2 17
7 9
15 17
2 7
5 10
4 6
5 16
6 8
4 15
12 19
10 20
16 20
7 17
