20 20 66
16 9 3 15 18 11 14 1 4 2 20 13 17 7 10 5 19 8 6 12 
1 8 5 17 6 12 3 11 18 2 16 10 20 15 7 14 19 4 9 13 
6 1 4 8 15 11 17 13 14 5 16 9 12 20 10 18 3 7 2 19 
1 14 11 6 4 16 7 17 18 20 10 2 13 8 12 19 9 3 5 15 
4 9 17 6 15 2 11 14 19 3 13 5 16 8 10 20 18 7 1 12 
20 10 18 1 12 11 2 16 8 15 6 17 5 9 4 13 19 3 14 7 
16 5 19 6 18 13 20 15 2 12 10 17 14 9 7 4 11 3 1 8 
11 17 1 16 12 18 10 20 4 8 19 6 2 7 3 9 15 14 5 13 
3 6 5 13 18 20 10 4 14 17 12 1 16 19 8 7 11 2 15 9 
11 20 19 14 7 1 9 16 18 17 3 6 4 12 15 13 5 8 10 2 
2 13 18 16 11 4 19 15 17 6 10 9 7 12 20 8 3 5 14 1 
6 13 9 16 18 12 5 15 2 17 7 14 11 19 20 10 3 4 1 8 
10 17 8 2 3 11 18 1 7 20 9 13 14 15 19 12 5 16 6 4 
15 19 4 11 16 3 8 10 6 14 2 18 17 20 13 7 12 5 9 1 
17 18 9 11 16 1 2 3 10 13 8 7 4 15 19 14 6 20 5 12 
6 8 14 10 20 2 17 4 19 1 5 13 15 12 7 11 16 9 3 18 
10 17 6 20 18 7 12 15 9 19 8 13 1 5 16 2 4 14 11 3 
9 18 12 20 2 16 14 17 6 13 1 7 10 5 8 19 11 3 4 15 
19 4 3 11 5 16 13 20 14 15 8 17 18 7 9 12 2 10 1 6 
14 2 4 11 20 9 19 18 10 17 6 7 12 16 15 1 13 8 3 5 
4 7
7 12
2 8
3 11
1 15
8 9
13 17
18 19
2 12
9 18
7 11
1 2
12 20
2 9
4 19
1 16
3 10
1 14
8 10
10 12
5 12
8 20
1 5
2 13
15 18
1 10
13 20
8 16
4 10
12 14
6 16
5 11
6 11
5 17
13 15
10 19
2 20
7 18
1 4
9 10
12 18
9 16
1 19
4 16
14 15
8 17
2 14
11 12
19 20
4 11
7 9
2 7
12 15
6 8
1 12
8 12
14 16
4 17
12 19
6 20
11 20
6 13
1 7
15 16
2 4
9 12
