20 20 66
3 16 7 4 5 20 17 15 14 12 19 1 11 13 18 9 10 6 8 2 
1 18 20 19 7 12 6 4 14 16 17 15 10 8 5 9 3 11 2 13 
18 2 19 5 17 15 1 6 14 10 11 9 16 3 8 12 13 4 20 7 
19 5 2 8 9 1 4 10 11 14 12 17 6 20 16 13 15 18 3 7 
17 18 7 13 8 3 4 11 16 9 6 10 1 5 20 12 19 15 2 14 
7 14 18 5 19 6 4 10 13 1 20 2 11 8 3 15 12 9 17 16 
14 3 8 9 10 20 1 16 2 13 6 5 19 15 4 11 12 18 7 17 
8 1 10 5 9 13 11 20 19 3 17 12 18 15 4 2 6 16 14 7 
16 7 4 10 12 20 18 1 3 11 17 9 8 13 5 19 6 14 2 15 
8 3 6 7 14 15 13 16 10 20 19 17 11 9 2 5 18 1 4 12 
6 20 12 9 3 2 14 11 13 18 8 15 10 7 5 16 4 1 19 17 
20 12 9 2 5 1 8 3 14 7 17 19 18 6 13 15 10 4 11 16 
6 10 9 8 15 3 11 19 4 18 17 14 12 13 16 2 7 20 1 5 
19 17 5 10 6 11 8 13 1 16 15 14 7 9 12 4 18 3 2 20 
3 17 14 20 10 8 1 5 16 13 15 6 9 2 19 12 18 7 4 11 
19 15 20 13 2 14 16 5 7 6 12 10 11 3 17 1 4 8 18 9 
11 14 15 3 1 18 13 20 9 17 12 19 5 2 8 7 4 16 10 6 
7 8 10 19 18 1 20 9 6 4 15 12 13 5 14 3 16 17 2 11 
2 4 14 15 10 3 12 6 16 5 11 18 17 9 13 20 7 1 8 19 
11 17 16 15 19 5 1 7 2 3 18 13 9 20 4 10 6 8 14 12 
5 9
4 7
10 11
2 18
7 12
1 17
5 13
3 11
8 9
13 17
8 19
15 16
9 18
2 5
11 19
5 8
3 14
16 17
8 14
6 7
2 19
5 12
14 18
1 14
8 10
3 10
4 13
7 19
12 17
13 20
6 15
2 16
7 14
17 19
12 14
9 20
5 11
1 13
8 11
10 19
7 18
9 16
3 9
5 15
1 9
13 19
8 17
6 12
16 19
19 20
11 12
4 11
12 15
3 12
4 6
6 8
1 18
6 20
5 20
10 14
11 20
10 20
3 8
9 19
3 4
2 4
