20 20 76
19 12 4 6 3 8 15 2 13 5 16 7 1 18 17 20 11 14 9 10 
17 18 7 13 2 14 1 16 4 11 6 5 15 9 20 19 8 10 12 3 
19 12 14 7 3 10 20 11 15 18 17 5 6 2 13 8 16 4 9 1 
16 15 4 2 20 17 7 1 9 19 18 14 6 3 11 5 12 10 13 8 
10 12 17 14 11 9 20 16 3 7 4 1 19 18 2 6 13 5 8 15 
3 13 15 1 6 7 18 19 17 8 16 5 12 4 14 2 11 20 9 10 
10 14 1 15 5 6 16 19 12 17 7 13 3 11 20 9 18 8 2 4 
5 13 4 14 3 6 17 2 18 1 12 15 7 20 9 16 10 8 11 19 
5 17 8 16 20 14 1 10 6 13 11 18 12 7 15 2 9 19 4 3 
2 4 10 5 11 12 18 3 20 17 6 13 1 19 14 9 15 16 7 8 
20 11 14 5 18 16 3 13 1 8 7 4 19 2 10 6 12 15 9 17 
8 6 20 18 17 9 15 10 14 16 19 13 4 5 11 12 2 7 1 3 
4 6 11 3 19 18 8 2 1 15 12 14 16 9 20 17 7 5 10 13 
10 2 5 20 1 7 14 3 19 11 6 18 15 17 8 4 16 9 12 13 
10 17 1 2 18 15 3 4 6 9 7 16 13 8 19 11 20 12 14 5 
19 12 2 4 9 13 20 18 1 5 15 8 7 6 11 16 3 10 14 17 
12 5 1 17 4 6 11 18 9 16 8 3 13 19 14 20 10 2 7 15 
5 14 1 10 20 9 12 7 4 18 17 13 16 6 3 11 19 15 8 2 
18 15 2 14 10 1 4 17 5 16 9 7 19 8 12 6 11 3 13 20 
9 7 13 17 6 1 14 8 12 16 5 11 18 15 3 10 2 4 19 20 
11 16
3 15
6 9
1 3
4 7
15 20
3 11
17 20
5 19
10 15
8 9
5 13
11 14
6 17
1 11
3 17
6 14
7 20
16 17
2 19
7 15
9 15
12 13
1 16
14 18
1 14
9 17
3 6
7 10
3 4
15 18
11 18
11 13
1 7
2 16
4 10
17 19
2 6
6 18
6 11
4 5
5 17
1 13
13 15
10 19
2 20
4 14
2 10
4 16
9 10
9 16
8 11
2 3
8 17
14 20
2 14
11 12
16 20
3 5
6 19
7 9
12 15
3 12
4 6
5 16
10 16
4 15
4 17
3 8
6 20
6 13
7 17
11 15
9 19
15 16
6 16
