20 20 57
11 13 14 15 1 2 5 4 6 7 8 3 12 20 10 9 19 17 16 18 
5 8 14 9 13 7 11 10 12 19 1 17 3 18 15 20 4 2 16 6 
1 11 20 19 8 4 10 16 2 12 15 6 13 5 18 3 9 17 14 7 
19 1 9 14 2 15 5 3 4 18 11 16 7 12 13 10 8 20 6 17 
15 1 16 5 9 7 6 19 14 13 20 17 12 11 4 18 8 2 3 10 
5 15 18 6 2 7 16 20 3 17 1 12 10 19 13 4 9 11 14 8 
20 15 2 11 4 14 8 1 3 6 10 5 12 16 18 19 17 9 7 13 
6 15 11 14 4 12 9 10 7 17 19 5 8 20 3 18 2 13 1 16 
17 5 6 13 9 19 3 12 15 16 11 2 14 10 8 18 20 7 4 1 
7 8 18 11 1 12 19 5 10 13 20 16 14 9 17 4 3 6 15 2 
8 2 14 7 6 17 16 13 10 19 15 12 20 5 3 11 1 18 4 9 
12 6 1 2 10 15 16 4 11 13 5 19 18 8 9 20 14 7 17 3 
11 1 14 20 2 13 10 15 19 5 4 8 9 3 17 18 16 7 6 12 
2 19 12 5 18 6 13 15 10 11 4 20 8 17 1 16 7 9 3 14 
5 7 8 14 1 3 10 16 4 18 11 6 15 17 20 13 12 19 2 9 
15 11 1 3 6 19 4 17 13 12 2 14 9 10 18 8 16 7 5 20 
15 12 17 4 7 9 19 11 13 18 2 1 10 8 14 6 3 20 5 16 
1 8 18 3 20 9 12 4 19 2 7 13 17 14 5 15 16 6 10 11 
8 1 10 12 6 17 18 19 9 13 5 14 2 4 7 16 3 20 11 15 
18 9 8 15 5 16 11 17 13 7 3 1 20 19 14 2 12 6 10 4 
6 9
1 3
10 11
4 7
10 17
2 8
4 18
10 15
8 9
8 19
4 12
18 19
2 12
1 6
7 11
3 14
1 2
16 17
12 20
6 7
4 19
6 10
5 18
8 10
3 20
8 20
7 19
1 10
3 16
3 4
18 20
4 10
9 14
3 13
6 11
10 19
4 14
7 18
4 16
2 10
1 19
11 12
4 11
7 9
2 7
9 13
17 18
11 17
4 6
6 8
4 17
5 14
3 18
10 14
1 7
7 17
15 16
