20 20 66
8 10 11 18 6 9 3 19 16 2 7 5 20 14 4 12 17 1 13 15 
10 8 6 3 5 2 4 19 14 20 1 12 13 7 11 17 9 18 16 15 
9 19 1 7 20 17 13 4 16 3 18 6 2 14 5 10 15 11 12 8 
18 14 1 3 7 19 5 20 15 2 6 9 10 4 11 17 16 13 12 8 
16 8 12 7 10 20 11 2 18 17 4 1 15 3 6 14 5 9 19 13 
6 8 13 3 12 20 11 14 18 1 7 4 10 5 19 2 15 17 9 16 
4 9 20 7 6 3 8 10 17 11 19 12 2 13 16 18 5 14 1 15 
8 19 14 16 11 15 2 18 1 9 7 20 6 17 5 13 3 10 12 4 
17 12 5 20 7 1 16 3 10 18 2 15 6 19 14 8 11 13 4 9 
3 19 14 15 2 9 4 7 17 20 10 18 8 12 5 16 11 13 1 6 
9 14 15 1 16 11 12 20 6 4 7 18 19 17 10 3 13 8 2 5 
5 19 2 4 1 8 3 11 20 16 9 12 15 13 18 10 17 7 6 14 
2 3 19 16 5 15 6 10 8 9 12 1 17 7 18 14 13 11 4 20 
1 17 15 12 19 2 14 7 16 9 4 10 18 8 6 13 20 5 3 11 
10 12 4 6 20 8 7 14 13 16 17 5 15 19 1 11 9 18 3 2 
2 16 20 13 17 6 15 1 9 4 19 11 8 5 7 10 18 14 3 12 
13 6 19 14 9 3 20 10 18 8 11 7 16 12 4 5 15 1 17 2 
2 16 6 19 18 9 14 13 4 7 8 11 15 3 5 17 20 12 1 10 
20 7 1 15 4 11 6 2 3 13 17 16 10 8 19 18 9 14 5 12 
17 14 20 7 6 19 11 3 5 15 12 13 2 16 10 1 8 9 4 18 
5 9
6 9
14 17
10 11
5 6
5 13
17 20
3 11
15 16
18 19
7 16
15 19
7 11
1 11
7 15
4 19
9 15
12 13
2 9
8 10
10 12
8 20
10 18
9 17
7 10
1 10
13 20
8 16
16 18
7 14
6 18
17 19
2 6
9 20
5 11
14 19
1 13
5 17
9 14
4 14
12 18
9 16
13 19
6 12
2 14
2 17
3 5
17 18
2 7
6 19
12 15
9 13
6 8
14 16
8 12
1 12
10 16
4 15
2 11
4 17
5 14
3 18
10 14
13 18
3 4
6 16
