20 20 66
18 14 13 10 3 2 5 8 6 4 11 16 1 15 17 7 19 12 9 20 
2 6 8 5 14 17 4 1 15 12 18 10 3 16 7 20 19 13 11 9 
9 10 14 12 20 16 3 6 15 4 19 5 18 11 8 13 1 2 17 7 
8 12 11 9 15 3 5 6 13 14 20 17 18 10 1 2 16 4 19 7 
11 17 12 10 5 7 19 20 16 4 3 8 6 14 18 15 2 13 1 9 
17 9 8 10 5 3 6 13 12 4 20 19 14 2 15 18 7 16 1 11 
19 4 10 6 2 8 13 5 20 9 11 7 16 3 18 1 12 14 17 15 
1 11 4 9 18 10 8 20 19 12 5 16 15 14 6 7 3 2 13 17 
20 4 9 17 19 15 5 8 10 13 11 16 3 18 14 2 12 7 1 6 
14 12 20 4 15 16 3 10 18 13 19 6 11 1 9 2 17 7 5 8 
7 12 11 9 10 1 17 14 20 4 15 19 18 2 5 3 13 8 6 16 
17 8 18 12 9 4 11 15 16 7 2 14 20 19 13 1 5 10 6 3 
5 17 11 10 3 13 8 14 2 12 9 15 19 6 16 1 18 7 4 20 
2 11 4 1 14 12 17 10 3 9 19 6 13 15 7 16 20 18 8 5 
18 19 20 10 17 7 12 2 3 4 15 6 9 14 13 1 11 5 16 8 
11 3 8 2 20 9 14 16 15 5 6 19 4 1 18 13 10 7 17 12 
18 20 12 16 10 13 17 1 6 19 15 7 5 4 9 3 11 8 2 14 
11 13 14 5 9 1 19 20 16 10 2 8 18 7 12 17 4 3 15 6 
15 7 2 5 17 4 9 20 3 14 16 18 1 19 8 6 13 12 10 11 
5 14 15 9 18 16 2 7 10 19 1 13 3 12 4 6 8 20 11 17 
11 16
5 9
6 9
8 13
10 11
10 17
15 20
1 17
3 11
17 20
13 17
8 19
18 19
2 12
1 6
12 16
1 11
1 20
6 14
1 2
8 14
2 9
14 18
4 13
1 5
12 17
9 17
7 10
1 10
11 18
8 16
6 15
8 15
2 6
9 14
17 19
3 13
14 19
5 17
1 13
13 15
10 19
2 20
6 11
4 16
4 5
5 15
14 20
4 20
11 12
17 18
2 7
12 15
11 17
3 12
14 16
5 16
10 16
2 11
1 18
3 8
1 8
11 20
7 17
11 15
9 12
