20 20 57
7 20 12 19 18 9 11 3 15 13 10 1 16 2 17 8 4 5 14 6 
13 6 16 8 4 18 14 1 3 20 7 9 11 5 12 15 19 2 10 17 
18 17 13 9 15 3 16 5 10 2 6 12 20 4 7 1 11 8 19 14 
6 10 1 15 13 17 20 8 14 18 4 11 2 16 3 9 12 7 5 19 
17 1 15 10 14 5 7 18 16 13 11 20 12 9 3 6 19 4 2 8 
3 10 16 14 12 13 19 5 6 15 2 8 4 7 1 17 11 9 18 20 
14 7 1 2 8 11 10 16 5 6 20 12 9 17 19 3 4 15 18 13 
9 17 7 1 18 4 16 8 20 6 10 19 2 13 15 3 14 11 5 12 
12 2 7 4 20 8 3 16 18 17 9 13 15 1 19 11 14 5 10 6 
9 15 17 13 7 20 18 8 3 2 1 6 10 16 14 11 5 12 19 4 
16 5 6 3 8 19 18 12 17 15 1 11 7 13 9 4 14 20 10 2 
14 8 4 6 1 3 18 12 19 11 2 7 9 17 10 20 5 16 13 15 
1 17 13 8 6 5 15 14 10 18 7 11 19 20 4 12 2 3 9 16 
8 2 11 18 7 17 16 14 6 12 1 9 5 20 4 3 19 15 10 13 
11 3 8 16 7 12 15 10 17 9 13 6 20 19 1 14 18 5 2 4 
17 11 3 2 4 16 1 8 18 10 13 14 7 19 6 9 15 12 20 5 
10 14 2 18 11 15 19 5 8 6 17 13 4 3 1 7 20 16 9 12 
3 1 10 15 17 16 11 12 8 19 6 2 9 13 18 7 20 4 14 5 
1 16 19 15 20 9 18 6 3 12 7 10 13 8 2 5 17 4 11 14 
16 19 14 7 4 3 15 13 5 1 17 8 2 9 6 18 10 11 12 20 
11 16
3 15
4 7
1 3
6 9
10 17
5 6
1 15
13 17
8 19
18 19
1 6
15 19
3 17
1 2
2 19
4 19
9 15
5 18
3 20
7 19
7 10
3 4
6 15
18 20
17 19
9 14
12 14
1 13
10 13
13 15
4 16
5 15
6 12
2 14
4 20
7 9
6 19
15 17
3 12
8 12
4 15
5 7
2 11
3 8
5 14
3 18
5 20
13 18
11 20
6 13
16 20
1 18
9 19
15 16
2 4
9 12
