20 20 66
9 3 5 1 6 12 19 18 2 20 15 11 8 4 10 17 7 13 14 16 
16 11 14 18 4 8 2 1 3 17 5 20 7 10 6 12 13 19 9 15 
17 4 18 7 6 3 16 10 1 11 9 14 20 19 5 15 8 13 2 12 
17 9 16 15 2 13 4 3 8 20 12 14 18 10 7 5 1 11 19 6 
15 1 5 8 7 2 19 20 14 9 3 13 17 11 16 6 10 4 18 12 
12 10 1 14 13 15 8 19 4 20 7 17 11 3 16 5 18 6 9 2 
4 16 8 13 14 5 10 17 18 20 12 9 19 2 15 7 1 6 3 11 
16 17 3 7 8 10 13 12 20 14 15 4 2 1 18 9 19 11 6 5 
13 3 10 16 1 8 11 4 15 14 5 7 6 9 19 2 20 18 12 17 
11 3 16 18 9 4 19 15 5 6 13 12 1 2 14 17 8 7 10 20 
13 8 2 12 20 3 1 17 19 14 15 6 4 11 18 5 9 16 10 7 
11 4 3 10 16 13 17 6 5 9 1 2 20 8 7 12 19 15 14 18 
6 3 16 2 13 14 15 17 20 12 1 11 5 19 7 8 4 10 9 18 
17 5 19 14 3 9 15 18 10 16 1 2 7 20 8 12 4 13 11 6 
14 6 7 1 19 15 4 3 12 20 17 2 18 16 10 8 5 11 9 13 
2 9 4 19 10 13 20 6 17 8 12 15 7 11 5 18 16 14 3 1 
9 6 10 19 17 16 3 8 7 18 11 13 5 1 12 20 2 15 14 4 
2 8 16 13 3 20 10 11 9 12 15 19 18 5 6 7 17 14 1 4 
1 18 11 12 4 2 14 7 10 16 5 3 6 20 17 15 8 9 13 19 
6 9 15 10 2 16 1 3 7 8 11 4 18 13 5 14 19 17 12 20 
11 16
3 15
10 11
10 17
5 6
4 18
1 15
5 19
8 19
4 12
11 14
15 19
7 11
1 20
5 8
1 2
6 7
2 19
2 9
3 10
6 10
3 20
5 18
13 16
9 11
3 16
6 15
2 16
6 18
9 14
9 20
5 11
4 5
5 17
1 13
14 19
4 14
1 4
9 16
2 3
14 15
8 17
16 19
16 20
19 20
11 12
2 17
3 5
4 20
2 7
12 15
4 6
5 16
1 12
13 14
4 15
5 7
4 17
7 13
3 8
5 14
3 18
10 14
5 20
11 20
7 17
