20 20 76
8 9 13 6 11 4 1 7 19 20 3 2 15 14 16 5 12 18 17 10 
2 8 16 9 4 12 1 20 15 19 11 3 5 13 17 18 7 10 6 14 
20 8 9 18 15 5 7 19 2 17 1 10 16 4 11 3 13 12 14 6 
4 6 16 14 2 13 18 19 15 11 10 5 9 12 7 20 1 8 17 3 
16 8 17 10 11 18 1 7 9 19 14 6 20 15 4 2 5 13 12 3 
16 3 1 15 10 13 7 19 9 4 18 11 14 12 20 5 6 8 17 2 
15 19 13 7 6 5 12 8 1 10 14 20 3 17 11 9 18 16 2 4 
17 8 1 11 13 14 10 7 16 20 19 12 18 4 15 2 9 6 3 5 
5 13 4 2 12 7 10 16 6 18 19 11 3 9 17 20 1 8 14 15 
11 20 19 18 4 16 13 15 8 10 2 17 7 6 5 1 14 3 12 9 
3 5 13 14 15 12 10 8 2 6 18 16 9 20 17 19 7 4 1 11 
11 1 20 6 18 12 7 5 14 15 19 16 13 4 17 2 10 9 3 8 
7 2 5 6 10 20 11 9 15 13 19 17 4 8 18 3 16 14 1 12 
20 4 11 15 18 19 1 8 14 3 5 7 9 2 16 17 12 6 10 13 
13 18 8 14 17 15 7 20 11 9 19 4 1 5 3 10 12 16 6 2 
13 10 2 15 5 12 16 9 20 11 19 4 6 3 1 17 8 18 7 14 
4 19 12 10 3 6 18 17 2 13 5 7 11 9 1 20 15 14 8 16 
20 5 7 16 3 9 13 14 4 12 2 17 15 10 8 18 11 6 19 1 
16 15 19 3 13 20 18 17 7 9 5 2 4 14 6 1 12 8 11 10 
16 8 5 14 6 4 11 3 10 19 20 12 18 7 1 15 13 17 9 2 
11 16
10 11
2 18
5 6
2 8
7 12
4 8
1 17
17 20
10 15
8 9
18 19
7 16
11 14
2 12
3 7
7 11
16 17
12 20
6 7
4 9
2 19
3 10
5 12
1 16
10 12
13 16
8 10
1 5
7 19
9 11
7 10
15 18
3 6
11 18
6 15
11 13
4 10
7 14
2 6
9 14
12 14
14 19
1 13
2 20
7 18
4 16
9 10
4 14
3 9
14 15
8 17
4 20
16 20
2 17
7 9
15 17
3 12
6 8
1 12
4 6
10 16
7 13
4 17
12 19
1 18
6 20
3 8
1 8
11 20
13 18
8 18
7 17
11 15
6 16
9 12
