20 20 57
7 1 11 6 15 4 13 20 10 17 18 19 14 12 2 9 5 3 16 8 
19 4 12 8 3 17 14 15 11 1 2 6 13 18 16 20 10 5 7 9 
5 9 6 2 14 4 8 13 18 7 15 12 11 20 16 10 19 17 1 3 
11 13 18 17 8 7 4 5 10 16 20 19 12 15 3 6 9 2 1 14 
4 12 6 15 16 20 9 13 19 11 17 7 14 5 10 2 1 18 8 3 
3 19 2 9 5 6 7 13 14 20 16 18 12 1 11 15 4 8 17 10 
10 19 5 1 18 9 2 13 7 17 6 14 16 3 4 11 15 8 12 20 
8 3 2 1 4 17 5 19 10 14 7 9 18 6 11 20 13 16 15 12 
18 10 20 2 1 12 13 19 3 9 7 8 16 6 15 5 17 4 14 11 
5 14 2 16 18 8 12 1 17 7 9 20 19 3 13 4 15 6 10 11 
5 7 13 14 12 6 8 9 19 3 2 20 1 15 10 18 4 11 17 16 
20 6 16 19 2 18 12 1 10 15 14 17 11 7 4 3 9 5 8 13 
4 14 10 15 11 13 16 1 6 20 17 7 12 18 3 5 9 8 19 2 
9 4 18 20 1 12 11 16 19 6 8 13 7 15 17 2 14 10 3 5 
6 3 13 4 10 7 12 17 16 1 18 20 15 8 14 5 2 11 19 9 
9 19 1 15 5 11 20 6 17 13 16 14 18 2 10 12 8 4 7 3 
6 8 9 19 2 1 14 17 15 11 10 7 18 16 12 3 5 13 4 20 
9 13 16 5 1 15 4 18 12 7 2 3 14 19 6 8 11 10 20 17 
18 17 10 15 3 14 4 7 11 20 8 19 16 1 6 12 9 2 13 5 
7 8 15 11 12 5 13 4 20 2 17 18 10 19 3 16 9 14 6 1 
3 15
14 17
6 9
4 7
10 17
4 8
5 6
2 8
3 11
1 15
8 9
13 17
8 19
4 12
18 19
3 7
3 14
16 17
7 20
8 14
6 7
7 15
9 15
14 18
10 12
1 5
7 19
7 10
15 18
1 10
2 16
7 14
2 6
5 11
3 13
6 11
8 11
13 15
10 13
1 4
9 10
16 19
4 11
2 7
17 18
5 10
2 11
6 20
5 20
1 8
11 20
13 18
7 17
9 19
3 4
2 4
9 12
