25 25 120
6 11 3 10 14 7 13 16 25 18 17 9 5 12 24 21 1 20 15 8 23 2 4 22 19 
24 12 23 9 22 6 4 5 11 15 3 10 14 7 21 8 25 16 17 20 19 13 18 2 1 
4 12 9 2 10 17 18 1 8 16 25 20 22 5 19 24 3 7 23 13 14 11 15 21 6 
2 5 16 22 23 15 8 1 9 18 24 25 13 4 14 19 12 3 17 20 7 11 10 6 21 
11 24 21 22 5 2 20 4 3 7 14 19 1 25 8 15 10 13 9 18 12 16 23 17 6 
15 3 22 21 20 6 18 10 2 8 23 25 7 16 19 24 12 13 11 9 14 4 1 5 17 
2 15 20 11 1 3 21 9 18 22 12 19 10 13 8 14 5 17 16 23 4 24 25 6 7 
10 15 18 1 19 3 23 9 6 4 5 8 2 16 11 24 20 12 25 21 17 7 13 22 14 
23 16 8 19 15 24 21 17 6 18 2 1 10 11 3 20 25 22 14 4 13 9 5 7 12 
4 11 10 16 5 3 25 14 12 7 17 1 24 13 19 23 8 2 9 6 21 15 18 20 22 
19 16 6 17 5 10 22 12 18 25 9 3 8 13 14 20 11 7 15 2 4 21 23 1 24 
25 8 14 17 20 6 3 7 5 1 12 11 23 16 9 18 10 21 15 13 19 24 22 2 4 
2 21 11 16 18 24 4 1 13 25 14 7 12 19 9 22 10 23 3 15 6 17 5 20 8 
6 15 12 10 9 11 4 22 8 20 14 5 23 3 2 7 18 1 19 17 25 16 13 21 24 
24 23 4 14 21 11 6 18 19 8 16 17 25 10 9 22 12 13 20 5 1 3 15 7 2 
17 7 25 14 13 4 9 15 3 1 22 11 5 16 19 8 12 21 18 23 6 2 10 24 20 
5 23 10 18 19 21 25 3 14 8 4 20 6 22 12 2 17 15 1 11 13 16 24 9 7 
12 2 17 8 7 15 1 10 6 9 23 19 21 3 25 11 13 5 14 24 20 22 4 16 18 
14 15 23 19 11 3 5 13 9 2 10 6 24 7 8 16 12 18 20 4 17 1 21 22 25 
24 18 4 16 22 21 3 2 14 11 25 20 19 1 5 7 15 10 9 12 23 13 8 17 6 
13 6 10 2 3 23 7 9 1 4 5 21 11 16 8 12 15 20 18 24 14 19 22 25 17 
17 22 5 13 25 2 23 16 9 11 10 12 24 6 21 20 8 15 4 19 18 3 14 1 7 
25 4 12 20 10 6 2 3 7 8 13 18 15 16 24 19 21 5 17 11 9 14 23 1 22 
10 2 13 21 16 23 1 11 3 24 20 4 6 14 12 18 25 17 8 22 19 5 9 15 7 
22 20 18 3 8 11 14 9 2 16 17 25 4 10 5 19 1 13 23 7 15 6 21 24 12 
15 20
1 17
18 19
1 6
3 7
3 24
6 7
6 10
5 18
11 22
17 23
23 25
9 14
5 11
14 24
5 24
19 24
9 16
14 15
11 21
16 19
2 17
22 25
3 12
1 12
18 25
8 12
2 11
5 14
8 18
4 21
19 23
9 19
15 16
7 8
8 9
9 25
6 14
15 23
12 13
12 24
1 5
8 25
15 25
7 18
16 23
12 18
1 19
13 19
2 24
3 5
4 6
5 7
10 25
6 20
5 20
11 20
10 20
16 20
7 17
3 15
8 13
5 13
3 21
8 19
4 22
11 14
19 22
9 18
15 19
6 17
11 19
1 20
2 19
1 14
8 10
4 13
2 13
4 24
9 24
15 22
1 23
2 3
15 24
5 16
7 13
15 21
12 19
1 18
13 18
2 25
3 4
2 4
4 7
3 25
10 11
8 23
4 18
12 16
11 24
16 24
13 21
3 14
8 14
5 12
9 17
7 10
15 18
7 23
22 24
3 13
1 13
9 10
4 25
4 20
11 12
7 9
12 15
13 14
3 8
