25 25 105
13 3 7 23 4 15 20 25 12 17 8 11 9 14 1 22 10 19 2 21 5 18 16 24 6 
25 17 11 13 4 2 20 18 10 15 6 21 8 12 23 19 9 3 7 14 1 5 24 22 16 
8 1 13 12 15 3 20 17 21 22 14 4 9 11 2 25 18 16 7 19 24 23 6 5 10 
24 16 13 3 25 7 19 20 15 9 23 17 4 5 12 14 22 21 6 18 11 1 10 2 8 
22 1 12 8 24 9 10 19 16 7 6 5 14 11 3 25 20 18 15 4 17 23 21 2 13 
3 17 16 13 19 2 8 15 7 20 23 9 18 24 12 21 4 25 22 1 11 14 10 6 5 
24 20 5 14 2 18 10 21 17 4 12 15 6 8 3 22 13 1 9 11 16 7 23 19 25 
15 20 21 6 7 17 25 11 1 22 14 24 10 23 16 5 19 8 2 12 3 18 9 13 4 
17 18 23 15 14 25 8 22 10 24 12 4 16 21 6 13 7 9 11 20 5 2 3 19 1 
11 18 22 23 19 21 12 1 9 25 16 7 6 5 24 17 15 3 13 2 14 4 20 10 8 
7 5 12 11 2 14 16 20 3 21 13 25 22 15 18 10 1 8 23 24 19 4 6 9 17 
19 5 17 7 15 8 11 14 23 25 2 13 1 9 12 18 10 6 4 20 21 16 3 22 24 
5 10 11 7 23 1 17 22 16 19 20 18 15 2 8 12 24 13 21 14 6 9 3 4 25 
14 8 21 7 4 20 15 12 9 23 10 2 17 22 1 3 16 5 11 18 19 24 25 6 13 
14 24 8 15 19 3 20 7 2 17 5 13 1 10 9 6 18 25 12 23 11 21 16 22 4 
12 15 2 13 21 16 1 18 9 7 23 25 14 19 10 3 11 8 6 17 5 24 4 20 22 
17 1 2 18 20 10 8 4 21 11 14 15 25 9 12 5 7 6 3 16 13 19 23 22 24 
21 16 13 25 11 12 19 5 23 1 20 9 8 4 3 24 18 17 15 14 7 6 10 2 22 
1 19 9 6 12 14 7 8 3 20 2 10 17 23 13 15 5 4 24 25 22 21 18 16 11 
24 17 9 6 13 2 11 5 21 8 22 14 3 10 23 25 1 18 15 16 20 7 12 19 4 
12 20 5 6 16 23 8 2 17 1 13 21 22 4 14 15 19 24 11 18 25 9 3 7 10 
25 23 6 7 8 1 17 16 15 21 12 13 14 4 2 5 22 24 10 3 9 18 19 20 11 
22 13 9 16 18 1 4 17 24 8 7 12 19 14 10 20 11 15 25 2 5 6 3 23 21 
24 9 4 22 17 3 19 20 13 8 7 21 11 23 15 12 2 14 18 25 16 10 1 5 6 
13 22 8 14 10 24 19 11 3 4 9 1 5 18 20 2 25 15 17 6 23 21 12 7 16 
6 9
14 17
10 17
1 17
7 25
2 22
17 25
3 7
2 5
8 24
6 7
4 19
6 10
14 18
16 22
7 19
13 20
18 20
4 5
5 24
4 16
19 24
10 24
9 16
5 21
3 12
8 12
5 14
11 15
19 23
7 8
21 24
7 21
14 22
12 13
1 16
7 24
13 16
17 24
8 25
9 20
14 19
12 18
18 21
23 24
2 7
5 10
4 6
3 22
9 23
24 25
5 20
11 20
10 20
13 22
3 15
8 13
4 8
2 8
5 13
4 22
6 17
5 23
1 20
12 20
2 19
8 10
2 13
14 23
11 13
7 14
6 18
12 14
1 4
14 16
5 16
20 24
7 13
13 18
10 11
5 6
4 18
9 22
6 21
13 21
1 2
8 14
3 20
9 17
6 22
5 22
1 24
22 24
13 24
8 11
3 19
6 12
14 20
4 20
6 19
11 17
1 22
21 22
3 8
1 8
