25 25 105
9 7 2 4 8 10 1 24 23 5 15 22 14 21 13 11 12 20 19 25 17 3 16 6 18 
10 12 14 6 13 22 11 4 21 2 1 15 8 9 7 23 19 20 16 17 5 3 24 18 25 
17 18 7 1 10 2 13 23 6 15 19 24 9 21 3 5 16 20 25 8 4 22 12 11 14 
1 9 20 14 6 12 16 10 3 15 24 23 4 18 22 17 13 21 11 7 8 2 19 5 25 
2 4 14 3 9 7 1 8 25 21 10 15 11 16 5 18 12 17 13 24 6 22 19 23 20 
1 6 16 7 14 12 21 10 25 15 13 11 5 3 20 4 2 22 8 24 18 9 19 23 17 
4 21 8 11 18 2 14 12 1 6 24 25 10 7 13 22 23 17 9 20 16 19 5 3 15 
15 13 6 11 5 19 22 10 20 17 1 23 14 21 9 24 16 4 8 18 25 2 12 3 7 
1 18 19 12 2 17 15 23 25 6 9 20 4 22 24 5 3 10 16 11 13 21 7 8 14 
2 8 23 21 19 15 16 12 4 10 25 22 14 18 1 20 3 7 5 11 6 24 17 13 9 
1 3 8 25 10 22 21 17 19 23 16 6 18 7 5 11 14 15 12 9 2 13 24 4 20 
21 14 15 25 17 5 13 7 10 8 18 16 2 4 1 24 19 22 11 23 6 12 9 3 20 
12 23 19 14 5 6 8 9 18 4 24 11 15 7 21 13 20 22 1 3 16 2 10 17 25 
10 24 16 4 25 23 1 19 8 21 22 20 3 9 11 2 14 13 7 12 18 6 17 5 15 
19 7 21 24 4 14 12 15 11 23 9 10 16 2 1 22 3 18 8 13 25 6 17 5 20 
5 9 3 20 7 23 15 12 6 14 11 2 10 1 18 19 21 17 25 16 13 4 24 22 8 
22 11 14 15 23 1 10 3 4 25 12 5 21 16 24 17 2 6 20 18 13 7 9 8 19 
16 23 13 11 19 2 6 14 22 12 4 17 20 25 24 7 1 3 15 18 8 21 5 10 9 
8 16 3 23 22 24 18 7 25 12 11 1 9 19 13 17 5 4 14 15 2 20 21 10 6 
17 9 4 6 23 18 14 21 3 11 24 1 2 13 19 15 20 7 8 10 16 12 25 22 5 
7 25 14 10 15 6 3 12 5 16 20 1 2 8 17 13 11 19 24 21 23 18 4 9 22 
16 13 14 12 1 9 25 3 15 22 8 5 20 21 17 6 23 4 10 7 2 18 24 11 19 
10 1 19 20 17 2 6 21 22 16 14 23 7 5 11 3 12 8 25 4 18 24 9 13 15 
5 7 1 17 24 16 4 25 13 14 8 2 10 22 3 15 11 20 12 6 19 23 9 18 21 
9 15 11 12 4 21 25 24 5 6 10 18 17 1 2 22 19 20 8 3 16 14 23 13 7 
7 12
13 17
2 22
18 19
1 11
5 8
4 19
14 18
10 18
7 19
6 25
17 23
18 20
8 15
5 11
8 21
19 24
6 23
16 19
8 12
5 14
6 13
7 8
1 21
22 23
2 18
3 11
7 15
20 21
12 13
13 16
2 23
8 25
9 20
15 25
10 19
7 18
12 18
23 24
9 13
8 22
14 25
5 7
24 25
6 20
10 20
7 17
12 23
3 15
18 22
19 22
15 19
11 19
1 20
3 10
1 14
9 24
8 16
2 20
2 14
15 24
5 16
10 16
15 21
7 13
17 21
13 18
1 7
2 4
9 12
5 9
3 25
10 11
8 23
4 18
9 22
6 21
5 19
11 23
13 21
18 23
8 14
1 2
5 12
8 20
5 25
4 23
7 10
6 22
15 18
5 22
10 22
16 18
12 21
2 16
22 24
4 14
9 10
5 15
3 19
19 20
11 17
21 22
2 21
2 15
