25 25 90
16 10 8 7 11 2 18 5 1 6 17 3 12 15 23 14 19 20 9 4 22 13 21 25 24 
9 14 18 4 17 11 16 10 13 23 24 25 15 1 22 8 19 6 7 12 21 2 20 3 5 
21 10 15 2 20 17 7 18 11 5 13 19 9 16 24 25 12 14 8 23 6 3 4 1 22 
1 23 15 4 10 13 14 20 2 11 16 24 18 7 5 17 8 22 25 19 21 12 6 9 3 
7 17 5 6 19 3 16 1 4 2 9 25 14 24 10 23 20 12 18 13 21 11 22 15 8 
22 21 13 8 24 20 2 6 5 25 12 18 23 19 4 17 7 16 9 14 1 11 15 3 10 
1 5 4 23 7 20 25 9 14 16 6 11 2 8 22 15 17 24 3 13 12 21 10 18 19 
23 4 10 1 6 24 9 7 8 12 15 14 2 17 11 3 5 21 18 13 22 19 16 25 20 
22 12 7 19 18 2 17 16 23 4 8 13 3 11 20 24 14 15 9 6 25 21 10 5 1 
2 14 25 12 10 9 11 20 5 24 7 19 15 21 17 8 23 16 1 22 4 6 18 13 3 
13 6 4 20 23 25 14 9 10 8 11 24 17 2 15 3 5 19 1 21 12 22 18 7 16 
3 10 7 5 16 11 18 15 1 20 22 24 9 17 19 12 23 2 8 25 13 14 21 4 6 
21 5 10 19 18 15 11 22 4 1 2 3 23 13 25 24 9 17 8 14 12 16 7 6 20 
21 19 1 12 8 11 14 9 2 4 24 25 13 17 15 10 16 7 23 6 20 22 18 3 5 
9 18 8 23 14 22 1 24 21 19 10 7 15 11 3 6 12 13 5 20 17 4 25 16 2 
17 6 22 19 25 7 2 14 11 16 4 18 23 5 8 15 24 12 21 3 20 9 10 1 13 
1 13 3 25 6 18 16 11 24 15 7 20 4 19 9 2 14 10 17 8 5 21 22 23 12 
10 1 9 20 24 8 13 14 2 11 18 19 5 25 16 4 22 21 6 12 23 17 15 3 7 
18 20 2 11 22 4 3 21 10 23 12 7 8 24 1 19 15 14 13 5 17 6 9 16 25 
13 2 25 4 5 12 6 18 7 8 9 3 24 20 16 10 23 15 21 22 17 1 19 11 14 
8 20 24 13 10 19 4 1 17 14 21 3 11 7 23 16 9 15 2 5 22 25 12 6 18 
12 5 3 19 14 15 16 20 22 6 2 10 9 17 23 21 13 24 7 18 25 1 4 8 11 
14 20 6 15 1 10 25 13 18 24 23 16 11 9 19 22 21 12 8 4 3 17 5 2 7 
16 18 24 4 13 2 12 5 20 10 19 22 7 17 21 23 8 25 9 6 11 3 14 15 1 
17 8 24 21 25 13 9 22 20 6 7 4 12 14 1 23 10 2 3 15 11 5 16 18 19 
6 9
8 24
14 18
10 18
12 17
16 25
9 14
14 24
5 24
4 16
10 24
14 15
10 23
16 19
7 22
12 22
3 12
3 18
10 14
14 21
6 13
19 23
6 16
7 21
2 18
2 12
3 17
14 22
15 23
7 24
2 23
3 6
8 25
6 11
14 19
1 19
17 22
4 11
3 5
5 10
10 25
9 23
5 20
16 20
7 17
8 13
10 15
15 19
6 17
11 19
1 20
3 10
1 14
2 13
9 24
7 14
6 18
1 23
13 15
2 20
2 3
1 9
2 14
5 16
20 24
12 19
1 18
17 21
5 9
3 25
10 11
5 6
9 22
16 21
11 24
3 14
8 14
4 9
2 9
1 24
17 19
8 11
4 14
5 15
4 25
6 12
4 20
7 9
11 17
1 22
