25 25 120
17 16 8 5 20 19 9 24 23 4 13 15 3 21 12 6 1 18 22 25 10 14 7 2 11 
4 10 13 8 24 2 1 22 21 11 6 15 25 16 12 9 19 3 23 20 17 7 14 5 18 
1 12 20 24 3 10 4 18 7 8 25 14 23 6 15 19 17 2 13 21 22 9 16 5 11 
24 11 22 17 5 6 8 14 16 4 23 15 19 20 7 21 18 9 10 1 2 3 12 25 13 
20 4 6 14 12 1 13 23 18 24 22 25 5 3 10 21 17 19 11 16 2 8 9 7 15 
24 6 10 17 18 9 11 3 15 12 13 5 14 2 16 7 20 19 1 22 8 4 25 21 23 
6 22 20 4 11 18 9 1 16 21 19 12 24 10 15 7 3 14 23 8 13 17 5 2 25 
9 15 8 17 7 14 11 19 2 18 5 4 23 3 22 1 6 21 10 20 24 16 13 25 12 
11 25 21 18 14 1 17 6 23 16 9 15 5 8 19 22 12 3 4 10 13 20 7 24 2 
12 17 4 20 25 3 18 8 19 11 15 5 24 23 10 7 22 2 16 14 21 9 1 13 6 
17 3 14 2 24 16 13 25 23 18 22 19 15 20 12 10 8 7 5 21 9 1 11 6 4 
1 22 18 21 13 25 15 19 10 7 24 14 8 2 23 17 3 5 6 16 20 4 11 9 12 
3 5 21 11 10 25 12 1 18 2 19 9 6 22 16 15 7 23 14 17 20 4 13 24 8 
6 14 3 7 16 12 25 9 4 15 20 10 2 13 5 18 22 23 17 11 1 21 24 8 19 
20 6 4 24 10 9 16 23 11 21 3 1 7 8 17 25 19 18 22 12 15 5 14 2 13 
6 12 18 2 13 21 20 5 7 16 11 8 3 4 22 10 15 9 1 14 25 19 24 17 23 
16 7 13 23 17 14 4 6 12 25 3 2 20 19 22 24 9 1 15 10 8 11 5 21 18 
19 10 15 14 21 8 12 20 24 22 1 13 3 6 7 18 9 25 11 17 5 23 4 2 16 
13 21 25 24 8 3 15 11 2 16 6 23 18 7 9 12 19 14 17 1 10 4 22 5 20 
12 25 6 10 14 22 2 11 5 9 3 24 4 13 17 15 1 23 20 8 19 7 21 16 18 
11 3 13 24 5 18 22 4 20 8 7 19 9 1 12 23 14 17 21 25 10 15 6 16 2 
19 8 23 13 18 4 2 12 1 24 17 10 5 14 11 3 25 21 20 22 15 7 6 9 16 
13 18 7 2 20 3 14 17 19 11 6 4 10 15 1 23 8 21 22 24 12 9 16 25 5 
13 11 2 17 10 24 16 8 9 19 14 25 22 18 21 23 15 1 3 12 7 6 20 5 4 
18 11 9 5 15 24 16 10 2 7 8 19 1 6 20 4 21 17 14 3 23 12 13 25 22 
20 25
7 12
1 17
17 20
17 25
2 5
1 11
5 8
3 24
4 19
9 21
5 18
10 18
16 22
17 23
18 20
8 15
23 25
2 6
5 11
10 13
8 21
5 24
19 24
10 24
14 15
5 21
16 19
7 22
12 22
2 17
17 18
22 25
1 12
10 14
4 21
19 23
7 21
22 23
8 9
2 12
9 25
15 23
7 15
20 21
3 6
8 25
9 20
10 19
7 18
1 19
17 22
5 10
3 22
8 22
5 7
9 23
6 20
10 20
16 20
12 23
3 15
1 3
8 13
11 14
19 22
9 18
15 19
6 17
11 19
1 20
12 20
2 19
13 25
8 10
2 13
9 11
9 24
8 16
11 13
7 14
1 23
1 4
6 8
5 16
7 13
1 18
17 21
2 25
9 12
4 7
3 25
9 22
11 23
7 16
16 24
1 2
3 20
10 12
8 20
6 22
11 18
10 22
16 18
2 16
1 24
17 19
22 24
13 24
18 24
4 14
2 10
5 15
4 25
11 12
19 20
7 9
2 21
3 8
1 8
