25 25 90
10 20 18 4 17 11 22 6 9 21 5 1 19 15 14 7 23 13 25 2 8 3 24 12 16 
18 16 7 23 22 19 15 11 14 12 20 9 5 3 6 10 25 2 1 17 8 24 4 21 13 
4 15 18 6 20 5 12 10 9 13 25 3 2 11 14 7 8 1 16 23 21 19 22 17 24 
15 22 11 6 24 3 14 16 17 12 18 7 4 19 10 20 1 8 2 25 23 9 13 5 21 
13 19 8 14 1 5 6 25 10 16 17 2 3 23 20 24 7 11 22 4 9 15 12 18 21 
24 4 6 2 15 25 1 3 21 8 7 13 11 22 23 9 5 16 12 10 14 18 20 17 19 
19 5 7 21 2 20 1 8 16 24 23 15 10 9 25 18 3 4 12 6 14 17 13 11 22 
17 7 24 2 18 5 1 19 3 8 20 9 6 12 4 15 22 14 11 23 25 13 16 10 21 
1 7 24 19 20 17 16 15 23 5 10 12 25 6 4 18 3 13 22 9 14 2 8 21 11 
14 12 7 9 23 21 3 25 17 18 24 16 6 11 19 22 10 15 4 8 5 1 20 2 13 
4 5 3 2 21 13 7 19 17 11 25 14 16 18 23 9 15 20 1 6 8 24 22 10 12 
16 22 10 24 3 18 17 6 21 25 23 4 5 12 15 9 20 7 1 2 8 11 13 19 14 
25 18 16 4 17 13 12 10 5 24 3 6 23 1 9 15 19 2 21 14 20 7 8 11 22 
24 3 5 10 20 11 19 9 22 8 16 15 13 6 25 1 17 4 18 14 23 7 2 12 21 
23 2 14 24 4 25 3 8 20 6 16 17 15 21 11 13 9 18 10 7 12 19 22 5 1 
18 9 8 23 13 22 5 10 24 11 21 14 19 2 1 7 16 15 6 20 25 17 3 4 12 
20 9 23 25 14 19 24 22 7 6 4 10 3 1 12 15 21 16 2 17 8 13 18 5 11 
24 7 1 21 15 12 13 5 25 18 9 19 14 3 4 23 22 6 10 2 8 17 11 20 16 
12 3 20 9 13 18 4 17 8 19 25 11 14 6 23 10 21 22 16 15 5 1 7 2 24 
15 22 6 16 25 18 8 3 19 7 1 13 14 17 5 21 2 10 9 20 12 23 4 24 11 
13 19 16 18 8 24 25 7 2 21 6 17 11 4 15 3 22 20 14 10 23 12 5 1 9 
17 18 19 5 8 24 15 13 14 6 7 2 22 23 11 1 12 25 21 3 20 9 4 16 10 
7 22 11 1 24 6 19 5 18 14 4 21 9 3 17 23 10 25 13 20 2 15 16 12 8 
7 2 21 1 22 19 10 17 12 14 20 13 23 5 24 8 16 3 6 15 4 18 9 25 11 
22 2 9 5 17 16 13 4 10 25 6 7 19 12 15 18 24 14 11 20 21 8 1 3 23 
14 17
15 20
7 12
7 25
2 22
11 22
6 25
16 25
13 20
8 15
3 23
10 13
14 24
5 24
10 24
9 16
2 17
17 18
1 12
18 25
2 11
8 18
4 21
15 16
11 16
1 21
7 21
1 15
14 22
7 15
12 13
7 24
12 24
3 6
1 10
15 25
6 11
14 19
1 19
2 24
23 24
4 17
10 25
3 15
1 3
4 8
4 22
6 17
11 19
3 10
1 14
8 10
9 24
7 14
15 22
13 15
1 4
2 3
1 9
14 16
5 16
15 21
1 18
17 21
13 18
2 4
5 9
4 7
10 11
8 23
4 18
9 22
7 16
6 24
12 16
3 14
1 2
5 12
4 23
2 16
1 24
22 24
1 13
8 17
14 20
4 20
7 9
6 19
21 22
1 8
