25 25 105
6 16 17 19 25 4 14 24 8 22 2 11 12 18 15 21 13 5 7 1 23 20 3 10 9 
17 6 2 4 21 25 24 8 5 20 11 9 7 19 22 23 10 18 12 13 15 16 14 3 1 
9 8 15 13 19 16 21 11 1 10 20 4 18 23 25 2 12 22 6 14 7 3 17 5 24 
12 7 8 15 20 9 6 24 25 4 10 18 16 13 21 11 17 22 23 1 2 3 19 5 14 
14 11 23 3 12 10 15 7 8 16 2 13 25 4 17 19 20 18 9 21 5 22 6 24 1 
3 2 18 23 1 19 20 4 10 21 13 12 5 7 8 25 17 14 9 22 24 16 15 6 11 
5 17 2 22 19 11 25 13 10 7 1 21 12 16 3 23 18 8 9 14 24 15 4 6 20 
23 25 4 10 8 3 17 19 15 21 18 16 2 20 24 1 22 6 9 13 5 11 12 7 14 
13 18 15 10 24 11 14 23 25 5 17 16 20 1 19 4 9 6 3 2 21 7 22 12 8 
11 23 13 15 19 4 14 16 2 24 8 1 20 7 18 6 3 25 21 10 12 17 22 5 9 
14 11 12 20 13 9 5 21 16 24 1 6 15 18 2 19 8 17 23 7 4 10 22 25 3 
24 13 1 21 11 2 10 8 25 6 18 14 7 20 9 23 5 19 3 4 17 16 15 12 22 
19 18 24 14 6 10 23 8 9 3 21 7 25 11 4 22 2 17 13 16 12 1 20 15 5 
25 2 4 21 7 22 24 8 20 23 6 15 19 1 18 13 14 3 5 9 17 10 11 12 16 
15 22 4 11 21 14 9 13 20 19 6 1 2 7 3 23 12 24 17 25 16 5 18 8 10 
2 14 8 16 6 7 20 4 5 15 24 18 25 11 23 9 17 12 13 3 10 21 19 22 1 
24 11 23 18 12 25 21 15 17 3 2 4 13 16 10 1 8 22 7 20 19 5 6 9 14 
13 5 1 24 6 14 18 19 3 16 2 23 10 21 20 4 17 9 7 22 15 25 11 8 12 
15 9 4 22 24 10 2 11 25 8 21 3 13 7 19 20 14 18 17 23 6 5 12 1 16 
20 3 19 2 14 23 18 4 11 6 12 24 17 7 13 21 8 16 10 9 15 5 22 1 25 
23 6 9 2 4 7 15 18 16 20 21 12 8 10 25 5 17 14 13 1 22 24 11 3 19 
13 9 3 18 12 1 11 17 16 8 19 23 24 5 22 20 4 21 10 15 25 2 7 6 14 
24 19 12 5 13 11 2 14 22 8 3 4 7 15 1 9 21 6 23 16 17 10 25 20 18 
15 3 14 24 13 12 23 5 8 22 20 9 6 21 10 16 1 17 2 25 11 18 4 19 7 
23 4 25 11 19 17 12 14 20 2 9 10 6 16 22 3 5 8 7 13 18 21 1 24 15 
6 9
10 17
7 12
15 20
17 20
7 25
2 22
1 6
17 25
1 11
5 18
10 18
7 19
13 20
2 6
5 11
10 13
4 16
19 24
10 24
9 16
10 23
12 22
22 25
8 18
4 21
9 19
7 8
7 21
22 23
3 11
9 25
15 23
7 15
1 16
12 24
10 19
7 18
16 23
1 19
13 19
2 24
18 21
2 7
9 13
5 10
3 22
5 7
24 25
11 20
7 17
11 25
3 15
8 13
3 21
10 15
4 22
6 17
11 19
16 17
7 20
12 20
1 14
14 23
11 13
7 14
6 18
12 14
20 22
1 23
13 15
12 25
3 9
15 24
6 8
5 16
20 24
7 13
13 18
1 7
3 4
9 12
4 7
10 21
7 16
6 24
2 9
3 20
4 23
15 18
5 22
10 22
7 23
1 24
13 24
1 13
2 10
8 17
6 12
4 20
15 17
6 19
20 23
1 22
21 22
