25 25 120
13 2 8 3 17 11 5 10 24 4 7 22 9 15 12 23 1 16 14 18 19 20 25 6 21 
12 9 25 7 14 15 8 5 17 2 22 24 18 4 10 21 11 20 6 13 19 1 16 3 23 
16 6 3 13 19 21 24 12 1 5 25 14 7 22 9 18 4 11 20 8 2 10 17 23 15 
12 9 16 15 13 21 20 19 2 25 6 1 17 18 22 10 3 23 14 24 5 7 4 11 8 
5 17 4 9 13 11 1 24 25 14 23 8 21 3 16 7 10 12 6 22 20 18 2 15 19 
4 1 22 6 8 14 9 7 12 18 25 15 2 13 5 21 20 19 24 10 17 16 23 11 3 
19 11 7 20 4 14 3 2 25 16 18 15 10 21 17 24 1 22 6 13 8 9 23 12 5 
6 19 16 20 18 15 23 21 9 25 22 10 14 8 24 11 17 12 13 4 1 3 5 7 2 
17 18 24 8 14 15 19 6 13 25 2 5 20 12 1 4 11 7 10 16 21 9 22 23 3 
19 8 21 4 9 7 18 24 10 3 23 25 5 1 14 20 11 6 2 22 15 17 13 12 16 
4 1 14 13 12 10 21 9 2 8 16 11 3 6 15 17 25 20 19 24 7 18 5 22 23 
7 4 20 18 21 9 11 19 1 10 6 25 22 2 15 16 5 12 17 23 3 14 13 24 8 
13 22 9 2 3 14 11 1 12 6 17 25 4 18 15 16 7 24 21 23 19 20 8 5 10 
19 23 9 14 3 16 24 8 17 4 6 21 2 11 13 1 7 20 15 25 10 18 12 22 5 
5 19 17 23 8 1 20 14 4 21 7 13 12 16 18 9 2 6 11 25 24 10 22 3 15 
8 21 11 25 5 15 1 16 6 18 3 23 22 19 20 17 12 2 9 7 14 13 4 24 10 
20 11 17 21 15 3 9 19 1 2 23 25 5 4 6 12 7 18 16 8 14 10 13 22 24 
14 5 25 17 12 7 6 4 10 1 23 3 21 15 11 8 24 20 18 22 16 2 13 9 19 
7 10 12 2 8 6 19 22 24 21 3 16 25 18 5 4 20 11 15 1 9 17 14 23 13 
6 23 8 20 21 18 16 22 4 14 7 11 19 12 15 17 25 10 2 24 13 5 3 9 1 
6 4 23 13 17 5 18 1 2 16 25 10 8 9 19 20 15 14 24 3 22 7 21 11 12 
20 11 1 14 23 10 25 4 7 19 17 24 13 22 8 9 12 6 2 21 18 3 15 16 5 
5 24 7 19 16 2 10 17 12 13 8 11 9 4 21 15 3 1 22 20 14 6 18 23 25 
15 3 14 24 7 16 6 20 10 22 19 8 9 2 18 4 11 23 12 25 13 17 1 5 21 
5 17 3 22 1 8 7 13 23 25 4 21 20 9 2 10 6 16 24 14 11 19 18 15 12 
20 25
15 20
1 17
7 25
13 17
2 22
1 6
2 5
5 8
9 21
12 17
17 23
18 20
23 25
2 6
5 11
3 23
10 13
8 21
10 24
9 16
14 15
10 23
7 22
12 22
17 18
22 25
13 23
3 12
18 25
4 15
2 11
3 18
9 19
7 8
11 16
22 23
3 11
8 9
4 12
3 17
9 25
15 23
12 13
1 16
12 24
3 6
1 10
8 25
9 20
6 11
7 18
5 10
4 6
8 22
10 25
11 20
16 20
7 17
1 3
8 13
10 15
8 19
15 19
6 17
1 20
7 20
16 17
8 10
4 13
3 16
6 15
14 23
11 13
7 14
20 22
21 23
2 20
2 3
15 24
6 8
5 16
14 16
10 16
12 19
17 21
1 7
3 4
2 4
9 12
5 9
4 7
10 11
6 21
1 2
18 23
2 9
9 15
5 12
3 20
10 12
5 25
4 23
19 25
15 18
10 22
16 18
12 21
17 19
8 11
4 14
5 15
4 25
8 17
19 20
21 25
1 22
13 14
3 8
1 8
