25 25 105
18 12 19 22 21 25 5 23 9 20 15 24 17 6 7 16 13 3 2 10 8 1 4 11 14 
16 20 17 23 21 22 3 10 25 1 12 9 13 2 19 15 4 7 24 8 14 18 5 11 6 
18 5 24 15 8 16 23 3 10 22 2 11 19 1 21 13 20 4 14 7 12 25 6 9 17 
17 25 1 21 18 16 9 6 2 14 4 19 20 24 23 5 10 11 3 22 8 7 15 12 13 
8 16 10 12 23 18 9 5 17 6 21 2 25 22 15 19 11 20 4 3 1 7 24 13 14 
16 4 14 25 11 24 23 6 8 20 9 12 7 22 15 10 17 5 18 1 21 19 13 3 2 
24 6 9 20 14 15 18 3 23 19 25 21 7 5 13 10 16 2 17 12 8 4 22 1 11 
5 19 17 11 7 3 25 6 12 13 23 22 16 9 18 20 4 1 15 24 21 2 10 8 14 
2 22 12 18 14 7 21 5 8 24 1 17 19 6 11 9 15 10 13 16 25 20 3 23 4 
21 19 15 8 20 13 2 17 7 22 3 9 10 1 11 4 25 6 16 14 12 24 5 18 23 
25 2 4 11 15 18 23 8 22 14 12 1 21 13 3 20 5 6 16 9 17 7 24 19 10 
23 22 10 17 18 16 21 12 8 2 14 25 11 20 3 9 6 5 13 7 4 24 1 19 15 
4 9 14 17 6 12 19 22 24 23 11 18 3 10 16 15 2 13 20 5 8 25 1 21 7 
9 25 18 21 4 1 19 5 6 12 22 16 24 3 13 17 20 23 11 7 8 2 15 10 14 
1 14 5 9 16 2 21 19 12 11 3 18 22 20 6 8 15 24 25 13 7 17 4 10 23 
14 7 22 24 18 4 12 16 15 3 10 5 8 1 21 13 17 20 25 23 19 11 2 9 6 
7 24 22 23 11 4 18 2 17 14 8 21 3 20 15 9 13 6 12 19 10 5 16 25 1 
22 2 17 8 20 1 3 6 7 5 18 23 15 14 13 16 9 25 24 11 4 10 12 19 21 
1 5 21 3 20 8 17 16 7 12 15 4 25 22 9 24 23 2 18 14 11 19 13 6 10 
1 15 21 2 11 25 9 19 18 22 23 6 8 24 16 20 7 3 10 13 4 14 17 12 5 
9 17 13 23 21 12 11 8 19 10 5 16 2 1 4 18 22 14 15 20 25 7 24 3 6 
18 21 3 22 11 2 9 17 19 20 14 6 15 23 25 1 16 5 24 8 13 10 4 7 12 
7 17 3 5 13 23 25 21 1 6 10 16 22 24 12 18 19 9 11 2 20 14 15 4 8 
17 3 13 14 11 12 6 15 18 9 4 16 19 22 20 25 5 1 7 24 10 2 23 21 8 
9 24 13 12 18 11 20 8 3 6 22 23 4 1 15 10 5 2 21 7 17 19 16 25 14 
14 17
10 17
7 12
15 20
1 17
13 17
18 19
1 6
2 5
1 11
9 21
14 18
16 22
6 25
16 25
23 25
9 14
8 21
14 24
5 24
19 24
14 15
10 23
12 22
3 12
18 25
3 18
10 14
6 13
14 21
11 15
6 16
2 18
4 12
7 15
1 16
1 10
6 11
5 17
16 23
12 18
13 19
5 10
8 22
6 20
12 23
11 25
8 13
3 21
10 15
1 20
12 20
2 19
9 11
4 24
9 24
6 15
14 23
11 13
15 22
13 15
12 25
2 20
2 3
15 24
14 16
5 16
20 24
10 16
15 21
7 13
1 18
3 4
2 4
5 9
4 7
10 11
8 23
6 21
10 21
7 16
11 24
3 14
1 2
4 9
2 9
10 12
4 23
19 25
9 17
6 22
1 24
1 13
5 15
6 12
19 20
11 12
15 17
21 25
11 17
1 22
21 22
13 14
3 8
1 8
