25 25 90
22 2 25 4 6 9 14 11 24 15 18 10 3 23 8 12 5 1 17 19 13 20 7 16 21 
17 9 6 18 24 13 8 21 25 23 10 4 19 14 16 1 3 11 5 2 7 22 12 20 15 
10 22 1 9 18 16 25 11 5 8 23 4 20 24 7 6 15 2 3 17 13 12 19 14 21 
21 2 10 16 6 3 4 15 23 5 25 7 19 1 11 20 24 8 14 9 18 12 13 22 17 
12 14 5 22 9 23 11 19 18 6 24 4 17 16 20 2 8 13 21 7 15 25 10 3 1 
8 7 24 23 14 1 17 16 6 11 15 22 20 19 5 4 12 13 25 21 3 18 9 2 10 
20 9 15 16 13 17 8 19 1 2 6 12 14 25 4 3 18 7 21 22 11 23 5 10 24 
2 21 4 3 22 12 20 15 16 14 9 18 19 10 25 13 17 6 11 1 5 23 7 24 8 
8 25 16 14 3 19 7 12 10 15 21 22 2 23 13 4 20 24 9 11 6 17 5 18 1 
12 13 3 15 6 11 17 9 14 20 5 18 19 1 2 23 8 22 25 16 24 7 4 21 10 
4 16 25 23 1 9 13 21 6 20 18 14 15 19 17 3 5 12 7 8 11 2 24 22 10 
17 9 10 20 22 7 24 14 16 23 8 6 21 4 15 3 2 25 18 1 13 5 12 19 11 
6 5 12 9 17 22 19 20 1 16 21 23 14 13 7 24 3 15 18 25 2 10 8 4 11 
20 16 19 2 23 10 8 9 3 1 12 7 14 24 4 6 25 17 21 5 11 18 13 15 22 
25 17 6 9 21 22 14 2 18 8 7 24 19 16 10 20 5 4 13 3 12 23 1 11 15 
14 19 5 22 12 15 10 25 3 23 17 6 7 18 9 13 11 21 16 4 20 8 2 1 24 
2 23 3 11 17 25 22 21 7 24 5 6 13 15 4 8 19 1 14 18 20 10 12 9 16 
10 24 9 13 8 18 1 12 23 5 22 15 14 21 19 25 6 4 17 11 3 16 2 20 7 
15 7 1 24 14 4 19 12 10 25 13 11 20 3 23 5 9 16 6 2 18 22 21 17 8 
7 3 19 20 10 4 22 14 6 25 17 1 5 9 18 15 21 8 2 13 24 11 23 12 16 
20 12 14 24 5 10 21 9 7 18 19 22 2 17 8 6 13 23 4 11 15 1 25 3 16 
7 17 19 11 8 13 20 25 16 1 23 6 2 4 12 10 14 24 15 3 9 22 18 5 21 
25 17 3 1 11 6 10 12 19 4 18 9 20 13 14 15 16 5 2 8 7 24 22 23 21 
19 21 10 11 2 8 23 12 9 24 15 14 20 1 16 4 17 7 25 3 6 22 13 18 5 
12 13 4 8 16 10 2 25 9 19 17 7 6 14 15 24 18 21 23 5 22 20 11 3 1 
20 25
7 12
18 19
3 7
3 24
6 7
11 22
13 20
23 25
2 6
5 11
4 5
8 21
5 24
9 16
10 23
7 22
13 23
8 12
4 15
2 11
3 18
10 14
11 15
7 8
6 16
1 15
8 9
2 12
7 24
13 16
12 24
2 23
1 5
3 6
15 25
6 11
10 19
16 23
13 19
2 24
18 21
2 7
9 13
11 20
7 17
1 3
2 8
10 15
9 18
15 19
12 20
2 19
1 14
4 13
6 15
11 13
7 14
12 14
21 23
15 24
20 24
10 16
17 21
2 25
9 12
5 9
3 25
10 11
5 19
10 21
13 21
1 2
3 20
5 25
15 18
6 22
16 18
7 23
3 13
4 14
3 19
8 17
14 20
4 20
11 12
7 9
2 21
3 8
1 8
