25 25 120
13 15 2 7 1 5 16 3 22 14 8 21 25 11 10 24 9 12 17 4 6 23 18 20 19 
2 20 12 22 9 21 6 17 10 11 5 8 13 18 24 23 4 19 7 3 15 1 14 25 16 
17 25 13 1 3 22 5 23 21 4 24 7 12 16 10 14 6 20 2 9 11 18 19 8 15 
4 2 15 14 5 12 20 1 3 8 23 6 16 19 18 24 10 22 21 25 9 7 13 17 11 
16 13 11 10 19 23 14 17 18 5 6 7 21 1 20 3 4 2 15 8 22 12 9 24 25 
6 25 12 24 8 13 4 17 23 2 21 14 7 3 15 10 22 1 20 5 19 11 18 16 9 
7 19 18 15 22 5 6 25 20 8 10 1 14 13 2 11 24 17 23 4 9 21 12 16 3 
7 13 1 17 16 8 9 11 6 12 5 10 18 2 23 25 24 19 3 14 22 20 4 21 15 
8 3 2 13 24 10 5 6 18 20 17 22 7 16 11 4 25 21 12 19 14 23 1 9 15 
11 5 13 9 8 3 1 25 7 24 14 22 16 20 21 15 18 12 23 6 2 10 19 17 4 
14 2 5 10 3 19 12 24 21 18 9 20 6 25 1 16 8 7 4 23 13 17 15 11 22 
20 22 10 8 6 12 19 23 1 5 9 24 14 3 18 11 16 21 4 2 17 25 15 7 13 
10 6 13 19 8 23 2 14 18 24 16 5 4 21 7 11 20 1 25 9 12 15 17 22 3 
1 13 25 19 22 17 20 7 18 2 9 11 24 16 14 15 21 6 8 3 10 23 5 4 12 
18 20 14 8 1 10 9 22 25 19 2 4 23 5 3 17 15 7 24 21 13 6 16 12 11 
18 19 20 21 16 13 2 7 25 23 6 24 4 10 11 22 3 17 12 8 5 1 9 14 15 
17 6 25 18 24 13 16 5 7 23 15 12 11 21 1 2 3 14 19 8 20 10 4 9 22 
18 13 11 2 14 17 15 20 7 24 10 4 19 3 25 21 16 9 6 8 12 22 1 5 23 
15 19 12 3 22 16 6 17 24 11 14 8 5 9 23 1 2 20 21 13 10 18 4 25 7 
22 25 14 20 15 19 21 2 8 17 18 7 13 6 3 1 5 9 24 10 4 12 11 16 23 
9 4 25 19 21 14 3 24 13 1 18 2 22 17 7 6 16 12 10 23 8 20 5 15 11 
24 12 17 25 23 4 18 20 22 15 1 5 13 3 14 19 10 7 16 9 8 2 11 6 21 
9 11 25 15 16 21 2 5 20 24 3 18 14 23 10 1 22 4 19 13 8 17 6 12 7 
5 6 12 7 1 20 4 11 2 8 9 25 23 18 10 22 24 13 19 17 16 15 14 3 21 
11 2 24 23 12 8 9 10 15 1 18 20 19 7 17 25 14 13 3 4 21 16 5 6 22 
1 17
17 20
7 25
2 22
1 11
3 24
8 24
6 7
10 18
16 22
12 17
17 23
16 25
18 20
8 15
2 6
9 14
3 23
14 24
5 24
4 16
19 24
9 16
14 15
5 21
6 23
12 22
22 25
13 23
1 12
8 12
2 11
10 14
8 18
14 21
11 15
6 16
3 11
4 12
2 23
1 5
8 25
9 20
15 25
6 11
7 18
12 18
23 24
8 22
5 7
4 17
10 25
9 23
5 20
1 3
8 13
18 22
4 22
9 18
7 11
1 20
7 20
12 20
1 25
3 10
1 14
4 13
2 13
9 11
9 24
6 15
14 23
11 13
19 21
12 14
20 22
1 23
13 15
12 25
1 4
1 9
2 14
10 16
7 13
2 25
1 7
9 12
5 9
4 7
10 11
4 18
11 23
7 16
16 21
11 24
16 24
13 21
8 14
4 9
2 9
8 20
4 23
19 25
15 18
7 23
12 21
1 24
22 24
3 13
9 10
3 19
8 17
11 12
15 17
7 9
21 25
21 22
2 21
1 8
2 15
