25 25 90
23 14 8 11 5 20 4 22 24 2 1 10 15 13 21 19 18 7 16 3 6 25 12 9 17 
5 15 1 21 19 10 22 25 12 24 16 2 13 17 18 3 4 8 7 14 20 23 6 9 11 
14 12 5 18 24 17 1 16 3 2 23 21 10 11 25 20 22 8 15 19 6 7 4 13 9 
13 11 18 12 5 20 14 16 19 21 9 24 22 7 25 23 4 1 6 2 15 3 10 8 17 
22 18 19 5 3 16 17 21 14 7 2 4 8 12 6 20 10 1 11 13 15 23 24 9 25 
21 8 11 7 23 25 12 16 6 15 22 20 5 10 19 2 3 1 14 9 24 18 17 4 13 
23 16 17 3 11 8 24 20 12 21 25 13 14 10 7 2 15 19 18 9 4 1 6 22 5 
8 6 14 12 2 19 17 5 23 18 1 13 10 21 7 24 22 15 16 11 4 20 9 25 3 
8 9 25 22 24 15 21 11 20 10 19 14 4 5 3 6 2 12 1 7 18 16 23 17 13 
13 15 25 17 11 23 18 4 8 10 1 22 14 21 6 3 5 12 20 16 2 24 19 7 9 
25 23 10 4 8 13 24 20 21 17 6 5 11 15 12 22 19 14 18 3 16 7 2 9 1 
1 2 7 18 10 9 3 24 16 23 8 15 5 19 22 11 14 20 17 13 25 6 4 12 21 
19 23 13 22 7 12 4 11 3 6 18 16 24 20 10 1 2 15 5 8 14 21 17 25 9 
19 16 21 6 20 3 14 24 11 1 5 8 22 17 25 23 18 15 12 7 9 2 10 13 4 
11 16 17 5 10 23 20 1 15 14 13 2 3 18 24 6 21 22 25 12 4 8 9 19 7 
17 10 24 20 21 6 5 9 19 23 2 4 12 16 7 11 1 13 14 22 8 3 18 15 25 
17 25 10 13 21 2 23 22 15 20 16 6 4 9 7 5 24 1 14 19 11 12 8 18 3 
2 21 20 19 1 15 14 10 4 6 24 17 23 8 12 22 3 13 9 7 18 11 16 25 5 
23 14 7 17 4 12 20 11 25 3 8 18 22 15 2 19 9 6 13 10 24 16 5 1 21 
14 11 2 15 12 3 18 23 19 21 25 24 4 17 20 16 8 9 13 7 22 1 5 10 6 
13 1 18 15 22 14 5 16 6 12 21 11 2 10 7 3 24 4 19 9 25 20 23 17 8 
7 5 16 3 6 12 21 17 14 8 25 13 11 4 10 18 9 2 20 19 15 22 1 23 24 
10 3 12 6 24 7 22 21 18 4 19 9 15 23 17 5 20 2 14 25 13 1 11 8 16 
1 2 8 18 11 9 14 12 5 21 25 7 23 16 6 24 13 10 4 15 19 20 3 17 22 
12 16 15 18 20 1 19 14 7 24 23 17 9 25 2 11 21 10 22 4 8 3 5 6 13 
6 9
7 12
1 17
7 25
1 6
17 25
3 7
2 5
5 8
4 19
6 10
14 18
16 25
18 20
23 25
4 5
4 16
19 24
9 16
5 21
10 23
7 22
18 25
8 12
1 12
4 15
11 15
9 19
7 8
21 24
22 23
9 25
7 15
15 23
12 13
6 11
12 18
1 19
17 22
13 19
3 5
5 10
4 6
4 17
5 20
7 17
12 23
3 21
19 22
11 14
15 19
7 11
5 23
1 25
13 25
1 14
2 13
14 23
7 14
6 18
1 23
2 20
12 19
1 18
2 25
2 4
9 12
9 22
5 19
10 21
7 16
13 21
3 14
4 9
2 9
5 12
9 17
6 22
2 16
1 24
17 19
3 13
5 15
6 12
4 20
20 23
11 17
1 22
12 15
13 14
