25 25 90
21 16 20 8 13 5 14 12 15 25 24 4 10 22 9 2 11 6 19 7 23 3 1 18 17 
25 3 22 4 5 6 17 7 11 8 20 16 12 14 13 9 1 19 2 10 15 24 23 21 18 
20 18 15 4 21 25 24 14 2 3 17 19 8 16 1 10 9 22 13 6 5 23 12 7 11 
12 25 4 5 19 17 3 23 1 20 15 21 16 8 18 14 10 2 11 9 24 7 6 22 13 
11 5 19 12 18 2 17 20 22 13 15 23 9 16 10 14 21 8 7 1 6 25 24 4 3 
1 25 11 7 19 9 21 4 5 24 6 15 23 22 16 20 12 18 14 17 3 8 10 13 2 
1 6 23 16 18 5 22 4 15 13 7 3 2 8 19 10 17 21 20 14 25 9 11 12 24 
1 5 12 15 13 14 9 20 24 19 18 3 8 22 17 2 25 16 23 4 11 6 10 7 21 
6 16 8 3 12 20 4 15 7 24 1 17 25 13 19 14 21 10 23 22 2 18 9 5 11 
16 19 9 10 1 18 13 8 12 7 5 17 25 6 24 22 23 14 3 2 20 15 21 4 11 
21 25 2 3 6 23 16 13 8 20 22 17 19 18 12 24 14 15 10 1 4 7 9 5 11 
25 18 16 12 20 17 23 5 2 14 10 15 13 4 22 9 1 19 11 7 6 21 24 8 3 
24 10 9 8 16 5 15 2 21 1 3 17 18 6 12 22 23 7 14 13 19 11 20 25 4 
19 3 17 18 12 1 5 25 11 16 6 15 23 14 8 24 7 9 20 10 22 21 13 4 2 
18 9 17 1 4 5 10 21 2 24 20 19 14 7 22 8 15 13 6 3 16 25 12 11 23 
12 14 22 20 1 24 18 19 3 2 21 16 13 4 9 7 23 11 17 8 5 15 10 6 25 
3 11 12 8 1 14 22 9 13 15 25 23 6 21 20 17 10 19 7 18 4 5 24 2 16 
4 1 18 3 9 12 13 21 6 24 11 2 23 15 8 7 5 25 16 14 17 22 19 10 20 
21 24 8 14 1 12 6 5 7 16 15 4 25 9 3 20 18 23 17 22 19 10 2 11 13 
12 1 8 7 17 23 13 6 5 22 20 19 24 3 14 11 2 16 9 4 25 10 21 15 18 
5 24 11 10 7 18 13 15 19 20 12 22 16 25 9 8 6 1 21 3 14 23 2 17 4 
7 14 22 18 23 21 5 11 3 2 8 25 16 13 20 9 4 1 12 24 19 10 15 17 6 
8 16 22 3 25 7 15 21 18 6 10 1 9 23 14 5 17 13 12 11 20 24 4 2 19 
13 18 14 21 16 3 1 11 5 7 12 4 10 20 24 6 19 2 9 8 22 23 17 15 25 
7 6 1 17 21 22 2 24 8 19 3 9 16 12 23 10 5 20 18 13 14 4 25 11 15 
10 17
1 17
13 17
5 8
3 24
6 7
6 10
7 19
12 17
18 20
2 6
8 21
4 16
19 24
16 19
7 22
13 23
8 12
4 15
2 11
3 18
10 14
8 18
6 13
11 15
7 8
1 21
1 15
4 12
2 12
7 15
2 23
8 25
14 19
16 23
2 24
23 24
2 7
5 7
9 23
6 20
16 20
13 22
18 22
8 13
8 19
11 14
9 18
15 19
6 17
5 23
11 19
1 25
13 25
8 10
9 24
8 16
19 21
7 14
6 18
12 25
1 4
3 9
1 9
15 24
5 16
1 18
2 25
1 7
9 12
3 25
8 23
5 19
11 23
11 24
16 24
3 14
2 9
9 15
10 12
5 25
6 22
12 21
13 24
3 13
8 11
21 25
20 23
21 22
13 14
