25 25 105
8 19 9 14 4 5 24 12 23 25 13 17 11 1 10 2 16 18 20 15 3 21 6 7 22 
1 20 13 24 11 6 19 23 14 10 7 16 18 3 12 2 5 8 15 22 4 17 21 9 25 
4 12 18 10 24 25 3 16 2 15 5 14 7 11 23 6 21 20 9 17 22 13 8 1 19 
1 15 12 19 7 13 10 21 17 18 11 23 6 9 24 16 5 20 4 8 25 14 22 2 3 
23 16 3 11 20 24 8 1 25 15 17 5 14 21 19 2 9 10 12 6 13 18 22 7 4 
4 25 18 24 11 17 21 20 10 16 8 1 9 15 6 19 5 22 7 13 23 14 12 3 2 
10 19 1 23 6 8 4 22 3 25 11 20 2 7 17 24 15 12 9 16 21 18 13 5 14 
15 3 13 7 2 17 14 18 10 22 16 20 11 1 19 24 6 9 8 4 12 25 5 23 21 
6 2 21 7 22 16 23 3 5 4 11 15 9 20 10 17 1 14 12 24 18 19 8 13 25 
11 9 4 18 19 23 16 15 20 21 6 7 3 13 25 14 22 8 1 5 10 24 2 17 12 
14 9 13 25 1 12 24 19 16 5 22 4 6 7 3 10 11 23 18 15 2 20 8 17 21 
16 1 24 15 6 10 23 7 21 9 2 12 8 14 20 4 13 18 11 19 3 5 17 22 25 
25 1 8 10 16 3 17 22 15 11 24 2 7 19 6 20 9 5 21 18 12 23 14 4 13 
20 1 12 4 9 11 24 16 6 25 5 3 10 15 2 8 7 19 13 14 17 21 23 18 22 
2 24 3 11 23 25 21 22 9 6 5 19 15 20 16 4 8 1 10 12 7 17 14 13 18 
8 16 19 17 25 14 5 1 4 2 9 18 23 12 7 24 6 3 20 13 10 11 21 22 15 
8 24 12 1 21 11 13 6 25 10 3 7 15 23 22 19 14 20 4 17 5 2 16 18 9 
19 10 7 2 12 6 21 1 24 9 8 11 15 13 3 16 25 23 4 20 18 5 17 14 22 
8 4 23 6 25 11 15 1 3 17 12 9 13 7 21 22 5 16 18 24 20 10 14 19 2 
19 16 8 18 5 13 2 24 25 6 3 15 17 23 14 4 10 20 1 21 12 22 9 7 11 
16 25 10 20 17 18 1 23 6 5 8 14 19 24 15 4 13 7 12 2 9 21 22 3 11 
19 16 11 18 20 21 10 22 4 3 15 25 2 9 8 5 24 17 6 1 12 23 14 7 13 
19 4 12 17 14 20 6 16 3 25 7 22 21 2 9 13 5 24 1 18 11 8 23 10 15 
22 23 17 10 21 24 5 16 3 15 13 20 4 11 19 2 18 8 1 25 7 14 9 6 12 
17 2 19 5 8 25 13 1 10 24 6 23 16 18 15 11 7 9 20 12 3 21 14 22 4 
20 25
7 12
2 22
1 6
17 25
14 18
5 18
6 10
10 18
16 22
6 25
13 20
18 20
9 14
10 13
14 24
4 16
9 16
10 23
22 25
3 12
18 25
8 12
1 12
4 15
14 21
4 21
11 15
15 16
1 21
1 15
9 25
6 14
7 15
13 16
3 6
8 25
6 11
14 19
1 19
17 22
2 24
18 21
3 5
14 25
5 7
4 17
10 25
16 20
11 25
13 22
18 22
2 8
4 22
11 14
6 17
5 23
16 17
13 25
3 10
8 10
4 13
2 13
9 24
8 16
14 23
19 21
7 14
21 23
12 25
2 20
3 9
1 9
10 16
7 13
13 18
1 7
2 4
5 9
3 25
10 11
6 21
5 19
7 16
16 24
2 9
10 12
19 25
5 22
11 18
10 22
1 24
22 24
1 13
8 11
4 25
3 19
14 20
11 12
15 17
21 25
11 17
1 22
2 21
2 15
