25 25 120
10 24 11 3 7 22 18 4 1 13 12 2 23 6 15 17 14 16 9 20 21 25 5 8 19 
15 3 25 17 10 20 8 5 12 1 21 24 2 11 6 16 23 4 7 9 22 18 14 13 19 
24 15 20 17 16 7 19 21 8 5 22 1 9 11 25 4 13 3 14 6 18 12 23 2 10 
1 16 19 11 9 18 3 4 6 14 13 25 21 23 17 12 10 24 2 15 22 7 5 20 8 
23 13 6 1 9 22 16 14 17 15 21 19 8 4 10 20 11 12 2 24 3 18 5 7 25 
22 24 2 9 13 7 1 25 8 16 21 12 19 17 23 5 10 11 4 6 3 15 18 20 14 
8 16 25 1 3 14 22 18 17 12 13 10 23 15 7 20 4 9 5 19 2 11 21 24 6 
9 15 16 18 10 4 2 24 21 22 19 1 17 14 12 3 5 20 13 7 23 6 8 25 11 
9 12 13 18 24 2 25 1 4 20 17 21 5 23 22 8 6 11 3 16 15 10 14 7 19 
18 9 20 24 22 10 5 13 12 19 7 2 21 25 8 1 15 6 11 3 23 14 16 4 17 
8 2 12 23 18 4 14 15 20 17 13 22 24 6 9 21 25 11 10 19 3 16 5 1 7 
17 12 23 25 19 18 4 1 16 22 15 5 8 24 13 11 21 9 7 6 3 10 20 2 14 
25 8 13 15 17 16 19 3 5 10 7 1 4 20 24 14 12 9 11 18 23 22 2 21 6 
3 23 18 21 9 4 22 7 2 1 8 14 19 24 25 17 20 11 15 6 12 16 5 10 13 
21 25 9 12 14 8 4 16 7 1 11 6 3 15 22 20 23 17 18 2 24 13 19 5 10 
16 19 1 15 10 5 8 6 4 25 7 11 13 24 3 21 12 18 22 2 14 17 23 20 9 
12 25 23 18 24 16 5 3 17 6 11 4 15 9 14 10 13 22 21 1 8 2 19 20 7 
11 6 3 15 17 5 16 14 22 20 23 9 7 10 4 25 24 2 18 13 8 12 19 1 21 
15 13 25 5 12 1 9 18 14 7 11 24 2 10 6 21 4 8 17 3 19 20 23 22 16 
1 4 23 18 21 10 22 17 19 25 6 16 15 2 11 5 12 20 14 13 24 9 8 3 7 
7 16 14 2 21 4 13 3 5 18 8 1 20 11 6 25 22 23 12 19 9 17 15 24 10 
14 15 6 22 1 25 10 9 3 19 12 11 16 21 20 8 18 13 5 4 24 17 2 23 7 
4 23 15 17 14 1 7 19 12 20 8 25 16 24 18 5 13 22 9 2 3 21 11 6 10 
18 1 24 2 7 6 4 19 25 9 20 23 13 5 14 11 22 10 21 15 3 12 8 17 16 
11 16 14 9 15 13 19 20 4 5 6 22 7 25 23 1 24 8 12 18 10 21 17 3 2 
14 17
6 9
10 17
7 12
17 20
1 6
9 21
11 22
12 17
18 20
4 5
8 21
14 24
4 16
19 24
6 23
5 21
10 23
16 19
2 17
22 25
18 25
8 12
1 12
4 15
10 14
8 18
14 21
4 21
15 16
6 16
21 24
1 21
7 21
22 23
3 11
8 9
2 12
6 14
15 23
7 15
20 21
12 13
7 24
1 5
1 10
9 20
6 11
5 17
14 19
10 19
16 23
12 18
17 22
23 24
4 11
14 25
5 7
4 17
9 23
24 25
5 20
10 20
12 23
2 8
10 15
8 19
15 19
6 17
5 23
7 20
2 19
3 10
8 10
2 13
4 24
9 24
6 15
11 13
19 21
20 22
12 14
21 23
13 15
12 25
1 4
3 9
1 9
14 16
20 24
1 18
17 21
13 18
1 7
5 9
4 7
9 22
11 23
10 21
11 24
9 15
5 12
3 20
19 25
15 18
6 22
11 18
10 22
7 23
16 18
13 24
3 13
4 14
3 19
6 12
14 20
11 17
13 14
2 21
1 8
