30 30 130
12 8 2 17 4 27 26 7 29 5 28 16 9 1 21 30 15 25 11 6 10 13 24 23 3 20 19 18 14 22 
12 18 6 19 16 23 2 17 3 29 30 4 24 8 1 7 21 10 5 28 9 27 20 11 15 25 26 22 14 13 
8 15 12 26 29 6 9 23 28 14 19 7 25 18 13 3 24 22 21 4 30 17 27 1 11 2 20 5 10 16 
15 21 10 4 19 18 1 26 7 28 8 2 24 9 3 11 23 17 12 14 29 20 5 27 22 25 16 6 13 30 
22 25 8 2 7 14 5 21 23 6 10 28 15 18 26 12 24 20 1 30 29 19 3 11 13 17 9 27 16 4 
3 1 25 7 23 17 6 19 11 26 29 12 24 27 5 4 13 14 18 8 28 22 10 15 30 2 9 21 20 16 
22 14 28 30 11 15 17 16 13 8 4 12 20 18 24 10 19 29 21 23 2 3 1 7 25 5 9 27 6 26 
21 18 10 1 4 30 2 20 3 14 23 16 5 9 22 11 6 24 29 8 12 15 25 28 27 19 17 13 26 7 
2 1 4 18 25 15 21 5 27 7 8 24 3 17 29 9 6 20 19 14 30 10 16 22 12 28 26 11 23 13 
29 28 9 13 20 22 11 4 19 27 25 23 6 18 21 17 10 26 15 16 24 2 3 14 1 12 30 8 5 7 
17 7 22 6 5 8 21 12 29 1 15 18 19 28 9 16 2 4 20 3 25 11 13 24 27 30 26 14 10 23 
30 14 6 20 8 26 25 1 3 9 24 23 17 11 21 7 2 10 4 19 27 13 15 29 12 28 16 22 18 5 
3 16 20 26 13 28 18 27 11 9 25 21 24 19 23 30 4 29 7 17 8 22 6 14 12 1 10 5 2 15 
21 22 30 6 28 15 23 16 8 7 17 14 10 18 2 26 12 5 9 29 24 25 11 19 20 3 13 27 1 4 
16 6 15 3 4 2 19 26 20 24 25 27 18 21 30 10 14 11 5 1 22 23 17 28 8 29 9 12 7 13 
22 16 17 26 21 14 10 25 24 27 2 12 1 13 28 6 15 11 8 9 7 19 30 18 4 3 20 5 23 29 
3 13 23 5 24 12 15 9 27 6 22 17 20 11 2 19 10 4 8 26 28 25 30 1 16 14 7 18 21 29 
12 28 21 11 25 10 18 22 27 2 13 5 26 7 1 8 9 3 4 14 6 17 20 29 24 30 19 23 16 15 
30 16 4 24 22 13 11 10 1 7 14 20 3 9 18 17 8 6 26 12 5 25 29 19 15 27 28 21 23 2 
10 11 30 7 8 5 29 12 9 6 18 20 16 13 17 22 28 2 1 25 3 26 27 24 4 21 14 19 15 23 
20 1 16 26 11 4 23 21 7 13 18 15 22 28 27 24 30 14 8 29 17 2 25 5 6 10 3 12 9 19 
10 4 26 16 18 11 23 5 30 7 9 13 3 21 15 29 1 6 19 14 8 2 25 28 12 20 22 17 27 24 
11 14 2 28 20 12 1 10 25 9 21 23 18 7 4 19 3 27 5 6 30 22 15 13 16 29 8 17 24 26 
5 19 22 30 11 21 24 6 2 12 28 20 15 29 8 14 25 9 10 13 18 26 3 17 23 16 27 4 7 1 
7 24 10 27 21 17 14 30 2 13 3 1 5 15 11 23 6 25 4 20 8 28 19 26 9 18 16 12 29 22 
14 27 3 6 9 22 13 8 21 5 17 15 29 2 11 19 24 16 18 20 10 1 30 12 7 26 23 28 4 25 
19 30 22 28 1 5 14 23 6 2 11 18 8 17 25 15 10 12 20 16 29 27 21 3 13 7 24 9 4 26 
3 11 19 14 17 2 1 26 20 27 18 22 10 4 6 24 8 13 30 16 23 5 7 29 9 28 15 12 21 25 
17 27 14 13 5 25 6 18 30 4 10 3 20 21 8 16 19 23 1 29 24 11 7 28 9 26 12 22 2 15 
18 7 16 19 3 17 30 8 26 27 21 12 28 2 9 15 1 4 5 6 24 11 23 13 29 25 20 14 10 22 
24 30
15 20
26 28
1 11
3 24
4 19
6 10
10 18
16 22
11 27
1 28
16 25
12 28
2 27
18 20
4 10
9 14
4 16
10 24
9 16
14 15
5 21
10 23
16 19
6 26
12 22
17 18
18 25
1 12
23 28
3 18
6 13
4 21
9 19
12 27
3 11
1 15
8 9
4 12
3 28
8 28
15 26
6 14
20 26
15 23
6 29
21 27
20 21
12 13
13 16
2 23
8 25
14 28
4 28
9 20
15 25
14 19
24 28
16 23
21 30
26 30
16 26
2 24
23 24
4 11
2 7
10 25
11 20
10 20
22 30
1 3
4 8
28 29
2 8
10 15
9 29
8 19
14 26
11 14
10 26
1 25
13 25
18 27
2 13
9 11
3 16
9 24
8 16
14 23
1 23
1 4
2 14
14 29
11 29
1 18
7 30
13 18
4 18
9 22
6 21
20 29
12 16
11 24
3 14
27 29
1 2
28 30
5 12
3 20
10 12
10 27
6 22
7 23
2 16
22 24
1 13
8 11
18 24
4 14
3 30
8 30
3 19
6 12
15 17
6 19
7 9
7 26
21 22
13 14
4 30
