30 30 174
30 6 3 13 2 16 15 9 18 28 11 29 1 21 17 27 8 12 20 10 14 19 22 24 5 7 4 23 26 25 
12 9 28 2 30 17 23 19 27 24 8 22 21 1 18 7 3 20 10 11 5 29 16 6 25 26 14 4 13 15 
24 10 3 7 28 13 25 17 12 16 20 26 14 19 21 1 30 18 9 22 11 29 2 27 8 6 5 4 23 15 
23 11 12 13 22 6 9 17 25 28 19 21 7 30 1 10 29 4 5 24 27 15 3 18 8 14 16 20 2 26 
9 4 14 25 19 21 1 30 22 29 15 3 2 5 12 10 18 7 17 11 26 27 8 16 20 24 28 23 6 13 
26 5 11 10 13 20 25 15 19 14 3 17 22 28 21 27 30 6 24 18 16 12 1 7 8 9 29 4 2 23 
13 12 15 2 30 4 6 10 23 28 29 7 25 3 18 9 24 27 17 5 19 20 21 26 16 11 14 22 8 1 
21 5 26 17 4 8 14 15 30 25 3 6 1 11 23 9 16 28 22 7 2 27 10 18 24 12 13 19 20 29 
28 14 12 27 19 13 26 5 6 9 30 25 22 1 10 7 29 18 21 2 17 24 11 4 16 3 20 15 23 8 
13 28 29 16 22 30 26 2 24 3 9 19 6 7 20 25 27 12 4 14 5 8 18 1 17 15 23 11 21 10 
9 1 11 27 22 26 2 28 14 29 7 4 12 20 21 18 10 6 25 8 16 24 23 30 5 15 13 19 17 3 
9 12 1 8 27 4 29 14 2 16 18 7 25 19 6 15 5 17 21 10 28 26 24 13 11 3 22 20 23 30 
12 28 23 13 4 27 16 18 21 15 8 5 24 30 7 26 25 1 29 3 14 20 2 22 10 17 9 6 11 19 
8 25 16 18 15 26 1 30 24 4 29 11 7 21 12 9 14 6 22 27 2 13 10 28 17 5 19 23 20 3 
2 11 25 21 24 28 9 20 14 30 7 15 5 22 19 1 13 17 3 23 18 29 8 12 26 16 4 6 27 10 
13 29 15 18 1 23 10 17 27 2 19 25 8 4 22 6 28 12 21 16 26 9 7 11 20 30 14 3 5 24 
21 17 15 6 19 22 16 27 9 23 14 24 1 11 7 29 28 3 4 30 13 8 18 10 12 25 26 20 2 5 
22 21 24 27 4 6 19 30 26 9 2 10 12 8 5 11 23 18 29 25 16 20 7 1 28 3 13 15 17 14 
5 18 10 30 12 6 26 19 3 2 13 27 15 29 23 25 21 17 14 16 7 20 11 4 1 8 28 24 22 9 
27 2 18 15 29 25 22 16 28 10 17 30 6 8 9 20 5 21 24 26 3 19 7 1 23 13 4 11 14 12 
22 29 9 13 25 30 26 16 10 21 3 11 7 8 18 15 12 28 19 27 1 2 6 20 17 4 24 5 14 23 
22 11 21 23 8 9 4 12 14 6 10 2 7 24 18 19 30 3 1 27 20 16 13 29 5 15 25 28 17 26 
5 9 8 11 3 2 7 19 22 10 13 21 26 29 23 27 17 12 14 18 28 20 15 24 6 1 25 30 4 16 
1 13 15 19 29 8 27 18 16 5 30 6 28 17 10 24 11 9 4 3 22 21 7 26 2 25 23 14 20 12 
24 28 13 18 20 4 29 25 14 11 5 21 22 6 30 12 10 15 8 1 7 3 16 27 17 2 23 26 19 9 
6 13 21 15 25 12 2 16 4 17 11 18 20 7 10 29 14 3 28 1 22 30 8 5 9 23 26 27 24 19 
27 15 3 11 8 4 6 20 18 25 1 19 5 30 17 14 9 13 10 2 29 28 21 22 26 23 16 12 24 7 
6 2 12 10 20 15 3 24 14 29 13 9 23 18 11 27 19 1 25 30 8 5 7 17 21 28 22 4 16 26 
1 9 28 10 21 17 13 4 15 27 19 2 11 20 24 5 22 23 12 14 25 26 29 7 3 16 8 6 18 30 
10 1 20 16 23 13 11 12 18 30 6 27 15 4 29 26 22 5 19 2 25 28 8 21 17 14 9 24 3 7 
9 26
20 25
10 17
15 20
21 28
11 28
1 17
7 25
2 5
18 30
4 19
19 29
15 30
6 25
12 17
1 28
17 23
7 28
8 15
23 25
4 10
4 5
10 13
8 21
6 23
5 21
7 22
17 18
22 25
13 23
2 28
1 12
8 12
2 11
5 14
10 14
6 13
10 29
21 24
22 23
2 18
1 26
17 29
22 26
3 11
18 26
8 28
9 25
6 14
10 30
7 15
15 23
12 13
1 16
26 29
16 29
17 24
1 10
3 27
14 28
9 20
24 28
6 11
7 18
6 30
16 23
11 26
17 22
16 26
22 29
13 19
12 29
2 24
4 11
9 13
19 27
9 23
15 28
6 20
7 17
6 27
1 30
22 30
13 22
18 22
4 8
5 13
14 26
5 26
6 17
5 23
11 19
3 10
2 30
8 10
4 13
2 13
9 11
4 24
6 15
7 14
12 14
11 30
1 23
7 27
2 20
1 4
13 28
3 9
3 26
4 29
9 27
6 8
20 24
15 21
7 13
12 19
11 29
16 27
13 18
27 30
17 26
23 27
3 4
5 9
3 25
10 11
5 6
5 19
11 23
25 27
7 29
16 24
13 21
27 29
18 23
1 2
2 26
4 9
28 30
2 9
9 15
10 12
9 28
8 20
4 23
7 10
6 22
15 18
11 18
1 24
17 19
22 24
3 13
18 24
23 29
9 10
5 15
4 25
3 19
14 20
4 20
10 28
25 28
15 17
20 23
7 26
12 26
2 21
17 30
3 8
1 8
2 15
19 30
