30 30 152
17 9 23 6 24 30 12 19 10 27 11 26 21 14 4 7 18 20 2 5 3 25 8 1 13 29 15 16 22 28 
19 27 28 29 6 2 11 3 7 8 12 5 17 24 20 21 15 26 14 13 30 1 9 25 23 18 22 16 4 10 
6 4 3 21 2 30 28 20 23 9 1 25 7 5 10 11 29 12 13 17 22 15 8 14 26 16 18 24 27 19 
1 11 6 22 27 17 13 15 29 4 7 23 30 25 19 9 10 24 8 18 28 26 3 21 2 16 12 20 5 14 
24 29 18 17 8 19 5 15 4 12 30 21 22 6 2 9 10 14 20 16 25 27 13 7 3 28 11 1 26 23 
26 18 3 22 10 9 25 29 23 30 16 8 5 4 21 11 19 27 2 20 14 13 28 15 24 12 1 7 17 6 
8 3 26 28 5 19 12 9 14 27 18 25 29 13 11 24 6 10 1 21 20 16 22 30 4 2 23 15 17 7 
24 5 25 1 27 11 19 14 30 7 29 2 18 6 3 23 13 15 28 26 16 20 12 8 4 21 17 22 10 9 
14 1 16 20 30 17 9 2 12 21 18 11 3 22 13 8 6 10 5 15 25 29 19 28 24 27 26 7 23 4 
4 24 18 3 1 16 23 28 26 25 27 21 30 20 6 8 15 22 10 13 7 17 11 29 2 19 5 14 9 12 
12 6 17 4 22 2 16 15 1 28 30 3 9 26 13 19 25 24 5 14 20 27 7 29 10 21 11 18 8 23 
5 19 17 4 15 11 1 27 10 2 8 7 16 12 25 9 21 28 30 26 20 3 14 24 29 13 6 22 18 23 
9 11 30 29 12 15 8 22 24 3 28 17 7 16 20 10 2 27 18 1 26 21 23 4 25 6 5 13 19 14 
5 27 2 19 12 1 4 28 9 21 26 25 20 24 13 10 29 14 30 16 11 8 15 3 22 6 18 23 17 7 
14 2 27 24 19 25 30 10 21 1 13 23 6 17 18 4 20 12 11 16 26 7 28 5 9 8 22 15 3 29 
11 24 23 5 30 18 22 8 2 25 15 20 16 1 27 17 7 3 14 13 10 12 26 6 21 29 28 19 9 4 
18 13 24 25 7 15 19 9 21 28 22 2 20 11 3 12 29 17 14 26 4 16 27 1 30 10 6 5 23 8 
10 9 24 6 3 19 13 12 17 1 26 30 8 16 11 14 7 21 23 15 28 2 22 29 27 4 18 25 5 20 
29 15 8 26 19 5 13 9 16 24 23 3 18 21 20 30 25 12 11 2 17 4 6 28 1 27 22 7 10 14 
28 23 1 20 7 12 15 13 27 16 9 26 30 25 3 5 11 29 22 17 24 4 14 2 10 8 6 21 18 19 
17 21 8 19 9 26 10 16 30 5 18 25 22 6 27 3 23 2 28 20 1 11 24 12 7 13 4 14 29 15 
14 27 20 18 15 6 23 8 13 1 7 17 25 29 4 5 16 30 26 21 19 9 11 2 24 10 22 28 12 3 
27 11 13 29 21 9 14 8 23 5 15 26 19 3 12 24 25 20 18 16 7 6 28 1 17 10 2 30 22 4 
4 28 19 29 21 7 16 10 9 6 23 20 17 11 26 30 27 13 5 8 18 22 24 1 2 15 12 3 25 14 
24 6 18 29 1 11 13 20 3 25 23 7 2 16 15 14 26 19 17 5 4 28 30 10 22 12 9 8 21 27 
9 25 12 30 5 15 10 16 21 18 26 7 22 4 23 6 29 8 14 20 11 27 17 1 19 13 28 3 24 2 
25 16 21 28 5 4 19 8 23 3 12 24 29 6 18 20 30 9 17 10 15 13 26 1 27 22 14 2 7 11 
27 20 3 15 7 25 29 12 2 8 17 28 4 22 1 6 30 13 5 16 11 18 23 19 9 14 21 10 24 26 
12 13 9 24 25 30 21 28 4 22 19 7 26 15 27 5 2 6 20 18 16 23 17 10 1 11 8 29 14 3 
4 15 16 11 3 1 8 27 23 30 19 7 14 25 17 24 18 2 10 28 26 13 21 20 9 5 6 29 22 12 
9 26
14 17
20 25
15 20
11 28
17 20
16 28
1 6
23 26
2 5
4 19
14 18
5 18
20 30
10 18
16 22
6 25
7 28
22 28
2 6
9 14
10 13
8 21
4 16
5 21
11 21
2 28
8 12
4 15
14 21
10 29
7 8
6 16
21 24
11 16
13 26
1 15
2 12
9 25
15 26
6 14
25 30
6 29
12 13
1 16
26 29
7 24
13 29
3 6
19 28
15 25
6 11
10 19
16 23
7 18
21 30
12 18
6 30
26 30
17 22
16 26
13 19
2 24
17 27
23 24
9 13
5 10
4 6
3 22
4 17
19 27
10 25
9 23
15 28
6 20
10 20
7 17
12 23
11 25
1 30
2 29
5 13
9 29
5 26
19 22
11 19
2 19
13 25
3 10
18 27
8 10
5 29
20 27
11 13
19 21
15 22
21 26
11 30
16 30
13 15
12 25
3 9
2 3
18 28
1 9
3 26
14 29
9 27
1 18
17 21
16 27
13 18
12 30
4 7
3 25
8 23
14 30
5 6
24 26
6 21
6 24
12 16
7 29
1 2
18 23
4 9
2 9
10 12
9 28
5 25
10 27
9 17
15 18
11 18
12 21
17 19
23 29
8 30
3 19
5 28
4 20
11 12
10 28
12 15
7 26
21 22
13 14
17 30
3 8
3 29
2 15
8 27
