30 30 174
29 16 24 12 30 3 5 2 27 7 11 26 13 6 23 9 25 20 28 21 4 22 15 18 1 17 19 10 14 8 
18 11 20 14 13 4 29 22 24 17 19 26 21 1 28 16 23 8 10 25 15 5 2 30 12 7 3 6 9 27 
2 12 22 18 28 30 14 4 21 10 15 11 9 3 25 29 24 27 20 16 13 26 17 6 7 23 5 19 1 8 
28 16 20 19 10 15 8 4 26 5 22 13 21 29 14 11 30 2 12 25 1 6 23 24 7 17 9 3 27 18 
17 19 6 15 24 28 13 11 30 27 18 7 1 25 20 21 9 2 22 3 26 12 16 5 8 4 14 23 10 29 
5 19 7 3 29 14 15 12 22 26 18 6 27 28 1 30 21 11 17 10 24 23 13 4 20 2 9 16 25 8 
16 17 28 13 9 3 23 18 19 1 4 20 6 2 27 14 12 29 10 7 5 8 24 26 21 30 25 22 11 15 
5 30 27 24 16 29 22 1 21 7 26 3 14 28 2 19 25 12 6 10 13 23 8 11 18 17 9 20 15 4 
22 14 2 3 7 23 5 15 4 9 25 8 16 18 20 17 21 29 6 12 19 26 10 30 28 11 24 1 13 27 
25 7 2 3 23 15 19 18 22 4 26 11 8 27 1 16 28 5 17 13 30 9 6 29 10 14 12 20 21 24 
5 27 28 1 4 15 17 12 18 8 6 24 11 21 2 16 26 13 30 14 3 25 19 9 10 29 22 23 20 7 
9 29 18 16 7 30 22 23 24 11 1 4 25 2 5 28 20 15 17 6 3 26 12 13 14 19 10 8 27 21 
12 10 25 7 21 13 9 3 8 19 11 26 22 4 5 20 1 28 18 2 29 27 17 6 14 30 16 15 23 24 
15 25 5 11 26 16 10 19 9 23 28 17 27 21 2 6 24 3 14 13 30 12 18 20 1 7 29 8 4 22 
7 12 10 18 27 13 17 11 15 25 1 29 24 26 30 16 19 21 6 20 8 9 2 23 14 22 5 3 28 4 
9 23 7 5 27 12 8 15 16 10 22 30 6 19 3 21 11 14 13 28 20 26 4 25 1 17 2 24 18 29 
26 25 28 13 9 11 6 7 18 21 5 1 30 10 22 8 17 3 14 20 19 16 29 2 4 24 23 27 12 15 
14 22 5 25 28 20 21 7 23 26 2 6 12 3 16 9 4 29 1 17 30 8 10 13 24 15 11 18 27 19 
28 1 18 20 3 5 8 29 22 17 23 21 26 27 30 7 2 9 4 24 12 11 25 19 16 14 10 6 13 15 
8 13 4 2 20 28 27 24 19 3 6 1 16 10 21 14 18 15 30 9 26 22 23 12 25 11 7 17 29 5 
6 1 11 19 8 9 12 7 22 25 30 5 24 3 26 14 10 20 29 17 16 15 18 4 28 21 13 27 23 2 
4 14 21 29 2 19 18 6 8 12 20 5 9 27 25 30 16 17 10 23 15 28 7 24 1 26 11 13 3 22 
2 8 30 20 19 18 6 10 11 4 9 12 22 21 16 1 17 25 14 24 29 3 23 5 27 7 15 28 26 13 
1 17 25 18 8 13 14 16 22 30 15 27 5 26 29 21 19 28 20 7 23 2 4 12 11 10 24 3 9 6 
6 13 18 7 21 29 10 27 26 16 9 12 25 1 8 20 15 22 30 19 24 2 4 23 14 5 28 17 11 3 
14 10 1 9 13 19 23 16 25 29 17 5 30 26 11 22 27 20 24 15 3 2 7 21 4 12 28 18 8 6 
19 12 10 8 6 26 2 29 5 27 16 23 21 15 3 28 22 25 18 9 1 20 14 13 7 17 30 24 11 4 
16 4 30 25 7 15 18 22 24 26 14 19 17 27 28 29 13 8 6 21 5 10 12 11 9 1 23 3 20 2 
23 30 27 29 13 25 28 3 11 15 9 18 22 26 6 21 5 10 12 2 8 17 20 4 19 14 1 24 7 16 
11 29 5 26 28 25 20 23 22 1 6 14 15 16 21 7 12 17 30 13 8 10 27 19 2 24 9 18 3 4 
14 17
10 17
7 12
6 28
7 25
16 28
13 17
2 22
17 25
13 30
1 11
18 30
4 19
24 27
14 18
5 18
15 30
10 18
16 22
6 25
1 28
2 27
4 10
2 6
5 11
29 30
19 24
15 29
5 21
11 21
7 22
6 26
12 22
17 18
22 25
13 23
2 28
8 12
4 15
5 14
4 26
14 21
4 21
19 23
10 29
7 8
6 16
21 24
1 21
22 26
13 26
18 26
8 28
9 25
6 14
5 30
25 30
21 27
12 13
26 29
1 16
16 29
12 24
17 24
3 27
8 25
21 30
12 18
23 24
4 11
3 5
2 7
4 6
3 22
14 25
10 25
6 20
11 20
16 20
11 25
22 30
13 22
1 3
28 29
4 27
3 21
10 15
9 29
8 19
5 26
19 22
9 18
7 11
15 19
6 17
11 19
2 30
1 14
8 10
2 13
9 11
3 16
5 29
19 21
15 22
6 18
12 14
13 15
12 25
2 20
3 9
3 26
2 14
4 29
9 27
24 29
14 16
20 24
21 29
12 19
1 18
16 27
13 18
12 30
27 30
17 26
4 7
5 6
4 18
24 26
6 21
20 29
11 23
11 24
1 29
16 24
13 21
3 14
2 26
28 30
2 9
9 15
3 20
9 28
5 25
19 25
9 17
10 22
2 16
1 24
3 13
18 24
8 11
2 10
3 19
14 20
6 12
4 20
11 12
10 28
15 17
6 19
7 9
20 23
21 25
26 27
7 26
21 22
2 21
17 30
13 27
2 15
8 27
4 30
