30 30 152
7 25 19 3 20 27 6 16 29 23 11 13 5 17 14 30 24 10 4 22 15 18 26 1 12 21 2 9 28 8 
25 26 27 4 9 15 13 3 23 5 22 11 10 29 28 2 21 14 24 8 19 30 18 7 12 20 1 6 16 17 
28 23 1 2 27 4 19 29 10 3 7 11 8 25 26 15 20 6 21 24 16 18 5 12 17 30 22 14 9 13 
13 8 22 16 24 20 19 15 1 30 26 6 27 23 7 10 14 25 12 9 3 29 17 21 5 11 4 2 28 18 
29 27 2 23 26 24 22 14 4 9 7 21 30 13 3 25 20 15 16 19 5 28 18 6 8 17 12 1 10 11 
30 21 3 12 26 24 17 23 1 25 18 29 28 11 14 9 13 7 20 8 19 6 16 10 15 5 2 4 22 27 
14 6 30 15 29 2 7 13 5 20 25 22 4 24 27 3 21 9 16 17 28 26 12 10 23 19 11 1 18 8 
26 7 25 29 15 9 4 20 13 28 3 11 16 22 14 21 27 19 6 12 10 23 17 2 30 18 1 8 24 5 
30 1 22 3 25 28 9 24 20 10 26 2 7 8 4 14 19 17 5 16 15 18 23 12 29 11 21 6 27 13 
3 26 12 19 30 17 2 4 22 14 29 11 5 10 27 15 23 6 28 25 7 20 21 16 13 18 8 1 24 9 
18 28 3 11 7 2 15 19 4 17 21 1 29 5 14 16 25 27 24 8 30 26 9 13 22 12 10 23 20 6 
21 26 14 20 13 8 19 1 4 23 2 16 11 27 22 6 3 10 9 28 30 15 7 24 29 25 17 5 12 18 
19 4 8 26 30 13 5 25 3 22 20 6 14 28 16 27 17 2 7 18 1 24 9 11 29 10 15 21 23 12 
13 9 18 5 8 1 30 25 28 26 6 20 12 3 29 2 10 27 17 11 21 4 22 7 15 14 23 24 19 16 
17 24 15 16 26 7 20 9 22 13 28 6 11 14 3 4 30 2 12 18 21 5 8 27 1 29 19 10 25 23 
13 7 2 9 8 6 5 12 18 10 29 28 17 19 15 25 16 22 23 4 24 11 14 21 3 30 26 20 1 27 
27 19 23 25 24 13 15 14 20 11 29 6 4 17 7 26 5 30 16 1 10 8 18 21 12 28 22 2 3 9 
19 28 25 9 3 6 24 20 27 21 11 23 30 17 5 29 2 16 26 12 18 7 22 15 13 8 4 1 10 14 
12 10 22 2 15 16 18 8 11 30 14 28 23 17 25 26 4 9 20 6 3 7 21 5 13 1 27 29 19 24 
20 22 23 19 2 25 28 10 30 11 29 4 12 9 18 24 3 8 21 7 26 16 15 13 1 27 14 17 5 6 
15 12 11 28 16 27 19 30 25 21 5 26 14 29 13 9 24 17 4 7 6 3 20 2 1 22 8 10 18 23 
5 24 29 11 10 26 21 19 12 9 28 18 25 4 15 22 8 20 2 27 1 13 17 16 7 3 23 6 14 30 
3 14 22 11 17 16 13 12 20 21 18 25 2 30 26 6 1 9 10 24 28 4 15 5 8 7 27 19 29 23 
5 15 19 12 30 13 21 14 29 9 20 17 16 3 25 1 18 7 6 27 4 2 23 24 8 10 28 11 22 26 
26 24 17 30 5 28 9 23 14 2 3 1 29 13 12 20 10 7 18 15 16 8 22 27 6 21 25 4 19 11 
1 19 21 4 14 26 3 7 30 6 29 20 28 5 13 23 22 9 16 12 10 2 8 25 24 15 11 18 17 27 
1 7 5 26 24 21 30 14 12 22 6 16 2 23 29 18 17 19 15 25 13 3 27 28 11 8 4 20 9 10 
1 4 14 24 11 16 2 19 15 30 25 8 10 13 9 6 26 28 23 21 12 22 5 7 18 3 27 29 20 17 
26 11 19 6 14 24 2 21 5 17 8 30 27 22 29 15 20 23 18 16 4 12 10 13 1 3 7 28 25 9 
15 7 28 4 25 16 1 10 2 17 5 6 27 3 29 21 9 13 23 14 22 11 20 8 24 18 30 26 12 19 
15 27
14 17
20 25
7 12
21 28
11 28
1 17
16 28
18 19
3 7
2 5
3 24
4 19
19 29
9 21
24 27
20 30
25 26
12 17
17 23
16 25
13 20
18 20
8 15
2 6
9 14
14 24
5 24
9 16
15 29
14 15
5 21
10 23
7 22
6 26
12 22
2 17
13 23
2 28
1 12
8 12
18 25
4 15
5 14
9 30
6 13
5 27
4 21
19 23
9 19
6 16
12 27
17 29
8 9
2 12
15 23
6 29
16 29
13 16
12 24
2 23
17 24
3 6
3 27
8 25
4 28
9 20
24 28
6 11
5 17
7 18
1 19
2 24
17 27
3 5
5 10
4 6
8 22
24 25
6 20
5 20
7 17
6 27
12 23
11 25
3 15
2 29
1 3
8 13
4 27
5 26
4 22
11 14
6 17
7 20
12 20
17 28
3 10
2 30
9 11
14 23
5 29
20 27
7 14
21 23
12 25
3 9
3 26
2 14
14 29
20 24
10 16
15 21
21 29
27 30
17 26
3 4
2 4
5 9
4 7
6 21
20 29
7 29
27 29
18 23
8 14
28 30
2 9
15 18
7 10
5 22
11 18
10 22
7 23
1 24
3 13
8 11
23 29
8 30
5 15
3 19
8 17
6 12
5 28
4 20
10 28
11 17
12 26
17 30
18 29
3 29
8 27
