30 30 130
19 22 10 28 9 6 5 25 30 21 16 14 24 3 1 27 11 2 18 23 7 4 13 12 15 29 8 17 26 20 
15 18 28 8 4 17 22 25 21 23 29 2 30 7 27 20 11 6 14 10 9 3 26 24 12 1 19 13 5 16 
30 9 23 13 4 6 24 8 26 14 25 27 16 11 19 21 2 22 10 18 7 20 1 17 15 5 3 28 12 29 
28 19 30 27 12 25 7 24 29 4 18 10 9 2 23 13 6 8 17 16 15 3 5 20 1 21 22 14 11 26 
21 26 4 9 12 6 7 14 23 29 2 27 19 28 25 16 15 8 20 1 13 17 24 10 3 11 18 5 22 30 
23 12 2 20 10 16 30 17 29 7 5 9 13 3 8 25 11 26 24 27 1 4 22 14 21 18 15 28 19 6 
30 13 12 7 15 1 28 27 17 11 21 6 14 25 19 2 18 16 23 3 26 10 8 20 24 9 4 22 29 5 
29 3 13 10 12 24 17 18 26 15 14 11 19 30 28 8 22 21 6 27 4 20 9 2 1 7 25 23 16 5 
4 25 15 26 8 29 19 17 14 2 24 5 30 16 13 7 11 20 22 23 12 9 28 27 18 6 3 1 10 21 
15 16 27 13 1 4 19 11 29 20 23 9 18 24 26 30 6 10 17 5 25 21 14 2 8 22 3 28 12 7 
24 20 8 23 12 7 11 16 10 25 15 6 4 21 26 3 14 29 27 5 13 1 19 17 9 22 28 18 2 30 
18 6 20 19 28 9 25 15 17 1 7 29 26 13 23 12 16 11 14 10 24 27 8 22 2 21 5 4 3 30 
6 23 2 1 15 30 27 16 17 21 28 20 7 22 10 13 3 29 8 18 24 5 9 14 11 25 12 26 4 19 
29 26 12 7 14 21 24 11 20 23 10 27 15 5 13 3 6 16 25 17 19 28 22 4 9 2 8 18 1 30 
10 12 16 25 14 11 20 3 9 15 18 27 7 22 29 8 28 17 24 4 5 13 2 30 19 1 21 6 26 23 
24 17 30 6 14 4 12 25 2 29 19 10 27 9 1 7 20 5 23 15 13 28 26 21 8 22 3 11 16 18 
16 28 14 10 13 1 23 22 11 6 27 24 8 25 30 2 3 21 26 15 9 29 4 12 7 18 17 19 5 20 
3 29 28 9 13 4 5 15 1 16 30 20 8 12 6 17 18 23 21 2 24 7 22 11 27 19 14 10 25 26 
19 17 3 28 9 25 18 6 20 7 22 23 26 16 29 21 5 13 4 30 15 10 11 8 14 27 1 2 24 12 
21 29 28 3 13 10 26 15 17 20 16 24 30 22 19 12 4 25 6 1 5 9 2 23 7 8 18 11 27 14 
12 5 19 17 21 23 14 29 8 22 18 4 30 6 11 28 10 20 16 2 15 25 7 3 1 24 26 9 13 27 
20 30 16 8 3 18 7 2 10 1 27 21 9 26 5 6 29 15 4 22 14 12 23 25 24 19 13 11 17 28 
3 21 24 2 4 12 7 20 19 27 11 6 30 22 15 13 29 26 14 9 8 17 28 1 5 16 25 10 18 23 
26 28 10 22 6 16 3 8 24 2 19 17 30 4 14 13 21 1 23 20 11 5 7 12 18 25 27 9 29 15 
21 26 28 6 2 23 4 14 19 10 17 24 13 8 7 22 16 3 30 27 12 1 29 18 5 11 25 15 9 20 
1 23 6 3 9 17 5 18 30 12 10 2 11 28 19 24 15 16 7 4 14 27 29 13 20 26 22 25 8 21 
30 7 10 24 23 19 18 26 21 20 16 9 14 5 27 22 4 28 2 1 25 8 3 15 17 6 13 11 29 12 
30 18 5 16 17 1 6 26 2 22 21 25 29 3 8 27 23 11 15 10 9 4 12 7 14 28 24 20 13 19 
8 3 22 6 19 26 27 11 9 14 1 20 23 13 30 5 10 12 7 15 25 28 18 21 24 2 4 29 17 16 
14 10 28 27 9 29 23 4 26 20 11 1 18 24 2 25 17 13 30 16 22 12 7 5 19 15 21 8 6 3 
20 25
11 28
13 17
23 26
1 11
5 8
3 24
6 7
14 18
5 18
20 30
25 26
12 17
17 23
13 20
8 15
9 14
5 11
10 13
8 21
14 24
5 24
9 16
10 23
6 26
17 18
13 23
3 12
2 11
5 14
6 13
5 27
4 21
7 8
21 24
22 23
13 26
3 11
8 9
4 12
2 12
3 17
25 30
7 15
12 13
7 24
17 24
14 28
4 28
24 28
6 11
15 25
6 30
11 26
1 19
2 24
18 21
17 27
3 5
9 13
5 7
4 17
19 27
10 25
15 28
5 20
20 28
22 30
9 29
8 19
5 26
9 18
7 11
7 20
12 20
2 19
2 30
18 27
1 14
8 10
4 13
8 29
14 23
5 29
6 18
12 14
13 15
18 28
15 24
24 29
5 16
20 24
10 16
16 27
17 26
5 9
6 21
20 29
12 16
16 24
18 23
8 14
23 30
28 30
5 25
4 23
9 17
15 18
7 10
7 23
17 19
23 29
9 10
4 25
14 20
19 20
11 12
10 28
7 9
12 15
11 17
7 26
21 22
12 26
13 14
17 30
3 8
3 29
2 15
4 30
