30 30 174
4 14 9 30 24 2 8 25 22 26 18 16 23 12 17 10 21 13 6 3 11 20 28 1 19 7 15 29 27 5 
6 24 30 13 16 1 28 29 25 18 14 10 11 17 8 9 3 2 21 4 26 12 27 7 20 15 19 23 5 22 
30 23 9 6 22 28 2 26 8 1 18 3 27 14 25 19 15 11 5 20 13 12 29 10 4 16 24 21 17 7 
11 2 15 7 14 18 8 4 29 13 27 1 19 17 28 20 21 26 24 22 10 3 5 25 30 9 23 16 6 12 
6 19 13 29 5 10 24 9 27 8 2 3 22 17 20 15 12 23 14 1 16 11 30 21 4 7 26 25 28 18 
5 23 9 25 21 6 13 8 3 12 2 20 16 29 4 14 11 7 26 30 19 28 18 17 27 1 24 10 15 22 
15 20 8 3 1 25 17 7 11 22 18 28 29 27 13 30 14 4 2 23 12 24 19 9 5 21 6 26 10 16 
21 22 15 30 10 24 29 12 27 9 5 2 8 23 25 14 17 16 6 20 4 28 7 1 19 3 11 13 18 26 
11 17 8 30 15 5 3 14 1 9 6 16 20 29 25 21 24 2 23 22 19 18 7 26 27 28 10 4 13 12 
15 20 28 19 1 8 5 27 21 16 4 7 17 25 9 11 30 29 2 18 23 3 22 13 26 10 14 24 6 12 
11 14 1 20 24 9 4 6 25 13 26 30 19 8 22 2 23 21 12 15 3 18 17 5 10 7 16 27 28 29 
24 12 17 11 23 3 14 19 26 4 25 9 8 10 22 1 15 18 2 6 21 7 30 27 29 13 20 28 16 5 
29 9 22 5 3 6 21 1 20 27 15 26 25 13 24 18 28 12 14 8 10 23 11 2 16 17 7 30 4 19 
28 8 18 22 23 16 19 4 10 7 1 12 5 24 6 26 3 21 15 25 20 29 9 27 14 17 30 11 2 13 
5 26 12 3 2 19 14 13 25 22 11 27 17 23 16 24 28 20 1 8 6 4 15 9 7 10 18 29 21 30 
29 24 10 2 16 15 7 28 26 4 18 23 5 11 13 25 14 21 20 30 9 19 22 1 6 12 8 27 17 3 
21 12 26 25 7 15 28 22 27 24 30 20 3 5 13 29 6 1 19 18 17 10 16 23 9 8 2 11 14 4 
17 28 21 12 27 16 6 22 18 11 5 30 13 29 8 20 25 9 1 2 14 26 19 4 24 10 7 15 3 23 
11 3 7 15 21 18 23 14 5 10 24 29 2 1 12 16 17 25 8 19 30 9 20 4 13 22 27 6 28 26 
26 16 23 8 5 30 27 9 10 1 28 21 17 13 15 3 29 6 24 25 22 18 14 7 4 20 11 12 2 19 
11 24 27 22 26 15 3 21 25 1 14 5 16 30 12 29 10 20 13 2 8 18 6 9 23 4 7 19 28 17 
29 4 3 2 22 18 7 19 27 23 14 10 16 17 9 11 28 21 26 20 8 24 13 12 25 15 30 1 5 6 
30 20 17 12 4 10 28 1 15 8 14 13 2 7 29 25 16 6 23 11 22 24 18 3 27 21 19 5 26 9 
9 22 16 3 4 28 27 17 26 6 13 30 24 23 12 19 10 29 21 7 5 14 1 2 20 18 11 15 25 8 
30 24 5 6 10 9 28 7 29 1 14 27 20 3 21 25 8 17 11 26 16 13 4 2 15 22 18 12 23 19 
17 23 11 21 16 24 5 13 19 15 1 27 29 20 9 30 3 4 28 26 10 18 7 22 12 8 6 2 25 14 
28 1 15 29 8 27 12 2 7 17 20 25 18 14 21 19 23 3 26 4 13 24 10 5 22 30 16 6 9 11 
25 8 4 23 5 2 30 3 10 11 19 7 14 20 27 29 26 6 21 22 24 9 16 18 13 15 17 1 28 12 
1 18 11 14 25 16 21 4 8 2 28 27 20 26 7 17 29 15 13 23 10 12 24 19 22 3 9 6 5 30 
28 24 16 20 27 14 23 18 10 9 19 30 6 25 8 12 4 11 17 26 21 22 5 1 29 3 7 2 13 15 
15 27
14 17
24 30
20 25
7 12
6 28
11 28
1 17
2 22
23 26
3 7
9 21
15 30
14 18
5 18
20 30
25 26
16 22
6 25
12 28
27 28
23 25
2 6
9 14
4 5
3 23
19 24
10 24
9 16
14 15
5 21
10 23
2 17
22 25
23 28
4 15
2 11
14 21
6 13
4 21
11 15
10 29
19 23
6 16
1 21
22 23
3 11
3 28
2 12
8 28
9 25
20 26
6 29
12 13
13 16
12 24
1 5
3 27
8 25
9 20
24 28
6 11
5 17
15 25
6 30
26 30
1 19
22 29
18 21
17 27
23 24
2 7
9 13
5 10
5 7
4 17
24 25
12 23
3 15
1 3
18 22
8 13
2 8
4 27
8 19
14 26
5 26
19 22
10 26
9 18
7 11
5 23
11 19
1 20
22 27
3 10
18 27
2 13
8 29
14 23
20 27
25 29
7 14
6 18
21 26
12 14
13 15
2 20
13 28
3 9
2 3
1 9
18 28
3 26
2 14
14 29
9 27
15 24
5 16
20 24
10 16
15 21
13 18
17 26
5 9
3 25
10 11
5 6
19 26
9 22
24 26
5 19
11 23
10 21
12 16
11 24
13 21
3 14
27 29
18 23
8 14
2 9
3 20
5 25
4 23
10 27
9 17
15 18
6 22
5 22
7 10
7 23
12 21
2 16
13 24
1 13
8 11
4 14
2 10
14 20
4 20
19 20
11 12
21 25
11 17
1 22
26 27
13 14
1 27
17 30
13 27
18 29
2 15
8 27
