30 30 174
5 3 16 6 28 30 4 22 20 26 9 8 18 25 13 17 15 21 2 1 14 19 7 24 27 23 11 29 12 10 
2 12 27 29 9 24 4 25 26 10 30 8 1 17 19 22 18 28 7 3 5 16 20 11 15 6 14 23 13 21 
19 30 8 23 5 14 26 25 15 2 3 10 27 1 9 7 13 22 11 17 12 21 24 28 29 20 4 18 6 16 
26 10 13 17 9 28 7 23 20 8 30 16 4 1 18 14 6 11 22 29 12 27 3 25 24 15 5 21 2 19 
23 18 29 28 15 25 27 16 30 10 20 14 3 6 21 12 24 13 22 19 7 2 26 5 8 17 9 1 11 4 
21 13 20 16 24 14 4 12 23 28 26 9 2 3 11 7 5 18 10 19 6 27 8 30 17 29 1 22 25 15 
2 12 3 27 13 16 19 20 25 18 22 28 8 7 23 5 29 6 17 24 4 11 21 1 10 14 15 9 26 30 
23 4 15 7 14 12 17 22 5 10 30 24 13 27 28 21 6 16 19 18 11 3 1 2 9 26 25 8 20 29 
11 13 8 25 24 27 14 26 21 7 22 23 3 18 17 6 28 1 16 4 19 30 15 10 12 20 5 9 29 2 
15 20 6 27 18 10 2 12 16 30 17 5 3 11 21 22 25 29 19 1 9 14 8 4 13 24 7 26 23 28 
3 15 10 29 6 27 12 1 26 22 7 17 13 25 16 4 20 19 30 24 8 2 5 14 28 23 11 18 21 9 
27 14 29 5 21 7 23 1 2 18 25 12 19 13 6 28 17 4 15 10 9 16 3 24 26 30 22 20 11 8 
14 22 30 20 13 10 15 5 4 8 27 21 2 18 6 7 9 16 17 1 25 12 19 26 11 29 28 24 3 23 
10 2 16 11 5 21 20 19 3 6 8 26 23 13 4 18 7 22 25 1 9 14 30 27 28 15 12 17 29 24 
15 18 11 4 8 27 24 3 1 23 17 10 7 13 9 5 6 26 2 12 19 28 22 20 16 30 25 14 29 21 
25 23 2 14 1 6 29 18 24 30 19 11 20 22 17 26 8 3 21 4 28 12 13 15 7 16 5 27 9 10 
19 5 6 25 21 28 27 17 23 7 4 8 10 9 24 2 11 26 13 15 29 18 20 22 30 14 3 1 12 16 
30 7 1 20 12 23 27 16 8 14 25 22 13 19 5 11 6 9 24 29 15 28 26 21 3 4 2 17 10 18 
16 28 1 22 25 10 21 23 19 7 6 29 3 12 30 15 13 5 26 27 11 2 9 20 4 8 14 17 18 24 
1 29 22 14 26 13 30 10 17 19 21 16 27 11 2 12 15 18 24 4 20 5 8 7 9 23 25 6 28 3 
28 6 25 5 14 4 16 20 27 26 22 3 19 24 23 17 30 2 18 7 12 8 29 10 21 9 1 15 11 13 
1 26 23 30 9 3 13 7 29 22 8 28 2 16 10 25 17 11 20 19 18 24 6 15 27 5 12 21 4 14 
24 6 25 9 20 26 27 22 14 17 8 13 23 12 4 18 3 10 28 2 16 5 19 15 11 21 30 7 1 29 
29 16 27 26 6 4 15 18 11 17 9 14 8 3 2 22 25 20 21 19 13 23 7 5 1 24 10 28 12 30 
18 29 30 9 23 12 17 14 22 25 21 1 26 13 11 16 27 2 3 19 20 6 4 8 10 15 5 28 7 24 
17 19 1 4 22 26 11 2 30 16 3 27 10 24 13 23 15 28 20 5 12 29 18 9 7 6 25 21 14 8 
27 4 26 28 2 5 3 22 30 29 8 1 9 23 15 6 12 18 10 16 14 13 24 20 19 25 17 21 7 11 
18 29 15 27 9 5 17 25 12 13 22 23 21 14 20 4 1 30 11 16 10 6 3 19 24 8 28 7 26 2 
8 29 18 24 3 9 17 7 14 5 10 20 23 1 12 19 15 27 30 13 28 6 16 26 22 11 25 4 21 2 
9 23 18 15 11 26 28 8 5 17 21 16 4 20 29 2 22 10 14 30 7 24 3 6 13 19 12 1 25 27 
24 30
6 9
10 17
21 28
11 28
17 20
7 25
2 22
18 19
1 6
23 26
5 8
3 24
9 21
14 18
11 22
7 19
6 25
12 17
11 27
7 28
22 28
13 20
2 27
8 15
4 10
4 5
29 30
10 13
5 24
10 24
11 21
10 23
12 22
17 18
22 25
13 23
2 28
18 25
5 14
4 26
3 18
10 14
4 21
9 19
15 16
6 16
21 24
7 21
22 23
2 18
17 29
1 15
3 28
8 28
6 14
5 30
10 30
15 23
20 21
16 29
3 27
8 25
19 28
24 28
6 11
10 19
7 18
6 30
16 23
26 30
16 26
12 29
18 21
4 17
24 25
10 20
16 20
7 17
22 30
3 15
2 29
18 22
28 29
2 8
4 27
9 29
14 26
5 26
19 22
7 11
5 23
11 19
7 20
17 28
3 10
18 27
2 13
8 29
9 24
20 27
11 13
19 21
21 26
20 22
11 30
13 15
12 25
2 20
1 4
3 9
18 28
3 26
2 14
14 29
9 27
24 29
6 8
5 16
14 16
7 13
12 19
1 18
16 27
12 30
27 30
2 25
3 4
2 4
9 12
5 9
4 7
3 25
5 6
4 18
5 19
11 23
10 21
16 21
12 16
1 29
7 29
8 14
23 30
28 30
2 9
9 15
4 23
9 17
7 10
6 22
10 22
12 21
2 16
17 19
22 24
2 10
5 15
3 19
8 17
5 28
4 20
11 12
25 28
1 22
13 14
12 26
2 21
1 27
3 8
2 15
8 27
4 30
19 30
