30 30 130
25 6 3 11 28 9 30 5 24 7 14 15 21 22 12 1 29 27 18 8 10 2 13 26 20 16 23 17 4 19 
16 28 4 2 5 13 27 26 12 23 3 25 10 8 1 20 17 22 14 21 24 6 18 15 29 30 11 9 7 19 
9 4 17 10 27 30 24 15 28 29 3 22 13 11 20 12 25 23 26 14 16 2 5 19 18 21 6 8 1 7 
19 11 2 15 18 13 7 16 24 12 8 29 22 17 10 27 4 6 14 20 26 5 30 25 28 1 23 9 3 21 
25 24 27 3 12 8 7 30 19 16 23 17 14 10 11 9 28 6 18 2 15 20 1 5 29 21 26 4 22 13 
21 10 26 11 17 23 16 27 1 4 6 2 9 12 3 24 7 5 28 19 20 15 30 18 25 13 22 14 29 8 
16 25 2 26 6 3 29 27 8 14 28 1 7 12 19 21 11 23 10 4 5 13 20 17 18 9 22 15 24 30 
8 6 2 26 19 12 9 14 1 29 23 30 5 17 7 28 3 22 11 4 25 15 27 21 16 13 24 10 20 18 
23 14 4 16 9 10 7 19 6 29 26 28 15 24 3 30 17 18 8 20 22 1 25 5 11 12 27 21 2 13 
18 23 1 10 26 15 16 21 29 6 24 3 9 14 28 17 25 27 19 20 22 30 13 2 8 4 7 12 11 5 
1 20 21 14 30 3 11 15 8 9 16 6 23 2 18 4 29 26 28 24 7 27 12 13 19 17 10 25 5 22 
5 4 16 18 23 15 7 10 13 25 27 21 2 26 17 9 1 3 30 24 20 12 11 28 29 6 14 8 22 19 
26 20 18 24 9 22 30 3 8 5 14 6 1 2 25 27 12 19 21 13 7 17 10 15 4 29 11 16 28 23 
17 24 8 18 5 21 23 16 13 25 15 20 10 11 19 30 22 14 6 4 26 12 28 3 9 1 27 2 29 7 
16 20 23 17 26 1 2 25 3 11 28 15 10 29 30 7 6 21 9 19 4 18 12 8 14 27 24 22 5 13 
20 24 27 25 7 5 13 3 2 14 30 22 11 26 17 21 15 10 29 19 12 23 1 16 8 4 18 28 6 9 
3 12 1 16 9 2 29 7 5 23 14 20 18 22 4 24 6 21 10 26 19 25 28 15 8 30 13 11 27 17 
29 16 15 13 8 19 23 7 26 20 21 11 25 6 12 18 9 27 30 22 1 3 4 5 17 14 24 2 10 28 
21 2 29 16 30 4 13 23 25 27 15 26 5 3 10 19 18 24 11 6 14 28 8 9 12 1 17 20 22 7 
20 26 22 25 12 4 15 9 30 14 1 29 3 28 17 18 5 8 16 19 21 13 6 10 23 2 27 7 24 11 
25 19 21 1 8 13 28 3 18 6 14 7 10 15 27 20 2 5 22 29 26 23 30 17 4 9 16 11 24 12 
25 17 20 4 24 21 3 5 23 29 10 8 16 15 18 27 22 9 26 13 1 7 2 11 6 12 14 30 19 28 
25 26 27 30 18 15 8 5 23 10 21 14 3 11 29 7 22 16 1 13 28 6 2 12 17 24 20 19 9 4 
27 23 19 5 14 2 6 1 28 20 9 10 17 3 29 16 4 24 8 22 21 13 25 15 12 7 26 11 30 18 
12 20 17 22 18 23 10 13 4 21 15 14 9 6 11 8 5 28 25 19 1 30 26 2 29 27 7 16 24 3 
7 12 19 22 25 10 14 3 27 24 26 11 29 1 13 28 5 15 9 21 17 18 6 20 2 4 23 8 16 30 
12 17 14 23 8 7 1 22 15 4 10 26 9 19 16 20 2 29 21 13 30 18 28 27 5 25 3 6 11 24 
4 5 29 3 17 24 12 25 18 20 22 21 14 27 9 1 16 2 26 7 6 10 19 23 30 13 8 28 15 11 
14 23 22 3 19 27 7 25 11 17 6 21 30 9 10 28 1 26 4 8 5 12 24 2 29 13 16 18 20 15 
13 14 7 10 27 28 11 5 21 1 12 3 15 30 19 8 20 18 26 23 16 9 24 4 22 17 25 2 6 29 
15 27
6 9
17 20
16 28
24 27
6 10
25 26
16 22
12 28
2 6
9 14
29 30
3 23
4 16
19 24
9 16
15 29
16 19
6 26
2 17
17 18
8 12
23 28
9 30
8 18
21 24
11 16
7 21
22 23
2 18
1 26
22 26
13 26
18 26
2 12
8 28
14 22
5 30
20 26
7 15
15 23
17 24
9 20
24 28
5 17
10 19
6 30
21 30
11 26
17 22
16 26
17 27
3 5
4 6
3 22
24 25
6 20
13 22
2 29
3 21
10 15
7 11
6 17
15 19
1 20
2 19
22 27
13 25
3 10
18 27
8 10
1 14
4 13
2 13
9 11
19 21
25 29
15 22
21 26
21 23
1 9
14 29
4 29
15 24
6 8
14 16
5 16
16 27
12 30
2 25
23 27
2 4
10 11
8 23
14 30
5 6
4 18
24 26
20 29
11 23
11 24
1 29
16 24
13 21
1 2
2 9
9 28
14 27
9 17
7 10
5 22
11 18
10 22
3 30
9 10
4 25
14 20
5 28
4 20
11 12
10 28
25 28
7 9
12 15
26 27
1 22
21 22
13 27
2 15
19 30
