30 30 152
24 4 5 29 21 14 9 6 13 22 2 30 11 27 8 12 20 23 26 17 28 19 18 10 1 15 16 25 3 7 
5 1 20 19 25 16 17 10 23 8 15 29 2 12 18 30 22 27 14 7 9 3 24 6 28 26 21 4 13 11 
6 19 15 1 29 18 9 22 24 20 14 2 16 10 27 26 17 30 21 13 7 4 5 23 3 12 11 28 8 25 
26 10 8 11 16 19 22 15 14 7 29 20 3 4 6 13 18 27 23 2 30 9 1 17 5 24 25 28 21 12 
19 17 20 26 15 27 16 28 2 21 30 5 12 3 4 24 13 25 29 1 8 14 18 22 11 10 23 7 9 6 
5 16 19 20 6 21 8 10 30 7 27 3 1 25 4 22 23 15 24 17 13 14 2 26 28 12 29 9 11 18 
11 29 12 6 21 1 30 2 26 9 8 5 7 23 25 18 24 10 13 28 22 19 17 27 4 15 20 16 14 3 
23 15 22 2 18 13 24 10 9 25 16 21 6 29 28 11 3 12 19 17 8 5 20 4 30 26 14 27 1 7 
30 24 15 6 26 14 5 20 28 19 23 25 29 12 27 16 17 21 13 3 2 10 9 11 7 1 22 8 18 4 
5 23 26 7 6 11 13 12 17 20 18 15 21 28 9 1 30 22 14 16 24 19 8 27 10 4 2 29 3 25 
11 29 21 18 20 27 16 6 12 3 30 25 2 19 23 1 5 28 24 8 10 13 7 14 26 4 22 15 17 9 
25 16 11 18 27 22 14 1 12 5 3 2 30 4 28 20 21 17 23 8 6 7 26 9 19 29 24 10 13 15 
9 6 3 24 22 27 7 15 13 17 8 26 30 23 16 11 29 18 20 28 14 12 10 25 19 1 21 2 4 5 
17 30 7 12 10 16 5 3 13 21 26 2 24 20 14 29 1 28 6 25 23 27 22 15 19 8 9 4 18 11 
24 2 4 30 27 7 3 20 25 19 8 17 28 29 1 21 11 6 10 12 26 15 9 13 14 18 16 23 22 5 
7 14 9 2 10 24 11 28 20 23 3 18 30 16 12 29 4 27 15 25 21 8 6 13 26 19 22 17 5 1 
13 4 11 2 1 19 20 23 24 10 9 16 17 28 6 21 7 5 26 25 22 15 14 8 30 3 29 12 27 18 
7 28 2 5 26 1 10 25 14 6 8 21 13 27 23 15 4 18 19 16 12 11 29 20 30 22 3 24 17 9 
4 5 18 10 24 26 8 19 22 15 16 7 1 27 2 23 29 14 20 3 6 25 21 30 9 12 11 13 28 17 
10 20 30 24 5 27 21 3 7 26 16 4 6 8 28 9 2 25 14 13 15 11 18 17 22 12 29 19 1 23 
8 28 15 10 9 13 23 3 7 22 4 30 21 12 2 1 16 14 29 27 17 6 5 18 26 25 11 24 20 19 
26 2 25 24 6 28 4 18 5 19 22 27 17 14 3 30 1 13 21 10 8 20 16 29 23 12 7 9 11 15 
8 26 22 19 9 23 28 13 1 18 27 6 17 30 16 25 7 21 11 12 5 2 29 14 20 24 4 10 15 3 
10 14 25 19 2 29 15 23 21 1 24 27 22 11 13 9 6 28 26 17 12 30 20 7 16 3 4 18 5 8 
11 24 6 25 23 1 28 27 29 17 2 22 15 14 7 12 20 18 13 4 5 21 26 9 19 8 3 30 10 16 
7 21 29 28 15 5 19 11 1 8 27 6 20 13 10 2 12 30 9 16 24 4 3 25 22 17 14 26 23 18 
13 11 24 27 19 17 8 12 23 15 30 18 25 29 10 21 20 4 22 6 1 9 26 16 7 5 28 2 3 14 
7 21 18 28 3 10 17 11 13 15 4 30 9 27 25 23 2 26 19 5 16 24 1 14 8 22 6 20 29 12 
11 2 3 20 24 15 10 19 5 25 16 6 1 21 27 30 9 28 29 26 4 8 14 13 23 22 18 7 17 12 
4 19 18 21 22 29 3 9 12 11 7 26 25 2 5 15 13 16 1 10 24 20 30 14 23 28 6 17 27 8 
24 30
15 27
10 17
15 20
11 28
26 28
17 20
18 19
1 6
13 30
2 5
18 30
24 27
5 18
20 30
25 26
11 27
13 20
12 28
23 25
9 14
5 11
4 5
3 23
14 24
15 29
5 21
11 21
16 19
22 25
3 12
1 12
8 12
2 11
4 26
10 14
9 30
14 21
5 27
4 21
19 23
6 16
22 23
12 27
17 29
18 26
9 25
14 22
6 14
25 30
15 23
1 16
16 29
1 5
13 29
3 27
4 28
15 25
24 28
16 23
6 30
26 30
17 22
18 21
23 24
4 11
3 5
2 7
4 6
5 7
5 20
12 23
1 30
13 22
2 29
4 8
10 15
9 29
4 22
9 18
15 19
6 17
5 23
12 20
1 25
17 28
13 25
14 23
5 29
11 13
15 22
21 26
12 25
2 20
3 9
18 28
2 14
24 29
6 8
5 16
14 16
7 13
11 29
1 18
7 30
1 7
17 26
3 4
4 7
3 25
4 18
24 26
5 19
20 29
10 21
6 24
12 16
11 24
7 29
13 21
3 14
2 26
23 30
9 15
8 20
15 18
6 22
12 21
2 16
3 13
4 14
2 10
9 10
8 30
8 17
14 20
5 28
11 12
10 28
25 28
15 17
19 20
7 9
20 23
1 22
13 14
21 22
2 21
1 27
13 27
18 29
2 15
