30 30 152
19 29 14 3 16 7 15 4 30 20 26 25 11 8 27 21 10 18 2 9 5 12 6 28 17 1 22 13 24 23 
18 9 29 12 23 16 14 24 28 26 10 4 19 21 2 3 30 11 25 20 8 7 27 5 1 15 13 22 17 6 
12 11 1 21 18 23 17 25 2 10 28 14 6 27 9 5 8 7 15 19 22 29 13 3 16 24 30 20 4 26 
10 24 1 25 9 11 17 15 14 21 26 5 7 16 19 3 13 18 4 23 6 8 30 12 28 20 22 27 2 29 
25 27 11 10 23 21 29 13 2 5 28 3 20 7 6 14 24 18 19 1 4 17 16 8 9 22 12 26 15 30 
30 2 29 19 5 1 17 25 22 20 8 16 13 23 24 4 26 28 7 15 14 21 12 6 3 27 10 11 18 9 
24 17 16 7 27 6 19 22 9 26 12 21 4 2 3 1 30 20 10 15 8 14 13 23 11 5 29 28 25 18 
20 4 3 14 17 23 7 2 9 1 12 6 25 11 18 13 29 26 21 28 10 27 30 15 24 8 16 22 19 5 
4 30 16 17 19 8 25 3 5 27 2 1 28 23 12 24 22 7 21 29 11 18 26 14 6 15 13 10 9 20 
1 28 22 16 17 7 18 19 15 11 6 24 30 13 14 21 8 23 27 25 2 20 10 29 9 3 12 4 26 5 
18 12 15 6 25 29 20 11 14 8 23 22 30 4 9 3 13 10 27 2 16 5 17 26 21 7 24 1 19 28 
1 11 10 27 2 18 6 7 22 19 4 12 9 13 8 15 17 5 3 21 26 24 25 29 16 30 28 20 23 14 
20 12 3 26 4 1 13 17 18 25 15 23 10 5 8 2 14 24 29 21 6 11 16 30 9 28 7 19 22 27 
12 25 2 16 13 11 28 7 3 26 18 4 17 8 1 30 14 6 5 19 27 15 24 29 23 21 20 9 10 22 
24 12 25 5 20 16 8 21 7 30 22 15 1 10 19 29 14 28 6 26 9 2 27 3 17 11 4 18 23 13 
6 7 18 13 14 3 21 9 12 24 22 17 15 8 20 25 4 5 23 19 11 27 30 2 26 10 29 1 28 16 
30 29 17 25 3 16 20 4 21 6 22 5 7 24 9 23 14 8 26 11 2 19 15 18 1 10 27 28 12 13 
8 20 3 10 30 28 2 16 26 9 24 27 19 5 25 23 1 11 22 12 7 21 18 29 15 13 17 6 14 4 
30 12 20 14 29 15 25 22 1 27 18 4 19 24 9 11 17 21 5 28 23 3 2 13 6 10 26 7 8 16 
30 18 4 12 3 23 5 26 14 29 17 8 20 25 6 11 10 24 28 27 21 15 19 22 2 1 9 7 13 16 
24 2 23 6 7 15 30 22 8 17 11 10 27 9 4 18 5 14 26 13 21 20 16 1 3 25 19 12 29 28 
23 10 22 9 14 30 17 20 6 26 27 28 15 29 24 7 8 1 4 3 18 11 12 5 19 16 25 2 21 13 
15 9 11 3 21 24 20 23 30 7 16 13 14 1 19 4 17 12 6 26 5 10 27 2 25 22 8 18 28 29 
12 21 7 25 9 11 19 16 3 14 30 2 22 15 13 18 17 4 8 6 26 28 10 23 1 29 24 27 5 20 
14 29 27 2 22 3 17 26 16 4 21 15 23 18 5 13 20 7 19 6 10 11 28 12 9 1 24 30 25 8 
1 5 22 17 28 6 18 25 8 23 3 21 14 20 2 15 7 9 16 26 19 29 10 4 12 30 13 27 24 11 
27 15 4 8 7 26 24 12 11 20 9 17 16 21 28 30 10 18 29 3 2 22 13 23 25 5 6 19 14 1 
7 15 1 5 13 8 10 3 11 17 29 14 19 28 21 2 24 4 23 16 22 30 20 25 26 6 18 27 12 9 
10 7 13 8 15 4 14 17 29 11 30 22 12 18 19 28 9 25 23 27 16 21 20 2 3 6 26 1 5 24 
15 28 3 11 9 4 24 22 12 10 13 8 19 2 26 20 21 1 5 14 30 17 7 23 27 18 25 6 16 29 
9 26
6 9
15 20
17 20
1 6
18 19
23 26
1 11
5 8
8 24
4 19
19 29
9 21
7 19
6 25
11 27
7 28
27 28
18 20
8 15
4 10
2 6
9 14
5 11
4 5
8 21
14 24
6 23
5 21
11 21
6 26
17 18
22 25
18 25
8 12
23 28
10 14
6 13
19 23
9 19
15 16
11 16
13 26
18 26
2 12
3 17
9 25
5 30
10 30
7 15
6 29
20 21
26 29
1 16
7 24
13 16
1 5
13 29
14 28
9 20
24 28
15 25
10 19
16 23
21 30
12 18
1 19
17 22
13 19
2 24
3 22
5 20
11 20
7 17
6 27
18 22
8 13
1 3
4 8
28 29
4 27
10 15
5 26
19 22
10 26
7 11
11 19
7 20
12 20
17 28
13 25
2 30
9 11
8 16
6 15
5 29
14 23
11 13
15 22
1 23
1 4
13 28
2 3
3 26
2 14
4 29
24 29
5 16
7 13
15 21
21 29
12 19
7 30
13 18
12 30
17 26
4 7
4 18
16 21
1 29
1 2
23 30
4 9
28 30
10 12
14 27
5 25
19 25
10 27
5 22
10 22
3 13
8 11
5 15
4 25
6 12
5 28
14 20
19 20
25 28
6 19
20 23
11 17
12 15
26 27
7 26
1 27
13 27
3 8
18 29
3 29
8 27
