30 30 152
28 12 19 16 1 29 7 13 24 21 25 14 17 11 4 2 10 27 8 6 18 30 23 26 22 3 5 20 9 15 
5 30 22 4 19 1 14 16 24 13 3 11 21 2 27 7 17 20 18 10 6 29 9 12 26 23 15 25 8 28 
27 4 12 16 6 29 3 11 13 19 7 25 20 21 24 18 30 26 14 2 1 5 17 23 15 8 22 10 28 9 
18 20 29 25 5 22 2 24 4 19 16 28 27 6 15 1 23 13 11 21 3 10 12 9 7 30 17 14 26 8 
27 13 15 6 24 17 21 10 19 7 2 1 22 18 9 28 16 20 29 23 5 3 30 11 4 14 12 8 25 26 
18 26 8 21 22 14 7 17 20 25 27 29 15 16 6 30 28 3 23 13 19 9 1 4 5 12 2 10 24 11 
20 2 22 8 28 26 30 23 21 24 13 5 3 4 18 6 27 17 11 7 10 25 14 19 15 16 29 1 9 12 
27 7 1 11 25 30 2 23 18 24 5 26 10 12 21 19 16 4 3 6 14 15 29 22 17 8 20 13 28 9 
6 4 18 30 21 26 25 27 13 10 8 16 14 24 15 19 23 7 29 11 17 22 9 20 1 28 12 2 5 3 
9 2 10 19 27 6 21 3 24 17 25 22 11 20 26 5 30 14 28 18 12 13 16 23 7 4 8 15 1 29 
8 24 14 26 27 1 17 6 7 11 19 15 29 25 23 9 30 3 28 20 12 21 22 2 10 13 4 5 18 16 
15 27 10 30 1 14 18 5 12 19 29 24 6 20 3 4 25 28 26 2 21 17 11 16 7 9 22 8 23 13 
20 2 9 28 30 23 24 17 15 11 1 10 7 26 21 14 13 19 18 16 4 25 8 3 5 12 27 29 22 6 
3 16 10 7 8 5 13 9 14 1 20 24 28 30 15 25 22 17 19 21 12 11 2 23 26 4 27 18 29 6 
24 14 10 1 28 20 25 27 21 15 4 7 17 22 29 3 6 19 13 18 30 16 8 9 11 5 26 2 12 23 
6 2 22 4 29 18 8 7 12 27 9 19 1 30 16 10 5 3 15 21 24 14 13 17 11 23 20 26 25 28 
7 8 5 21 18 28 30 10 15 29 26 1 23 25 22 20 2 16 4 14 17 3 6 9 12 27 24 11 19 13 
4 28 7 19 13 6 10 29 9 11 8 12 26 17 20 21 23 1 24 30 2 15 14 18 25 16 22 27 3 5 
23 24 14 10 3 5 29 20 27 17 25 30 6 9 26 18 21 13 22 11 1 19 12 28 2 8 15 16 4 7 
4 28 11 8 20 18 27 24 2 9 16 5 30 19 17 23 15 29 7 14 22 12 6 1 13 26 25 3 21 10 
6 4 26 9 11 23 16 25 8 28 19 2 1 7 20 24 17 15 3 5 18 29 22 21 30 27 10 14 12 13 
17 1 9 24 18 7 2 16 27 23 29 4 15 25 6 21 28 10 19 26 11 3 12 14 20 30 8 22 13 5 
9 27 15 23 30 28 10 5 17 7 18 29 16 25 4 1 2 13 20 24 8 21 12 19 14 6 11 22 3 26 
21 25 13 19 22 14 17 12 16 4 20 5 23 6 9 15 24 10 30 26 1 29 28 11 8 7 27 2 18 3 
5 13 28 19 10 14 4 30 1 9 11 22 20 7 21 27 18 26 2 12 6 16 29 17 3 23 8 24 15 25 
13 20 6 26 11 28 7 18 27 17 21 25 5 9 24 29 19 12 10 1 16 14 22 23 8 15 30 2 4 3 
6 12 25 4 7 18 9 24 11 27 23 3 2 13 16 21 1 28 10 15 8 19 30 20 29 5 14 26 17 22 
17 21 15 26 16 2 10 4 28 30 23 18 8 14 3 20 22 12 19 29 9 27 6 24 25 11 7 1 5 13 
28 3 27 20 2 26 17 11 24 12 5 7 21 25 30 14 19 22 15 18 1 9 23 29 13 4 8 16 6 10 
10 22 28 7 29 5 24 18 16 8 15 26 3 17 20 27 14 2 4 21 11 23 30 6 1 12 9 19 13 25 
24 30
14 17
20 25
11 28
1 17
17 20
16 28
23 26
3 7
18 30
5 8
8 24
4 19
15 30
14 18
24 27
11 22
10 18
16 22
6 25
12 17
1 28
22 28
13 20
2 27
5 11
19 24
14 15
10 23
2 17
17 18
13 23
3 12
8 12
5 14
10 14
8 18
6 13
4 21
11 15
7 8
21 24
11 16
1 21
12 27
2 18
18 26
8 28
5 30
15 23
7 15
21 27
20 21
26 29
13 16
17 24
15 25
5 17
10 19
7 18
16 23
12 18
1 19
13 19
12 29
2 24
23 24
2 7
9 13
5 10
14 25
5 7
19 27
9 23
24 25
6 20
15 28
20 28
10 20
11 25
8 13
28 29
2 8
11 14
19 22
9 18
7 11
15 19
12 20
22 27
1 14
8 10
4 13
9 11
8 29
9 24
8 16
14 23
20 27
11 13
25 29
15 22
7 14
12 14
20 22
7 27
16 30
3 26
4 29
15 24
14 16
6 8
20 24
10 16
7 13
21 29
12 19
17 21
16 27
13 18
2 4
9 12
20 29
11 23
25 27
6 24
13 21
3 14
27 29
2 9
10 12
19 25
9 17
7 10
6 22
22 24
9 10
8 30
4 25
8 17
5 28
7 9
6 19
20 23
11 17
26 27
1 22
21 22
1 27
3 8
2 15
4 30
