30 30 174
23 13 26 21 2 27 4 19 15 1 3 6 7 5 14 22 12 8 28 30 9 29 16 18 10 11 25 17 20 24 
16 7 3 22 8 25 13 5 28 27 1 11 29 23 26 19 24 2 15 21 12 20 10 6 9 14 4 18 17 30 
11 12 8 14 7 21 13 6 19 9 3 24 16 27 28 25 15 1 4 5 22 2 18 17 23 10 29 20 26 30 
19 17 11 14 13 5 15 18 7 3 28 10 27 20 16 4 2 12 21 25 24 9 30 26 22 29 8 1 6 23 
11 27 19 7 24 21 16 5 15 18 17 28 23 2 8 22 12 3 14 20 9 10 30 29 4 25 6 13 26 1 
26 16 5 22 8 20 24 11 3 12 14 23 1 27 29 21 28 2 17 7 15 18 4 25 30 9 6 19 10 13 
28 17 8 13 21 10 29 26 5 6 4 7 1 16 22 30 15 11 2 9 27 14 19 3 12 20 23 24 18 25 
26 18 7 17 4 23 22 11 5 16 9 8 10 24 25 1 2 13 14 12 29 20 28 30 15 3 21 27 6 19 
4 22 24 7 25 5 1 15 30 12 19 16 8 21 14 29 18 3 17 27 23 2 6 28 26 11 13 10 20 9 
14 2 6 30 7 19 24 28 20 15 9 21 13 29 11 27 26 22 23 16 10 12 18 8 25 3 17 4 5 1 
5 4 19 25 7 10 1 22 13 17 2 18 3 8 15 16 6 9 24 30 23 28 29 11 21 26 20 27 12 14 
11 2 5 15 20 23 18 16 28 9 30 27 8 10 25 6 19 21 4 17 26 12 3 24 14 1 7 29 22 13 
8 2 27 13 25 10 7 23 28 17 16 6 4 9 30 21 18 3 15 26 22 14 24 19 11 1 29 20 12 5 
23 19 25 27 15 16 4 29 18 11 17 30 5 14 3 21 2 7 1 13 6 12 24 9 28 8 20 22 10 26 
24 11 13 18 29 17 9 16 12 10 8 5 22 20 19 27 28 15 14 2 26 21 6 4 1 3 23 25 7 30 
14 25 24 30 26 15 29 12 16 6 17 4 13 18 11 3 9 21 27 7 20 8 2 28 23 1 19 5 10 22 
24 22 3 8 7 17 21 11 30 12 27 16 5 9 23 4 1 19 26 14 28 18 2 6 15 10 25 29 20 13 
29 13 30 8 27 24 2 10 7 26 21 18 3 5 15 4 16 22 1 23 12 25 28 14 11 9 6 17 19 20 
7 27 19 22 20 16 10 1 12 11 15 18 2 6 30 29 8 5 25 28 17 23 24 14 4 26 13 9 3 21 
3 26 21 25 30 4 8 24 15 2 7 16 28 27 13 20 18 6 17 14 23 22 9 10 5 12 19 1 29 11 
30 1 2 13 15 8 18 25 19 5 4 17 14 29 9 24 22 28 10 16 26 20 7 21 11 12 6 3 23 27 
1 28 24 5 29 10 14 27 15 22 7 8 25 12 6 13 11 17 16 30 26 3 21 18 9 23 2 19 4 20 
16 11 14 22 21 25 19 6 5 17 24 30 27 26 9 29 1 7 23 8 13 10 2 4 15 18 12 3 28 20 
29 6 24 30 27 21 14 12 22 10 15 17 19 2 23 3 8 5 16 28 11 25 18 20 7 9 1 26 4 13 
27 12 25 20 28 1 7 9 4 18 8 16 14 15 17 21 5 3 24 29 22 30 11 23 2 10 26 13 6 19 
30 1 8 19 29 25 6 11 4 17 28 3 21 22 26 15 24 9 13 5 2 27 16 23 20 7 14 10 12 18 
17 16 19 14 7 3 13 8 2 10 4 25 1 24 5 6 15 20 27 18 28 12 22 30 21 29 23 9 11 26 
21 18 10 23 5 19 26 24 13 11 30 2 4 22 3 20 14 7 8 1 28 27 15 16 17 9 12 6 25 29 
29 14 19 9 5 22 21 24 4 10 17 27 16 3 11 2 7 8 18 6 20 15 30 12 25 26 1 13 28 23 
26 1 20 16 28 25 4 27 8 12 18 5 23 24 22 3 29 10 6 19 30 15 11 14 9 21 2 17 7 13 
15 27
6 9
7 12
6 28
21 28
15 20
26 28
16 28
7 25
23 26
13 30
1 11
5 8
3 24
6 7
24 27
20 30
11 22
10 18
6 25
11 27
17 23
27 28
2 6
4 5
29 30
8 21
14 24
5 24
19 24
9 16
15 29
14 15
11 21
10 23
7 22
12 22
17 18
2 28
18 25
8 12
1 12
4 15
2 11
10 14
9 30
8 18
4 21
10 29
21 24
1 21
7 21
12 27
2 18
17 29
4 12
3 28
3 17
9 25
6 14
5 30
20 26
7 15
21 27
1 16
12 24
17 24
13 29
1 10
19 28
10 19
7 18
6 30
11 26
26 30
12 29
23 24
9 13
5 10
4 6
3 22
8 22
5 7
9 23
6 20
11 20
16 20
11 25
1 30
22 30
13 22
2 29
2 8
5 13
4 27
14 26
5 26
4 22
19 22
6 17
1 20
7 20
1 25
17 28
13 25
1 14
18 27
2 13
9 11
4 24
3 16
9 24
8 16
11 13
19 21
15 22
6 18
20 22
1 23
16 30
7 27
21 23
18 28
1 9
2 14
4 29
9 27
15 24
14 16
6 8
20 24
10 16
7 13
15 21
12 19
11 29
17 21
16 27
1 7
9 12
5 9
8 23
5 6
20 29
10 21
1 29
27 29
18 23
8 14
1 2
9 15
5 12
4 23
19 25
15 18
6 22
12 21
2 16
18 24
8 11
4 14
4 25
3 19
10 28
25 28
15 17
11 17
1 22
13 14
1 27
1 8
2 15
8 27
19 30
