30 30 130
2 6 3 4 29 19 13 7 27 9 22 11 26 20 21 17 28 24 18 12 14 16 15 23 25 5 1 30 10 8 
29 18 16 14 1 4 11 5 24 20 25 28 30 21 27 8 22 3 2 19 7 10 17 26 9 13 15 12 23 6 
30 7 24 14 12 27 6 25 22 3 8 2 11 28 1 18 26 19 15 29 13 16 23 4 20 5 10 9 17 21 
2 24 19 14 4 12 21 17 20 5 13 8 3 22 26 18 27 7 10 6 15 11 9 23 25 29 28 16 1 30 
9 29 23 7 15 5 12 27 1 18 3 16 19 22 26 10 25 14 13 2 8 20 28 6 30 17 24 21 11 4 
24 2 14 6 12 7 30 8 22 5 1 28 13 25 19 17 16 11 4 3 29 18 15 23 27 10 26 20 9 21 
19 1 13 10 6 29 17 11 28 21 26 2 27 24 30 16 4 23 7 8 9 18 15 3 22 25 20 12 5 14 
30 18 28 2 16 14 7 15 20 11 6 29 25 21 1 17 12 19 13 9 4 23 3 26 22 24 5 10 8 27 
1 13 9 28 4 29 21 2 19 23 30 24 15 25 6 22 20 12 17 27 7 26 14 5 16 3 18 10 11 8 
2 14 13 7 1 25 6 21 19 29 15 20 28 18 24 11 5 8 17 23 30 16 4 27 26 10 22 3 9 12 
29 16 24 28 9 4 22 3 23 25 26 2 27 8 18 14 15 5 19 12 6 10 7 11 21 20 13 30 1 17 
21 15 7 26 28 4 18 2 23 16 25 5 30 1 24 11 3 13 8 6 22 19 29 9 14 10 20 12 27 17 
14 2 6 25 23 4 10 13 21 7 12 11 30 5 15 16 9 20 22 29 24 18 26 28 27 8 17 3 19 1 
19 7 21 13 5 10 6 28 29 26 17 22 12 24 1 18 3 25 14 30 11 23 15 27 20 16 2 8 4 9 
25 20 8 13 26 2 19 28 30 23 11 29 15 7 5 22 18 6 4 24 9 12 17 3 21 10 14 16 1 27 
4 9 13 7 27 14 21 30 10 5 20 11 8 15 22 24 19 23 26 12 25 2 18 1 16 29 17 6 28 3 
1 2 12 23 8 27 16 26 19 28 30 6 21 14 22 9 25 10 11 24 17 15 5 18 13 7 4 20 29 3 
8 16 30 27 15 11 23 20 25 18 9 17 5 3 7 13 12 14 4 26 6 22 28 2 29 1 19 21 10 24 
23 16 7 13 26 3 8 14 21 2 28 10 27 19 4 15 6 29 12 18 9 25 1 5 20 17 24 11 30 22 
30 1 25 5 18 28 11 12 24 7 29 15 16 26 3 17 23 4 20 9 2 10 8 19 27 13 14 21 22 6 
15 17 4 3 5 14 19 13 29 16 9 23 7 11 12 21 26 30 27 25 20 28 10 1 24 2 22 18 6 8 
3 8 18 25 22 26 21 6 10 2 27 17 28 20 12 16 24 29 23 4 5 1 7 14 30 15 19 9 13 11 
11 28 23 26 15 1 29 30 22 21 2 25 16 4 10 20 24 14 18 3 19 6 7 27 5 9 8 12 13 17 
8 22 11 6 17 20 25 24 3 23 30 27 26 13 15 29 10 12 16 28 5 19 4 1 7 18 9 21 2 14 
3 1 26 2 23 14 22 25 18 9 20 6 21 4 30 5 7 13 10 17 15 12 29 28 24 19 8 27 11 16 
12 3 15 14 7 4 1 18 30 20 19 22 6 29 17 21 24 5 13 10 16 11 27 25 8 26 28 9 23 2 
12 5 24 10 25 26 21 14 28 13 18 8 23 15 4 6 17 9 30 3 2 7 19 11 29 16 27 22 1 20 
29 14 15 1 2 6 24 9 4 12 11 25 27 10 5 30 7 8 3 20 22 23 26 13 16 21 18 19 28 17 
29 23 19 1 17 30 12 25 7 20 11 13 15 16 27 4 24 5 8 10 18 9 22 26 14 6 2 28 21 3 
25 4 7 29 27 16 9 8 1 6 17 2 13 24 28 15 22 26 12 20 3 23 11 5 14 18 21 10 19 30 
10 17
15 20
26 28
2 22
18 19
1 6
23 26
17 25
13 30
3 24
6 7
19 29
20 30
10 18
6 25
22 28
13 20
12 28
18 20
8 15
23 25
9 14
5 11
29 30
14 24
5 24
19 24
6 23
22 25
3 12
8 12
2 11
5 14
9 30
5 27
15 16
22 23
2 18
17 29
3 11
18 26
8 28
15 26
10 30
25 30
6 29
21 27
20 21
2 23
3 6
3 27
8 25
4 28
15 25
14 19
16 23
11 26
1 19
22 29
18 21
4 11
4 6
4 17
19 27
15 28
24 25
20 28
11 20
7 17
12 23
11 25
22 30
13 22
28 29
5 13
4 27
9 29
5 26
11 14
7 11
1 20
1 25
17 28
2 30
18 27
1 14
2 13
8 29
3 16
9 24
6 15
7 14
15 22
1 23
7 27
13 15
12 25
8 26
5 16
20 24
21 29
12 19
16 27
12 30
23 27
3 25
5 6
4 18
6 21
5 19
20 29
10 21
7 16
7 29
18 23
3 20
9 28
8 20
9 17
5 22
2 16
1 24
5 15
6 12
25 28
15 17
26 27
7 26
13 14
8 27
