30 30 130
5 10 26 30 25 16 15 14 22 3 23 20 24 18 4 17 2 11 6 8 27 21 13 9 12 7 19 1 29 28 
10 15 2 23 13 17 1 16 22 18 24 5 19 25 7 8 21 28 3 29 30 9 14 6 12 20 11 26 27 4 
5 29 20 1 23 12 24 28 21 22 6 17 3 13 27 18 30 7 4 16 19 2 14 25 10 15 9 8 26 11 
19 16 13 29 12 6 21 22 5 14 4 15 17 9 23 7 27 8 10 28 26 3 1 11 24 25 20 30 2 18 
13 3 23 9 7 30 27 21 14 26 29 1 18 20 16 2 12 24 10 28 8 19 6 5 17 15 25 22 4 11 
28 29 20 4 5 3 6 24 16 30 10 17 18 9 11 13 8 2 22 26 25 14 12 23 21 27 15 1 7 19 
25 21 13 7 24 15 5 18 4 12 19 20 1 6 22 23 27 29 10 17 11 2 9 26 28 16 3 14 8 30 
8 17 18 23 11 12 3 10 4 15 7 13 27 20 25 2 1 16 22 14 9 26 21 28 19 24 30 29 5 6 
7 26 25 2 12 20 4 11 18 14 5 28 19 30 6 13 24 22 10 16 9 27 8 21 17 3 1 15 29 23 
9 27 17 5 19 11 7 24 22 23 18 26 12 2 25 20 15 4 1 14 28 21 16 6 10 8 29 13 3 30 
5 7 26 29 18 4 19 6 13 24 28 20 14 11 25 15 12 22 2 9 3 1 8 27 30 16 23 10 17 21 
28 1 20 15 30 10 26 24 17 11 6 22 21 14 8 25 7 9 3 4 23 2 29 16 27 18 12 5 19 13 
15 29 17 26 5 9 13 25 23 1 24 20 6 30 18 8 2 14 21 7 16 3 28 10 11 19 22 27 12 4 
7 14 4 26 15 22 13 5 11 25 10 12 20 6 23 19 29 30 18 17 3 2 21 9 24 28 27 16 8 1 
29 16 4 23 30 26 17 7 1 14 19 21 24 15 22 27 13 20 12 6 2 8 18 10 5 9 3 25 11 28 
24 19 28 26 14 7 11 10 18 29 4 6 5 20 22 25 12 13 30 9 8 16 17 15 1 23 2 27 21 3 
20 18 2 19 12 27 17 28 6 7 26 16 21 13 11 3 8 1 4 25 15 23 24 30 14 29 9 5 22 10 
27 8 11 6 19 21 28 25 18 5 13 3 15 30 1 20 14 12 10 26 22 9 29 7 4 17 24 2 23 16 
17 27 4 2 1 29 12 5 21 3 19 16 22 26 6 10 30 11 20 13 23 8 24 9 15 18 25 14 28 7 
19 5 26 11 27 14 23 7 16 4 2 17 9 8 15 18 29 12 24 1 28 10 3 21 20 13 25 6 30 22 
22 30 13 28 24 21 18 7 15 27 3 23 6 10 11 5 20 16 1 14 26 17 25 29 9 19 8 12 4 2 
20 6 5 23 9 22 3 10 12 30 21 4 24 26 16 7 1 27 17 14 18 25 2 13 11 15 28 8 29 19 
24 3 25 30 6 16 9 20 22 23 14 11 17 18 10 2 4 26 29 7 28 15 27 12 19 13 8 5 1 21 
15 8 20 30 17 12 18 9 29 11 7 23 25 3 28 4 19 2 5 13 10 16 26 24 6 22 21 27 1 14 
25 15 1 9 13 26 19 10 3 4 24 17 16 28 14 23 5 18 12 29 8 11 20 27 22 7 30 21 2 6 
26 14 9 3 30 4 16 25 24 18 8 21 5 11 1 2 7 19 13 10 27 23 22 17 15 6 20 29 28 12 
14 1 25 23 10 30 24 16 3 13 26 22 17 8 21 7 19 9 18 20 11 15 6 5 29 2 28 27 4 12 
16 25 11 9 17 28 7 29 4 30 19 26 22 23 10 18 2 12 8 6 14 27 24 21 1 20 15 13 5 3 
30 28 2 12 22 23 29 21 5 11 13 16 14 18 6 7 9 4 27 17 19 10 15 3 26 20 24 25 1 8 
6 20 1 21 13 11 14 17 18 16 12 9 28 26 4 27 24 8 25 3 30 2 19 29 15 5 23 7 22 10 
24 30
6 9
15 20
26 28
17 20
1 6
13 30
18 30
19 29
11 22
11 27
22 28
18 20
8 15
4 10
29 30
4 16
19 24
10 24
9 16
15 29
14 15
6 26
12 22
17 18
13 23
18 25
23 28
4 15
9 30
4 21
19 23
7 8
21 24
1 21
1 15
8 9
6 14
20 26
7 15
12 13
20 21
7 24
17 24
8 25
19 28
24 28
6 11
7 18
6 30
1 19
17 22
22 29
2 24
18 21
17 27
23 24
3 5
9 13
4 17
24 25
11 20
7 17
12 23
1 30
3 15
2 29
18 22
4 8
28 29
2 8
5 13
10 15
5 26
15 19
6 17
7 11
7 20
22 27
13 25
8 29
3 16
6 15
19 21
21 26
12 14
1 23
13 28
3 26
8 26
4 29
9 27
24 29
15 24
5 16
14 16
7 13
1 18
17 21
7 30
13 18
1 7
3 4
5 6
19 26
9 22
24 26
10 21
11 24
23 30
28 30
5 12
3 20
10 22
2 16
22 24
13 24
3 13
9 10
5 28
4 20
10 28
21 25
20 23
26 27
7 26
21 22
13 14
1 8
19 30
