35 35 178
26 7 2 24 12 20 31 27 34 35 4 8 13 32 23 19 25 10 18 9 3 1 21 30 16 33 28 22 29 14 17 15 5 6 11 
23 12 9 35 16 8 13 22 14 3 31 24 26 7 28 33 6 29 21 27 11 17 34 19 30 20 15 25 18 2 5 32 4 10 1 
21 33 12 34 19 17 4 5 14 8 35 32 16 3 23 25 1 9 15 24 27 7 2 6 30 29 28 20 26 31 22 10 18 13 11 
8 19 27 34 11 9 7 5 30 20 33 12 23 17 15 18 6 21 1 2 28 31 35 29 32 10 24 22 14 25 3 26 13 16 4 
23 19 28 17 24 21 27 3 25 26 9 20 6 34 13 22 31 8 11 35 7 1 10 32 5 33 14 4 30 12 2 18 16 15 29 
15 17 28 35 19 23 9 8 30 29 16 10 6 20 25 5 31 14 7 2 3 27 1 26 18 34 32 33 21 24 4 22 11 12 13 
30 7 6 23 20 10 16 8 25 32 26 12 28 14 13 33 29 27 24 31 18 1 5 22 4 17 21 11 35 9 19 34 2 3 15 
10 13 33 32 26 2 5 23 19 14 4 22 9 17 18 11 25 1 31 29 8 6 21 12 20 3 27 34 24 16 7 35 15 28 30 
2 21 1 9 15 13 8 24 7 23 34 18 29 5 16 4 12 32 33 27 19 26 3 22 14 31 11 28 25 10 6 35 17 20 30 
9 13 24 25 19 3 27 30 12 22 35 31 28 29 33 1 17 2 20 21 23 6 32 4 14 26 8 18 7 5 11 10 16 34 15 
12 33 25 20 21 22 34 32 8 18 24 29 16 1 23 19 30 6 31 7 2 14 35 9 28 3 17 26 27 4 13 10 15 11 5 
12 33 21 34 18 6 31 4 1 16 30 20 35 22 15 7 19 9 3 32 27 29 17 23 28 26 11 13 24 8 25 2 14 5 10 
29 12 7 25 6 23 18 8 20 17 24 33 28 21 14 3 5 1 27 2 10 30 19 11 16 22 4 13 35 26 32 9 15 34 31 
22 28 8 14 12 24 20 1 10 16 18 21 2 29 19 26 25 11 9 15 33 17 27 32 6 35 5 31 34 3 4 7 30 13 23 
17 29 28 24 27 1 30 15 23 7 25 10 4 5 9 6 11 16 20 14 2 12 18 32 31 35 33 3 13 34 8 26 21 22 19 
11 15 13 5 19 12 21 8 20 24 23 6 26 31 28 16 27 10 29 34 2 9 7 4 17 33 3 32 22 14 30 1 25 35 18 
30 22 21 13 10 18 25 4 26 5 23 16 35 9 27 32 1 31 19 12 29 11 14 33 17 6 15 3 8 34 20 24 28 7 2 
30 4 13 27 23 10 15 9 25 22 28 20 14 11 6 8 3 35 1 7 17 2 34 18 24 32 19 33 16 21 29 31 5 26 12 
20 33 23 35 3 22 29 12 21 26 8 2 27 19 4 28 1 25 5 18 17 16 14 9 11 15 30 10 32 24 34 6 7 13 31 
5 19 6 10 9 22 8 7 33 1 30 14 29 24 16 25 31 27 11 4 2 15 34 32 20 3 21 12 18 28 17 35 26 23 13 
11 5 33 30 8 34 19 27 23 9 6 29 3 17 25 21 32 28 24 12 16 31 26 22 14 1 20 7 15 35 10 18 4 2 13 
20 16 10 23 18 9 26 29 3 5 33 13 1 7 8 4 25 12 24 35 30 32 11 27 14 2 19 6 21 22 15 34 17 31 28 
32 19 18 25 30 20 2 5 3 14 7 34 8 11 22 9 4 1 24 31 26 16 33 10 35 27 29 15 23 13 12 17 21 6 28 
25 5 30 20 12 10 24 6 34 33 16 28 35 23 21 1 14 15 9 11 32 7 13 19 27 31 8 2 26 22 18 4 3 17 29 
9 20 10 30 6 13 34 3 1 29 32 22 25 19 26 15 4 24 35 21 16 23 12 14 31 18 28 2 8 27 11 17 7 5 33 
8 22 35 10 33 32 5 30 13 18 4 16 12 19 17 7 14 31 15 21 27 28 26 20 23 6 3 25 29 34 11 2 9 1 24 
23 10 35 25 14 2 13 32 3 4 15 24 34 27 29 19 30 26 20 21 7 18 17 28 5 8 16 11 33 1 6 9 31 12 22 
21 32 20 16 24 3 6 11 19 15 5 33 8 7 10 31 22 30 18 29 13 34 1 23 4 14 28 9 2 27 17 26 35 12 25 
32 1 31 9 17 2 20 21 35 29 14 6 34 27 15 30 10 18 4 26 19 3 16 24 28 11 8 25 13 5 22 23 7 33 12 
9 23 33 14 19 1 3 18 7 6 22 13 28 4 32 8 25 26 5 10 21 12 35 30 20 27 34 17 24 16 11 31 2 15 29 
29 16 9 25 13 11 5 17 31 33 1 35 4 22 18 3 12 23 28 19 20 24 32 8 27 6 15 2 34 10 14 21 7 26 30 
10 31 35 13 15 26 25 30 34 12 32 3 7 18 23 22 21 33 8 5 28 19 2 17 29 27 11 4 9 24 20 1 16 14 6 
19 11 2 25 31 3 4 18 34 5 32 14 35 24 13 16 8 33 20 21 15 27 9 10 28 26 22 30 17 1 7 6 12 29 23 
9 29 23 22 35 11 12 10 27 34 25 8 24 18 21 31 33 16 19 30 20 13 5 15 7 26 1 17 3 32 6 2 14 28 4 
34 21 35 5 31 12 24 25 17 20 32 27 23 7 11 6 26 29 3 28 9 18 2 13 14 15 1 22 10 16 4 8 33 19 30 
7 12
6 28
2 22
1 6
34 35
3 7
19 29
9 21
24 27
6 10
11 22
25 26
21 31
12 17
11 27
17 23
16 25
18 20
8 15
23 25
2 6
15 34
13 35
8 21
4 16
19 24
15 29
5 21
28 32
17 18
22 25
1 12
4 15
3 18
6 13
14 21
4 21
22 32
1 21
22 23
1 26
11 35
18 26
17 34
4 12
2 12
8 28
24 33
9 25
25 30
21 27
12 13
11 31
1 16
16 29
17 24
18 31
1 10
14 34
14 28
26 33
14 19
6 11
7 31
13 19
12 29
27 31
2 24
23 24
4 11
18 32
13 34
4 6
19 27
10 25
24 25
10 20
16 20
6 27
7 34
22 30
13 22
31 33
8 13
23 31
4 8
2 8
15 32
3 21
25 32
2 34
9 18
7 11
6 17
4 33
1 20
2 19
17 28
3 10
2 30
8 10
17 33
4 13
8 29
19 32
25 29
7 14
22 34
20 22
12 14
8 33
7 27
6 33
21 23
12 25
30 34
16 33
13 28
18 28
14 29
10 16
7 13
1 18
26 31
7 30
16 27
13 31
13 33
10 11
14 30
20 34
24 26
6 21
11 23
16 21
6 24
11 24
1 29
22 31
31 32
3 14
2 26
9 15
10 12
8 20
14 27
4 23
15 18
7 10
4 34
10 22
7 23
32 34
1 24
17 19
9 32
1 13
18 24
23 29
8 11
3 30
9 10
24 35
4 25
3 19
4 20
19 20
25 28
21 25
11 17
16 31
30 35
2 21
13 27
1 8
24 32
4 30
19 30
