35 35 208
19 11 14 33 13 30 10 2 20 22 27 15 25 6 4 34 24 32 21 3 28 23 8 29 17 16 26 35 7 12 5 18 31 9 1 
31 16 26 14 21 8 19 35 15 24 7 2 30 34 29 17 10 23 5 11 18 22 6 3 4 13 12 25 32 9 28 20 1 27 33 
9 16 32 13 22 1 3 15 29 10 33 7 18 8 34 12 5 35 19 31 17 2 25 4 11 26 24 14 27 28 20 30 21 6 23 
8 33 23 25 16 26 29 30 4 35 11 1 22 19 12 2 31 6 9 17 21 27 34 10 32 18 7 20 3 15 14 24 13 28 5 
32 13 15 16 6 26 8 25 29 24 4 22 11 35 12 14 9 34 19 28 1 27 21 2 5 33 7 17 30 23 31 3 18 20 10 
17 18 24 8 5 32 22 7 26 15 13 25 28 30 19 4 2 20 23 27 14 35 1 12 29 3 11 10 21 31 34 6 16 33 9 
4 18 19 31 27 22 9 15 7 24 12 8 2 10 20 33 23 5 28 30 17 35 21 26 25 34 3 6 32 14 16 29 13 11 1 
34 4 22 6 19 17 8 12 20 35 32 14 27 15 30 24 28 13 26 2 21 16 5 9 23 10 1 3 31 11 33 25 18 7 29 
29 17 6 15 24 18 20 34 32 22 23 19 10 5 21 16 12 25 35 1 33 14 28 9 7 4 31 26 27 30 2 3 11 8 13 
15 3 12 26 19 9 8 23 29 28 2 18 11 30 32 27 10 13 5 22 7 35 6 4 17 24 25 1 21 14 16 34 33 31 20 
30 1 27 13 25 10 16 8 18 21 3 15 31 24 6 5 28 26 22 2 11 29 7 35 20 9 17 19 33 23 32 12 14 4 34 
7 9 13 29 25 30 4 32 15 26 14 21 17 5 27 12 31 6 10 33 11 3 2 34 20 28 23 35 24 8 16 19 22 1 18 
33 26 28 7 19 3 16 13 22 5 27 14 31 23 12 29 2 32 8 9 18 11 24 4 20 30 10 25 17 34 21 6 1 15 35 
9 27 20 26 16 6 15 7 22 33 32 35 19 24 25 1 12 2 31 4 3 28 8 29 23 30 5 17 14 18 21 34 10 13 11 
11 33 32 7 8 34 5 27 15 24 13 35 3 10 12 9 22 31 20 6 30 21 28 19 17 4 29 16 2 1 14 23 26 25 18 
4 32 12 15 34 6 2 28 7 3 18 35 17 29 31 24 22 16 26 5 30 19 21 23 20 11 33 8 14 27 13 25 1 9 10 
7 16 1 35 31 17 21 5 29 26 34 2 19 11 18 32 12 23 4 25 8 6 20 28 3 27 30 10 14 13 15 24 22 33 9 
22 18 17 5 29 25 16 20 12 13 31 26 4 11 8 2 28 3 9 24 34 10 15 7 14 27 32 23 21 30 35 19 1 6 33 
23 21 6 26 31 18 10 27 12 16 25 22 34 11 5 17 2 35 30 3 1 14 8 29 24 28 32 33 4 7 13 9 15 19 20 
3 23 21 22 19 14 17 5 12 2 10 15 31 26 9 4 1 11 8 29 18 30 7 16 27 6 20 34 33 35 28 13 25 32 24 
32 19 17 14 20 15 9 4 25 18 26 7 33 34 5 1 11 24 22 6 27 2 30 29 31 8 12 13 23 10 16 35 21 28 3 
8 18 4 25 23 6 7 13 2 30 24 21 29 10 19 14 16 9 3 1 33 11 28 12 31 5 15 20 26 32 35 17 22 34 27 
19 35 7 33 28 2 11 5 23 16 30 17 29 15 18 9 22 31 14 4 21 3 6 1 27 32 20 34 24 26 25 12 8 13 10 
10 8 28 6 32 23 24 30 26 14 15 4 18 17 9 16 34 33 1 22 21 2 3 29 35 31 13 20 7 12 25 27 5 19 11 
18 26 2 24 29 25 1 32 11 35 4 8 19 5 22 7 31 33 27 34 15 9 17 10 30 20 21 3 14 16 6 13 28 23 12 
21 11 5 31 26 12 18 8 2 14 24 16 28 4 29 25 17 35 19 10 33 9 22 20 27 32 6 7 1 15 34 3 23 30 13 
25 32 17 6 24 1 9 12 28 7 20 10 29 18 13 8 27 19 5 34 4 16 26 35 11 3 23 2 15 33 22 31 30 21 14 
30 27 18 3 31 10 8 12 11 2 13 16 1 21 32 5 6 23 19 26 20 24 28 29 14 17 9 35 25 15 22 7 4 34 33 
8 19 27 22 5 13 23 21 25 28 12 11 20 1 7 34 9 33 32 15 17 10 24 18 4 3 31 26 6 14 29 30 16 35 2 
14 31 8 26 32 19 28 29 10 21 30 22 24 33 23 12 25 9 1 35 20 15 16 11 2 34 5 18 13 7 27 3 17 6 4 
26 7 30 4 3 13 5 12 24 8 6 27 16 17 34 31 32 22 9 11 1 28 14 15 20 35 33 19 29 18 10 2 23 21 25 
1 16 5 34 6 2 25 24 32 3 15 19 27 23 10 12 35 7 28 30 4 26 9 22 31 17 21 20 29 18 13 8 33 14 11 
13 12 21 11 23 4 30 27 9 31 35 32 20 17 14 25 34 24 26 10 8 22 33 6 15 7 2 16 5 19 18 1 28 3 29 
31 6 18 33 7 26 34 8 14 2 12 11 20 25 23 24 9 5 13 4 19 21 16 32 28 27 22 30 3 17 10 1 15 35 29 
3 32 35 34 11 25 23 19 29 18 28 17 6 7 31 15 5 9 30 10 4 27 26 33 16 20 1 12 8 14 2 24 22 13 21 
1 34
15 27
6 9
14 17
10 17
15 20
11 28
26 28
1 17
16 28
6 35
2 22
18 19
13 30
2 5
3 24
8 24
14 31
4 19
24 27
15 30
5 18
20 30
16 22
6 25
31 35
18 20
9 14
5 11
13 35
3 23
8 21
5 24
4 16
10 24
6 23
4 35
11 21
10 23
7 22
18 25
3 18
9 30
19 23
22 32
4 32
7 21
12 27
9 34
11 35
1 15
4 31
3 17
24 31
14 22
15 26
7 15
12 13
26 29
8 32
16 29
6 32
13 16
2 23
1 5
13 29
18 31
14 34
19 28
9 20
26 33
24 28
5 17
23 34
6 30
12 29
27 31
18 21
2 24
23 24
3 22
14 25
4 17
24 25
15 28
28 33
7 17
6 27
5 33
3 15
1 3
23 31
12 32
4 8
5 13
3 21
8 19
30 31
5 26
11 14
10 26
9 18
5 23
11 19
1 20
16 17
30 33
2 19
1 25
17 28
1 14
4 13
9 11
4 24
3 16
6 15
20 27
10 31
25 29
6 18
22 34
12 14
11 30
1 23
7 27
30 34
12 25
1 4
17 31
3 9
18 28
14 35
3 26
8 26
14 29
19 31
15 24
14 16
21 32
20 24
10 16
6 31
21 29
12 19
29 32
17 21
6 34
27 30
1 7
17 26
23 27
10 33
3 4
18 33
13 33
4 7
3 25
8 23
15 31
6 21
5 19
20 29
11 23
25 27
23 32
7 16
5 32
12 16
3 14
2 26
18 23
8 14
27 29
1 2
28 30
5 25
19 25
10 27
9 17
15 18
6 22
5 22
16 18
32 34
5 35
2 16
9 32
1 13
17 32
4 14
5 15
14 20
4 20
11 12
25 28
7 9
20 23
11 17
26 27
8 34
16 31
7 26
2 21
16 34
3 8
14 32
3 29
4 30
