35 35 178
13 15 31 23 30 25 12 14 3 29 24 10 17 20 32 7 22 16 26 9 18 21 4 6 34 27 8 5 1 2 19 33 28 11 35 
17 23 32 24 27 4 18 29 7 19 14 34 30 28 33 3 1 31 22 16 25 20 35 26 11 6 5 15 10 2 9 8 13 21 12 
22 30 4 2 7 3 26 31 27 8 34 16 33 13 29 20 21 11 32 9 12 19 35 5 15 28 17 18 1 24 23 6 25 14 10 
24 27 1 33 26 15 12 6 7 18 14 29 2 9 19 11 5 8 31 21 34 25 23 13 4 10 3 35 30 22 20 16 17 28 32 
15 22 11 7 21 4 6 12 31 2 5 26 28 25 29 1 18 32 3 20 16 33 27 8 24 10 13 34 23 30 17 9 14 35 19 
28 9 29 19 18 15 27 5 26 34 13 12 2 8 4 31 6 7 17 32 11 10 30 22 20 1 16 35 33 21 14 3 25 24 23 
11 8 5 15 16 29 1 33 19 30 31 25 10 21 18 7 12 20 13 14 26 24 22 2 4 3 6 34 27 32 35 28 17 23 9 
35 1 2 27 8 13 17 26 14 24 25 5 16 20 11 32 34 15 7 30 22 12 3 19 29 18 33 21 4 10 9 28 6 31 23 
23 34 13 14 9 33 7 18 5 1 28 24 31 4 20 3 27 16 17 2 29 11 21 30 10 25 35 26 19 6 32 12 8 15 22 
24 9 19 25 33 2 3 5 32 18 12 6 11 31 7 15 8 26 4 17 1 16 34 10 30 29 13 28 14 23 35 22 27 21 20 
6 2 23 22 35 30 12 25 7 9 19 17 10 4 26 27 14 1 11 20 16 21 8 24 33 13 5 28 15 3 31 34 32 18 29 
32 20 4 24 30 12 22 23 19 25 31 10 8 2 34 6 26 7 33 3 15 11 29 14 1 28 9 5 17 16 35 21 13 27 18 
27 25 8 7 22 1 9 35 11 26 2 5 4 28 32 17 23 21 31 34 14 29 16 20 15 18 13 10 24 6 3 12 19 30 33 
6 23 19 34 9 4 31 13 28 21 3 22 18 29 35 25 8 7 30 10 16 24 2 32 1 27 33 20 5 17 12 26 14 15 11 
7 20 26 6 28 11 23 13 1 31 12 10 30 9 22 5 8 33 29 34 4 2 3 18 16 35 21 15 32 24 14 27 17 25 19 
17 33 10 25 2 15 23 1 8 3 35 4 7 5 20 16 11 14 13 31 6 21 27 9 32 28 12 26 30 22 18 29 34 19 24 
10 5 31 25 4 9 11 26 8 34 33 27 28 19 32 7 3 23 18 12 22 24 17 21 1 29 20 35 30 16 2 13 6 14 15 
15 3 26 2 23 17 22 9 33 21 11 12 5 10 1 29 8 24 13 34 14 18 6 20 28 30 31 19 7 25 4 16 27 35 32 
31 11 30 13 14 29 32 8 35 27 18 16 19 20 21 33 34 7 4 23 28 3 6 22 25 12 10 24 1 9 26 17 2 15 5 
22 14 27 8 7 12 13 23 24 28 20 34 15 11 10 32 21 18 31 19 5 17 1 6 16 29 35 3 26 4 2 9 25 33 30 
34 23 19 1 30 31 33 4 25 29 8 35 12 3 14 15 6 28 9 5 24 21 22 17 20 18 2 10 26 27 7 11 32 16 13 
1 32 7 33 24 5 15 9 26 19 21 16 2 13 4 27 14 23 18 22 31 34 3 10 20 28 30 8 11 25 35 12 17 6 29 
22 4 23 34 32 8 21 29 33 3 13 2 27 26 5 30 20 14 31 16 12 25 6 1 28 15 7 10 35 24 18 11 9 17 19 
6 35 33 29 8 11 25 17 21 30 5 10 18 26 28 9 16 19 15 23 3 27 34 7 22 14 2 4 24 20 13 1 12 32 31 
1 3 13 28 24 15 4 12 27 32 20 7 25 8 14 2 35 19 29 21 26 18 16 34 10 9 31 22 17 30 11 33 6 23 5 
30 32 16 35 15 13 2 18 22 1 27 33 11 20 25 19 34 24 10 4 7 23 14 5 21 31 12 8 6 29 17 26 3 9 28 
35 1 14 19 28 7 32 2 11 26 4 21 6 3 20 23 24 33 29 16 27 31 30 25 9 15 13 8 5 18 34 12 17 22 10 
28 13 19 3 8 12 5 33 22 9 35 29 27 18 32 26 25 2 20 4 14 1 21 6 15 16 23 11 17 24 30 7 31 34 10 
11 6 10 4 26 27 2 1 28 29 17 22 9 14 12 25 5 31 8 33 30 16 15 20 21 34 3 18 13 32 35 23 7 19 24 
8 14 13 9 16 26 19 6 17 11 35 21 33 31 25 20 30 2 18 4 22 27 5 12 1 7 15 32 3 23 28 34 29 10 24 
15 17 31 27 1 18 29 3 2 5 33 34 16 28 6 9 14 12 25 24 26 13 8 30 32 19 4 20 10 21 7 22 35 11 23 
5 35 13 12 31 23 7 24 17 11 32 34 28 4 33 14 21 20 16 3 30 22 9 27 19 1 18 6 8 2 10 15 25 29 26 
17 9 10 5 7 19 1 26 33 11 12 24 28 25 8 14 6 21 30 4 18 15 20 2 35 3 13 31 23 22 27 16 34 29 32 
26 22 11 4 28 13 17 2 14 12 16 7 24 19 30 1 32 34 25 33 6 20 31 27 5 10 29 8 21 35 15 9 3 23 18 
16 30 15 5 26 35 17 24 27 14 13 32 20 7 28 9 23 21 4 1 34 6 29 12 2 3 10 19 11 33 22 31 18 25 8 
9 26
15 27
24 30
20 25
3 35
25 31
15 20
6 28
7 12
1 17
7 25
13 30
1 11
5 8
3 24
9 21
24 27
21 34
20 30
25 26
16 22
11 27
10 35
12 34
28 31
18 35
10 13
20 32
19 24
5 21
28 32
32 35
7 22
5 34
12 22
2 28
8 12
2 11
15 33
19 34
6 13
19 23
7 8
22 32
21 24
11 16
12 27
2 18
17 29
22 26
8 9
4 12
3 28
2 12
8 28
4 31
5 30
20 21
12 13
6 32
1 5
17 24
13 29
3 27
8 25
14 28
19 28
26 33
24 28
9 20
5 17
3 33
29 33
7 31
22 29
13 19
2 24
18 21
10 32
3 5
5 10
4 6
8 22
14 25
19 27
2 33
15 28
28 33
7 17
6 27
11 25
1 3
4 8
15 32
10 15
4 22
11 14
2 34
7 20
7 33
13 25
11 34
2 30
8 10
3 31
8 29
4 24
25 35
8 16
5 29
11 13
10 31
27 32
7 14
12 14
1 23
7 27
13 15
17 31
16 33
11 33
3 26
6 8
5 16
20 24
3 32
14 16
11 29
26 31
16 27
13 18
27 30
13 31
2 4
9 12
5 9
4 7
10 11
5 6
20 34
4 18
19 26
9 22
24 26
21 35
20 29
23 32
1 29
7 29
23 30
28 30
9 15
5 12
14 27
7 23
16 18
9 32
33 35
8 11
8 30
4 25
3 19
8 17
14 20
5 28
4 20
19 20
10 28
7 9
21 25
12 15
26 27
16 31
21 22
2 21
1 27
13 27
14 32
