35 35 208
11 15 28 31 7 13 33 5 4 16 18 24 19 14 9 30 2 10 8 26 17 22 3 32 27 20 35 29 34 12 25 6 23 21 1 
13 3 22 30 25 4 31 35 19 10 12 6 15 2 21 23 16 28 9 14 7 8 27 20 1 33 18 26 11 34 5 32 29 17 24 
14 25 15 4 1 9 16 11 28 24 21 31 26 20 3 30 7 35 27 5 17 18 23 19 10 2 6 8 34 29 12 22 13 32 33 
24 7 10 13 16 27 34 3 22 17 33 21 20 8 1 26 5 28 4 14 9 31 6 11 2 23 19 30 32 29 12 15 35 25 18 
4 28 2 13 16 11 19 33 30 34 17 14 10 29 24 25 26 7 21 20 1 5 6 23 18 35 15 31 3 27 12 32 9 22 8 
29 7 32 19 17 35 33 10 12 13 14 3 20 2 30 18 24 6 25 1 4 22 23 16 11 21 5 31 8 27 15 26 28 9 34 
6 11 28 32 5 19 34 13 3 14 16 8 27 2 23 24 21 17 10 12 31 1 25 15 26 33 29 22 4 30 7 18 20 35 9 
20 12 31 21 22 23 27 29 16 26 28 1 25 8 3 32 19 14 5 7 24 17 18 15 35 4 10 2 34 9 13 6 33 11 30 
17 27 21 4 29 19 6 7 20 3 30 5 22 9 18 8 15 11 25 33 31 12 23 28 10 1 26 32 34 13 2 24 16 14 35 
4 10 13 35 6 26 28 27 24 23 8 15 2 14 32 11 31 20 16 7 33 30 34 19 9 21 12 22 25 18 29 17 1 5 3 
12 15 22 16 35 8 21 10 1 9 26 11 31 25 23 6 33 24 34 20 3 17 29 18 28 14 5 32 30 19 7 4 13 27 2 
19 29 31 13 10 7 14 30 4 8 32 12 22 28 25 34 11 18 1 27 15 26 21 3 6 16 35 5 20 9 17 2 23 24 33 
25 11 8 22 28 6 7 16 29 31 32 3 24 19 30 15 26 5 21 18 35 13 12 2 33 1 23 9 10 34 17 4 20 14 27 
28 2 20 35 12 23 32 33 13 34 21 17 5 11 26 27 25 16 3 18 7 10 8 22 9 4 19 15 30 1 14 31 6 29 24 
28 20 9 23 25 1 17 16 35 11 34 33 2 31 30 18 4 6 14 27 13 12 26 10 5 21 22 19 29 7 24 8 3 15 32 
14 5 7 18 35 32 33 8 31 10 3 29 22 11 15 23 25 1 12 2 30 19 21 9 34 20 4 6 16 27 24 28 13 17 26 
28 11 16 20 33 22 23 5 26 18 2 8 34 29 4 10 15 7 14 21 9 3 1 17 13 6 19 30 32 25 12 31 35 27 24 
12 35 21 13 26 10 23 25 30 16 15 33 7 6 24 20 18 11 29 4 14 5 17 1 32 2 19 28 3 31 9 22 27 8 34 
25 10 2 9 5 4 23 8 15 19 27 26 12 28 17 30 35 33 13 32 21 16 1 3 31 18 7 11 14 20 34 22 29 24 6 
16 28 22 10 6 12 34 11 3 9 1 15 4 19 20 27 8 2 29 23 35 26 17 31 18 14 24 33 21 30 32 5 25 7 13 
34 18 9 6 23 1 11 14 7 28 19 27 33 20 16 5 25 30 2 21 4 26 31 13 3 35 17 12 22 32 15 8 24 29 10 
34 30 11 22 2 21 28 6 31 13 29 15 26 23 20 14 19 24 27 3 16 4 18 9 25 12 5 7 32 17 8 35 33 10 1 
16 32 30 29 8 35 13 25 34 20 9 26 31 1 7 3 27 15 23 18 11 21 22 14 12 5 17 4 24 28 33 10 19 6 2 
3 4 15 11 33 25 30 19 6 14 9 24 12 26 31 16 7 1 35 29 34 10 18 21 28 22 23 8 13 27 32 20 5 17 2 
8 9 32 26 21 3 35 20 28 11 34 4 12 27 24 33 19 6 16 23 31 30 5 2 22 10 13 25 18 14 17 29 15 7 1 
23 35 30 9 25 31 3 2 18 1 26 10 24 21 20 16 4 29 6 27 5 14 22 32 33 17 7 28 8 15 19 34 11 13 12 
9 10 22 14 7 11 24 33 17 28 27 23 31 2 6 16 35 25 5 29 19 13 20 21 4 34 1 15 26 30 8 3 32 12 18 
12 2 14 5 11 10 31 35 15 7 18 6 26 17 24 22 8 16 27 21 1 13 23 34 19 3 29 32 9 30 4 25 33 28 20 
20 9 27 15 14 19 8 33 29 22 17 25 34 32 10 30 24 4 28 35 5 18 3 11 6 7 31 13 1 26 23 2 16 21 12 
35 18 2 7 5 22 1 10 33 27 8 11 24 28 12 30 21 4 31 15 19 3 17 32 9 13 23 34 29 25 16 26 14 6 20 
8 25 30 18 33 31 15 14 3 29 13 27 26 21 28 22 12 6 34 20 19 7 17 2 35 24 11 10 16 23 5 4 9 32 1 
19 29 20 31 22 9 4 14 10 24 13 27 35 33 5 34 1 28 30 25 7 8 3 21 6 26 11 23 18 2 32 17 12 16 15 
21 18 26 8 27 10 4 19 17 2 20 23 14 1 5 29 12 11 13 22 33 35 28 31 7 16 32 24 34 25 6 3 15 30 9 
31 17 3 24 6 27 12 4 2 34 15 5 7 22 23 25 21 13 18 30 1 19 29 35 32 11 28 33 16 14 26 10 8 20 9 
16 17 29 10 28 6 12 7 13 11 3 33 8 1 26 22 24 9 5 32 30 18 14 34 23 35 20 2 25 21 27 19 31 15 4 
15 27
6 9
14 17
5 31
15 20
16 28
2 22
18 19
34 35
17 25
13 30
2 5
18 30
3 24
9 21
6 10
5 18
28 35
16 22
29 34
12 17
7 28
31 35
10 35
8 15
28 31
18 35
5 11
8 21
5 24
4 16
19 24
10 24
2 32
9 16
14 15
11 21
16 19
6 26
23 28
2 11
5 14
9 30
25 33
6 16
21 24
4 32
8 35
7 21
22 23
2 18
1 26
16 35
13 26
3 11
8 9
14 33
4 12
3 28
2 12
3 17
14 22
3 34
25 30
21 27
12 13
11 31
1 16
26 29
7 24
2 23
1 5
26 33
5 17
21 33
3 33
10 19
7 18
6 30
21 30
16 23
11 26
1 19
17 22
7 31
22 29
31 34
13 19
2 24
27 31
23 24
5 10
4 6
3 22
13 34
8 22
4 17
2 33
26 34
9 23
11 20
6 27
11 25
7 34
4 8
2 8
4 27
9 29
14 26
19 22
2 34
10 26
7 11
6 17
1 20
32 33
7 20
12 20
1 25
17 28
22 27
1 14
4 13
2 13
9 11
19 32
14 23
20 27
25 29
15 22
11 30
1 23
16 30
13 15
13 28
3 26
2 14
4 29
6 8
5 16
20 24
3 32
10 16
15 21
7 13
21 29
11 29
26 31
6 34
13 18
10 33
17 26
13 31
9 12
18 33
4 7
10 11
4 18
19 26
9 22
21 35
5 19
28 34
10 21
25 27
16 21
5 32
1 29
16 24
22 31
13 21
2 26
10 34
4 9
3 20
5 25
7 10
5 22
7 23
12 21
2 16
17 19
8 11
17 32
23 29
24 35
19 35
25 34
8 17
6 12
4 20
19 20
22 35
21 25
1 22
26 27
16 31
30 35
13 14
9 35
3 8
11 32
1 8
18 29
8 27
24 32
4 30
19 30
