35 35 178
4 26 8 10 12 2 1 34 25 35 5 6 15 33 7 11 31 27 20 32 9 21 28 24 17 19 22 14 23 13 16 3 29 18 30 
24 30 15 21 19 13 2 29 1 6 11 25 35 23 5 31 26 10 27 4 18 20 9 33 3 34 17 14 7 28 16 22 32 12 8 
10 14 18 23 31 30 21 22 20 8 12 11 26 15 28 27 25 6 16 5 33 34 7 24 32 2 4 1 35 17 29 3 19 13 9 
21 16 34 23 35 17 12 2 6 1 10 28 3 14 5 9 18 31 29 25 24 27 32 4 22 20 26 13 15 33 30 8 7 19 11 
3 27 7 22 5 11 4 16 19 35 10 29 14 6 23 33 31 21 25 18 1 8 28 24 20 26 12 13 2 17 15 9 32 30 34 
22 11 33 2 32 25 24 16 21 7 8 14 34 23 20 1 19 3 30 12 4 10 9 17 29 6 28 15 13 18 27 31 35 5 26 
8 30 35 2 4 34 20 14 15 17 3 22 12 33 28 19 29 32 10 31 23 1 24 5 7 21 16 25 6 26 9 18 11 27 13 
26 27 22 16 11 13 35 34 28 3 18 1 29 25 8 9 32 12 17 2 30 20 15 19 23 31 33 7 4 24 6 5 14 10 21 
1 31 3 32 14 12 18 25 7 6 28 33 10 15 17 23 2 22 29 5 30 24 34 4 8 16 11 27 21 19 35 9 20 26 13 
15 18 27 16 33 2 28 11 1 7 3 13 29 4 23 20 19 25 24 35 30 17 34 26 21 12 9 32 22 10 31 5 8 6 14 
32 6 14 7 25 12 10 4 23 22 33 2 3 28 16 27 34 1 17 19 35 30 15 5 8 11 24 20 9 29 31 26 21 18 13 
22 20 18 19 32 29 8 10 14 21 15 16 17 31 26 12 35 7 4 23 11 1 33 25 3 27 30 34 5 9 28 13 24 6 2 
4 30 34 13 33 12 11 18 28 25 1 19 10 21 26 17 14 9 35 5 27 31 29 20 3 7 2 22 24 8 32 23 16 6 15 
29 17 19 9 30 28 33 5 15 34 27 22 14 13 31 3 20 18 16 11 24 12 10 21 7 35 2 25 1 32 6 26 8 23 4 
30 18 35 34 29 11 2 5 4 23 32 10 13 8 15 14 17 27 16 1 19 12 21 28 7 33 3 25 20 24 9 22 26 6 31 
22 24 12 27 25 26 4 1 10 28 7 8 6 19 35 2 5 29 9 14 23 15 18 32 20 31 3 16 11 17 13 21 34 30 33 
28 6 14 29 34 26 1 12 19 35 7 25 32 8 3 11 16 17 23 5 21 15 10 30 22 9 27 2 33 24 13 18 31 4 20 
1 35 10 25 18 23 15 28 29 6 33 30 27 4 34 16 12 14 9 26 22 21 31 11 20 19 7 2 13 8 5 3 17 24 32 
15 1 18 14 35 26 8 21 13 11 6 27 2 32 28 34 12 5 19 24 9 22 30 20 7 31 23 16 4 10 17 33 3 29 25 
32 19 24 9 25 3 16 10 18 31 5 21 8 26 30 22 4 1 28 35 15 33 2 23 14 13 34 27 11 17 20 6 29 7 12 
21 33 6 10 7 5 27 32 35 20 2 23 12 13 1 15 34 8 22 4 3 24 26 30 9 17 14 28 11 25 31 19 16 29 18 
28 4 29 17 11 31 20 19 8 23 9 30 1 10 24 12 22 3 34 16 27 35 33 26 6 18 15 2 14 21 13 5 25 7 32 
9 35 1 29 33 28 2 12 11 15 8 7 22 6 27 20 25 17 21 14 23 4 26 30 10 3 24 19 5 13 34 18 32 16 31 
2 9 1 14 28 26 13 6 33 29 12 10 35 17 15 25 34 20 30 32 18 8 4 7 27 31 24 19 23 11 22 5 3 21 16 
10 15 13 5 22 29 26 3 34 7 8 19 25 24 35 32 17 9 33 27 6 23 20 16 30 4 14 28 12 11 1 18 2 21 31 
29 30 7 22 5 1 14 33 20 34 4 16 13 28 12 19 27 23 25 6 17 21 3 26 2 32 31 15 35 8 18 9 24 11 10 
6 26 9 17 35 13 1 22 31 16 30 12 21 19 23 2 5 27 15 7 24 18 10 28 34 33 4 14 29 11 3 20 32 8 25 
14 4 11 23 7 1 15 8 28 30 24 34 20 9 2 27 29 13 25 22 21 12 3 5 16 18 6 35 19 32 33 17 31 10 26 
13 26 15 11 19 29 17 33 6 20 28 10 22 1 7 3 35 9 16 24 21 27 23 4 34 12 2 18 31 8 14 25 5 30 32 
29 26 19 20 33 3 30 31 12 18 8 24 14 10 27 35 34 6 9 4 17 16 22 25 28 21 5 7 1 13 32 11 15 2 23 
6 31 3 25 34 11 2 20 19 1 18 23 15 35 30 26 16 28 29 22 33 8 9 32 17 24 14 4 27 5 21 12 10 7 13 
18 33 26 16 2 11 14 27 23 35 22 15 5 8 4 1 9 17 13 19 24 3 25 28 7 32 29 21 31 6 34 12 20 10 30 
6 22 29 15 35 34 9 25 2 18 11 17 8 24 7 5 28 33 4 23 32 1 21 31 26 16 30 14 10 12 19 13 27 20 3 
11 9 6 4 8 3 7 13 35 12 32 23 19 10 25 30 14 17 16 15 31 18 33 20 21 29 5 34 2 24 28 26 1 22 27 
5 7 18 32 9 2 22 11 4 26 24 29 34 15 19 28 12 10 33 17 27 21 8 14 31 23 35 6 20 3 30 25 13 1 16 
5 31
20 25
6 28
11 28
1 17
17 20
13 17
12 31
34 35
18 30
4 19
9 21
26 32
28 35
23 35
7 19
21 31
16 25
31 35
7 28
27 28
2 27
23 25
13 35
14 24
10 24
11 21
7 22
6 26
5 34
12 22
2 17
16 19
22 25
13 23
1 12
2 11
4 26
30 32
2 18
9 34
17 29
22 26
11 35
17 34
14 33
4 12
24 33
1 33
15 26
24 31
10 30
25 30
15 23
20 21
26 29
7 24
13 16
2 23
17 24
14 34
3 27
19 28
24 28
10 19
16 23
7 18
6 30
23 34
26 30
17 22
22 29
12 29
2 24
23 24
3 5
18 32
9 13
5 10
4 6
13 34
8 22
14 25
5 7
10 25
2 33
26 34
10 20
16 20
31 33
3 15
23 31
12 32
3 21
4 22
19 22
2 34
9 18
7 11
11 14
5 23
3 10
11 34
1 14
24 34
19 32
9 24
8 16
6 15
10 31
15 22
6 18
7 14
12 14
13 15
2 3
18 28
3 26
2 14
1 35
15 24
14 16
15 21
12 19
26 31
17 21
7 30
17 26
13 33
10 11
8 23
14 30
4 18
26 35
24 26
15 31
21 35
11 23
23 32
6 24
29 35
7 29
13 21
27 29
1 2
8 14
12 33
28 30
18 34
5 12
14 27
5 25
4 23
19 25
4 34
7 23
32 34
5 35
7 32
3 13
8 11
23 29
8 30
19 35
3 19
9 31
25 34
14 20
10 28
7 9
22 35
9 35
17 30
13 27
18 29
3 29
2 15
24 32
