35 35 208
28 3 18 7 1 5 35 9 10 8 29 27 33 25 19 20 15 26 2 11 6 21 14 34 17 13 31 16 4 22 30 24 23 32 12 
28 22 12 23 18 32 31 35 9 13 4 1 14 26 7 33 10 27 5 21 25 3 17 8 34 11 16 29 20 19 6 24 15 30 2 
28 3 16 8 27 18 33 4 13 15 11 22 14 24 7 6 32 31 17 5 26 21 19 2 30 23 35 25 12 9 34 1 10 20 29 
34 1 16 25 33 28 7 11 3 4 24 32 12 10 2 18 19 9 13 17 23 26 5 14 27 6 22 8 31 29 21 30 35 15 20 
6 32 21 8 28 12 19 27 10 34 23 7 4 11 22 17 15 33 24 5 14 26 3 9 35 2 16 13 1 25 20 30 29 18 31 
21 8 2 22 5 35 9 1 19 7 11 20 33 14 18 32 17 29 26 28 13 12 31 16 3 4 30 27 6 23 10 34 24 15 25 
33 11 16 35 4 26 6 31 15 24 30 10 25 8 17 27 20 29 12 13 2 5 3 19 34 18 28 7 23 9 21 22 14 32 1 
15 20 32 26 18 10 4 33 19 11 31 9 29 14 22 21 28 1 30 8 5 12 17 23 6 34 24 2 35 3 25 27 16 13 7 
11 16 5 1 19 24 13 3 18 26 4 33 27 2 29 32 10 20 9 28 23 22 31 15 21 17 6 8 7 35 12 25 30 14 34 
33 13 19 8 3 9 16 25 21 5 23 35 12 7 10 15 18 1 17 29 32 22 26 11 31 34 24 2 14 27 6 20 28 4 30 
30 20 23 6 32 16 13 3 28 21 25 35 2 10 4 33 31 34 19 27 11 29 14 1 12 17 22 7 26 9 24 18 5 15 8 
3 17 16 31 10 25 15 11 27 21 6 33 1 12 30 8 32 9 14 22 20 35 26 34 7 18 24 28 23 29 13 4 2 19 5 
13 26 23 28 10 14 3 32 30 18 29 9 8 2 22 31 19 17 6 7 4 11 34 12 5 25 16 20 1 33 35 27 24 15 21 
21 12 34 18 7 15 22 27 25 35 19 6 26 32 13 14 16 1 4 20 11 2 3 31 30 9 24 23 33 29 17 10 5 28 8 
19 21 3 31 27 17 23 32 13 15 12 18 29 22 30 14 7 34 4 11 2 20 33 1 16 9 8 26 28 6 35 25 5 24 10 
28 9 17 33 13 5 18 8 6 35 32 2 26 14 10 24 12 34 4 20 23 22 21 11 30 1 16 29 31 7 25 15 19 27 3 
3 33 21 19 4 24 35 26 13 9 5 32 17 31 1 29 28 14 30 27 23 22 18 8 7 11 16 15 34 6 25 10 20 2 12 
22 29 28 26 10 34 20 19 17 3 30 11 9 14 2 7 18 24 15 33 21 1 32 6 16 13 8 5 4 27 12 23 35 25 31 
2 10 28 31 7 24 12 19 30 26 15 34 27 11 13 16 29 22 32 14 21 18 1 35 23 6 4 20 3 33 5 8 9 17 25 
9 13 8 16 30 27 24 12 1 14 2 35 17 3 25 4 31 28 10 20 26 22 33 5 11 6 23 32 19 7 18 34 21 29 15 
9 33 19 17 11 7 4 32 34 1 16 15 28 6 24 29 8 14 27 25 22 21 13 5 3 23 10 20 12 18 31 26 35 2 30 
20 1 32 27 13 15 16 22 5 7 21 10 28 4 25 29 9 6 2 11 12 8 34 33 18 23 30 26 35 19 3 24 14 17 31 
19 27 23 13 2 9 32 17 15 24 14 28 25 34 22 33 35 4 7 5 8 26 16 11 12 6 1 18 3 21 10 29 31 20 30 
3 23 10 33 1 15 30 2 25 34 5 35 27 11 24 13 22 21 6 9 19 4 7 28 29 14 18 12 31 8 16 32 17 20 26 
22 29 18 5 10 25 2 19 7 9 13 33 6 35 32 28 11 17 1 31 34 3 12 24 15 27 26 8 16 14 21 4 23 30 20 
14 18 21 24 5 19 30 20 7 25 23 2 35 8 31 4 15 27 17 3 22 29 28 11 6 10 34 16 1 9 32 13 33 12 26 
28 21 4 26 20 19 7 10 8 16 3 15 6 18 12 5 14 29 22 2 33 24 32 23 31 34 25 9 35 17 30 1 11 13 27 
26 1 23 13 7 27 2 33 15 10 12 9 30 24 28 19 17 18 5 29 31 20 3 14 11 16 8 32 25 34 4 35 6 21 22 
13 25 3 30 15 33 6 2 32 10 21 1 16 19 14 4 23 29 11 27 35 34 26 7 18 31 9 17 22 5 20 12 24 28 8 
28 2 24 8 16 15 26 5 12 10 35 4 14 13 18 23 20 6 9 30 25 29 31 17 21 11 7 32 33 34 22 1 3 27 19 
13 10 25 23 8 4 7 34 17 2 5 30 16 26 29 12 15 20 35 24 9 11 14 18 31 32 33 3 21 27 1 19 6 28 22 
5 31 35 28 32 18 34 4 10 14 15 20 12 13 6 22 21 24 7 17 2 9 25 27 1 8 11 16 3 29 26 19 23 33 30 
25 31 13 33 27 19 20 12 30 15 2 24 32 18 6 29 7 17 10 34 9 22 35 8 26 14 5 11 1 28 23 16 4 3 21 
20 8 34 12 31 17 3 29 28 11 35 33 7 6 10 14 15 24 21 2 22 5 13 4 26 19 16 9 1 30 25 27 32 23 18 
35 21 18 13 23 25 1 8 28 14 30 17 24 26 3 15 10 12 7 16 33 29 34 31 32 9 2 20 19 22 6 5 11 27 4 
6 9
5 31
3 35
25 31
7 12
21 28
1 17
26 28
13 17
13 30
2 5
18 30
8 24
6 7
24 27
6 10
21 34
20 30
28 35
10 18
12 17
11 27
1 28
16 25
22 28
13 20
8 15
23 25
4 10
12 34
2 6
9 14
18 35
15 34
10 13
20 32
4 16
10 24
9 16
15 29
6 23
5 21
7 22
6 26
2 17
17 18
3 12
2 28
18 25
23 28
4 15
2 11
15 33
4 26
6 13
14 21
4 21
11 15
10 29
22 32
4 32
1 21
7 21
30 32
12 27
2 18
9 34
16 35
22 26
18 26
17 34
4 12
24 33
1 33
20 26
10 30
25 30
6 29
21 27
8 32
13 16
12 24
2 23
18 31
3 27
19 28
24 28
11 26
26 30
17 22
16 26
31 34
22 29
18 21
12 35
2 7
9 13
13 34
4 6
3 22
14 25
19 27
9 23
15 28
6 20
20 28
28 33
6 27
5 33
12 23
11 25
7 34
2 29
18 22
23 31
28 29
2 8
5 13
9 29
25 32
5 26
11 14
2 34
15 19
11 19
1 20
32 33
16 17
12 20
9 33
1 25
7 33
3 10
17 33
4 13
4 24
1 32
25 35
9 24
20 27
12 14
16 30
21 23
13 28
2 3
1 9
14 35
3 26
9 27
6 8
20 24
3 32
26 31
7 30
12 30
27 30
10 33
2 25
1 7
5 9
8 23
20 34
5 19
20 29
11 23
25 27
16 21
23 32
6 24
12 16
1 29
7 29
31 32
27 29
2 26
8 14
18 23
12 33
18 34
3 20
2 35
9 17
7 10
6 22
4 34
11 18
7 23
32 34
5 35
2 16
2 10
5 15
3 19
8 17
27 35
25 28
15 17
21 25
30 35
9 35
17 30
16 34
11 32
3 29
2 15
8 27
4 30
19 30
