35 35 178
9 12 20 32 35 16 26 2 7 22 18 3 30 13 11 17 23 6 28 14 33 15 29 5 10 25 8 24 31 19 21 27 34 4 1 
12 14 1 34 2 32 26 22 18 31 17 35 4 29 5 21 16 3 7 6 15 23 19 8 30 24 33 28 27 13 25 9 11 20 10 
28 14 5 6 25 26 32 8 29 21 24 1 12 10 22 34 27 13 20 33 19 4 2 17 11 15 7 18 23 3 9 16 30 35 31 
33 25 21 28 31 22 35 11 7 13 29 16 10 5 2 19 9 12 34 23 32 8 20 30 17 18 26 27 24 6 15 14 4 3 1 
34 26 21 4 11 17 8 12 2 14 16 18 15 20 35 28 22 30 7 10 31 25 19 23 32 9 24 27 29 5 1 6 33 3 13 
6 30 3 22 1 31 13 14 2 23 10 32 33 34 29 8 21 19 4 17 16 35 5 27 25 26 9 24 11 18 12 7 20 28 15 
26 6 34 28 24 11 18 30 20 33 5 3 13 17 14 35 21 4 2 27 8 31 19 32 15 9 7 29 16 22 25 12 23 1 10 
33 17 4 8 26 1 10 12 16 32 13 22 28 7 23 30 21 34 18 20 27 6 35 25 15 9 19 2 24 11 5 14 29 3 31 
13 34 2 12 4 3 8 9 35 17 23 16 29 20 33 28 31 5 6 19 11 26 22 10 32 14 21 27 7 18 25 30 15 24 1 
33 34 19 12 1 2 5 20 14 16 25 17 30 6 27 9 31 11 23 29 10 13 21 18 32 24 28 7 22 3 26 4 8 35 15 
4 14 35 17 7 15 11 20 12 31 21 30 6 34 19 24 28 22 1 26 9 16 25 32 5 23 2 27 3 29 18 8 13 33 10 
19 15 10 5 13 11 25 2 32 24 4 20 8 34 3 18 16 23 31 29 7 35 9 17 21 1 30 28 26 12 14 22 33 27 6 
29 1 16 11 15 9 18 32 2 12 28 31 14 26 3 6 17 25 33 27 5 19 4 30 20 13 24 7 8 35 34 22 23 10 21 
35 11 14 16 28 2 23 12 8 3 27 34 20 17 26 33 6 24 15 13 4 32 31 10 21 22 9 1 7 25 29 30 5 18 19 
13 31 5 23 8 10 3 9 17 35 18 22 1 11 19 15 14 33 30 28 29 34 21 4 26 6 20 16 25 27 32 24 2 7 12 
4 3 18 14 17 1 26 21 35 33 11 5 16 24 27 23 19 28 13 10 6 7 2 9 12 31 30 22 25 8 29 20 32 34 15 
28 13 19 35 1 14 4 26 33 22 15 7 27 20 18 31 24 9 16 25 17 12 10 23 30 5 3 29 2 11 32 21 6 34 8 
3 23 15 24 32 28 9 10 16 31 29 22 26 19 34 2 33 21 12 8 7 1 5 4 25 30 17 20 6 14 27 35 11 13 18 
35 6 11 1 9 30 18 12 24 16 15 21 23 20 29 4 3 27 19 26 33 28 8 22 17 7 32 10 34 31 5 2 25 13 14 
6 8 9 19 16 27 11 32 30 33 25 35 13 12 18 22 10 21 31 14 26 23 24 20 34 7 28 4 3 2 17 15 5 1 29 
16 29 18 9 13 33 22 21 20 28 6 12 11 5 8 24 19 27 25 35 3 32 14 1 15 7 31 26 17 10 4 34 30 2 23 
12 1 24 29 17 14 25 31 7 28 15 21 27 11 23 18 30 5 6 26 2 4 13 35 20 10 8 22 33 9 3 32 34 16 19 
33 32 29 35 15 8 9 23 18 31 1 26 10 30 19 4 27 7 14 5 21 11 12 24 16 17 13 34 2 6 20 28 3 22 25 
16 22 28 9 5 33 11 15 14 18 12 30 6 23 29 1 32 4 13 7 25 8 27 26 3 31 21 24 20 19 17 2 35 10 34 
24 21 34 30 17 27 8 7 33 22 1 28 11 4 9 32 20 13 14 25 5 19 35 12 18 16 2 29 23 26 10 31 15 3 6 
16 13 23 22 1 34 26 9 17 31 3 5 11 8 20 18 21 6 29 32 33 7 30 19 25 12 24 14 35 15 27 2 28 4 10 
24 31 12 28 1 30 33 15 14 17 16 10 21 35 25 18 6 4 26 11 27 13 19 9 7 22 3 23 34 8 20 2 5 32 29 
26 15 6 9 12 18 34 19 31 23 8 2 13 14 1 11 16 5 17 24 27 3 7 35 21 29 28 32 22 30 20 4 10 33 25 
6 29 8 15 9 32 33 12 2 35 24 16 4 11 1 34 26 20 13 31 22 14 30 17 28 10 27 25 5 21 23 3 18 19 7 
24 12 3 29 17 4 27 10 21 25 9 15 8 26 2 14 5 31 32 33 6 18 30 13 34 19 23 11 1 7 20 28 16 22 35 
23 15 35 10 18 9 19 17 21 33 5 28 31 16 27 34 30 7 26 29 8 32 14 11 4 3 1 22 2 25 24 13 6 20 12 
14 1 30 5 8 11 34 24 22 29 19 16 17 32 2 3 27 18 12 26 9 33 6 15 10 25 4 20 35 31 28 21 23 13 7 
17 28 16 6 7 11 23 34 22 24 33 15 4 21 29 8 30 1 20 5 18 25 35 9 26 10 12 2 13 19 32 3 14 31 27 
28 19 31 24 27 21 33 26 23 7 34 15 35 22 9 10 8 14 25 13 16 20 18 11 6 5 3 1 29 30 17 12 4 32 2 
33 12 34 21 15 5 11 35 25 3 23 29 20 31 4 19 6 22 2 28 7 24 18 10 14 26 8 30 32 9 17 1 13 16 27 
9 26
15 27
24 30
20 25
15 20
21 28
16 28
7 25
17 25
2 5
1 11
5 8
26 32
24 27
11 22
28 35
7 19
6 25
29 34
17 23
7 28
12 28
10 35
27 28
2 27
8 15
2 6
9 14
4 5
3 23
10 13
8 21
5 24
4 16
19 24
10 24
9 16
15 29
14 15
5 21
6 23
10 23
32 35
2 17
23 28
4 15
6 13
4 21
10 29
9 19
22 32
6 16
1 21
22 23
12 27
9 34
22 26
13 26
11 35
1 15
9 25
20 26
15 23
26 29
13 16
13 29
18 31
15 25
20 31
3 33
10 19
23 34
6 30
22 29
13 19
2 24
10 32
18 21
2 7
13 34
4 6
3 22
5 7
19 27
10 25
26 34
15 28
24 25
5 20
11 20
10 20
16 20
5 33
18 22
28 29
15 32
4 27
9 29
25 32
30 31
10 26
9 18
15 19
6 17
1 20
7 33
2 13
3 16
25 35
6 15
5 29
11 13
10 31
21 26
8 33
16 30
30 34
21 23
13 28
14 29
4 29
19 31
20 24
15 21
7 13
21 29
29 32
11 29
1 18
7 30
27 30
1 7
3 4
13 33
10 11
14 30
20 34
19 26
9 22
24 26
15 31
5 19
31 32
22 31
10 12
9 28
8 20
14 27
5 25
4 23
19 25
2 35
10 27
7 10
15 18
12 21
9 32
33 35
1 24
3 13
2 31
18 24
17 32
2 10
4 25
6 12
5 28
4 20
11 12
6 19
21 25
7 26
21 22
12 26
17 30
3 8
11 32
14 32
