35 35 208
9 30 31 11 15 29 33 32 20 7 6 24 25 23 16 3 19 22 18 27 1 13 17 34 14 28 8 5 2 35 4 10 21 26 12 
16 35 2 5 18 23 27 3 29 25 14 20 32 31 21 9 30 13 6 24 15 34 26 22 10 4 1 19 12 28 17 8 11 7 33 
11 27 19 29 12 24 7 13 8 16 34 20 10 23 6 1 28 18 9 5 22 35 30 3 4 32 25 31 15 33 26 14 2 17 21 
30 6 35 8 22 11 10 2 3 25 20 14 23 26 21 18 31 4 19 24 27 12 17 16 7 32 13 5 15 34 9 1 33 29 28 
33 19 29 12 6 3 22 20 13 10 31 4 15 18 35 1 17 28 8 30 16 21 2 14 24 26 27 23 7 32 34 9 11 25 5 
9 20 30 31 21 27 29 4 26 14 11 17 25 23 28 24 33 5 6 19 8 15 18 16 35 10 7 13 32 2 3 34 22 12 1 
13 28 12 4 26 17 3 31 24 21 19 35 15 33 22 7 27 18 34 16 8 1 9 23 20 5 2 14 6 30 32 29 25 11 10 
27 23 16 26 32 22 15 18 11 20 19 35 9 24 21 33 10 25 17 29 1 7 2 34 14 28 8 6 13 31 5 3 4 30 12 
29 12 22 14 15 2 35 6 30 27 19 31 21 13 10 5 7 20 28 25 8 18 9 33 4 34 23 1 26 17 3 16 32 24 11 
25 11 21 35 7 12 22 4 26 5 2 19 31 27 28 30 33 9 16 20 13 29 3 34 23 18 17 10 8 14 32 15 1 6 24 
15 31 1 24 22 26 11 13 25 5 28 34 2 35 10 17 12 30 7 6 29 27 8 19 21 14 9 33 3 23 18 32 4 20 16 
24 35 15 28 4 34 11 19 32 20 13 31 7 8 3 18 22 17 30 5 12 1 26 23 25 27 9 16 14 29 6 33 10 21 2 
10 14 1 5 16 21 11 15 30 19 17 9 26 35 34 29 13 31 2 25 7 33 24 4 22 8 32 20 23 6 27 3 12 28 18 
30 25 8 3 9 2 12 24 22 33 11 1 31 13 27 19 7 4 17 21 34 15 35 32 20 16 14 26 28 5 23 18 29 6 10 
14 11 2 19 8 12 1 30 10 26 23 16 3 33 34 31 25 27 20 13 21 17 28 15 35 29 6 24 22 32 18 4 9 7 5 
24 30 10 23 25 17 8 19 6 20 35 13 32 14 3 1 26 28 15 27 22 33 29 7 34 5 21 11 31 2 12 9 16 18 4 
9 31 5 24 3 6 12 4 18 23 13 7 26 8 16 30 19 27 33 34 20 11 22 35 1 17 28 32 25 15 10 14 2 29 21 
23 30 28 7 20 17 22 18 32 15 19 35 10 31 12 11 4 16 6 14 3 21 2 9 33 8 34 27 13 25 1 26 24 5 29 
9 3 31 5 26 12 2 16 13 29 10 22 32 28 25 6 24 15 17 27 20 1 14 21 8 33 30 34 35 4 7 23 18 19 11 
17 33 18 15 2 14 20 28 30 13 8 32 35 9 31 1 3 12 4 25 29 7 34 26 16 6 22 10 24 21 11 23 27 19 5 
6 11 22 25 14 34 29 15 10 32 28 20 17 18 23 16 5 3 4 19 31 30 9 12 21 24 26 7 27 2 13 8 35 33 1 
8 13 15 17 35 25 7 1 5 14 32 34 18 3 31 27 6 23 28 10 9 11 33 20 2 29 12 21 24 4 30 16 19 22 26 
23 8 6 17 15 2 24 27 35 25 29 14 7 5 21 28 30 10 19 1 13 11 22 3 9 20 18 4 16 12 32 33 34 31 26 
14 9 4 24 1 28 5 23 35 10 18 11 30 17 29 21 25 32 22 8 27 31 16 33 34 26 2 13 15 20 12 3 6 7 19 
31 9 34 5 7 33 1 23 20 26 11 29 10 16 17 28 30 19 15 3 18 12 22 35 8 2 32 24 27 25 14 6 4 13 21 
4 11 21 34 1 14 2 29 19 12 28 17 18 6 5 13 23 31 3 35 10 25 30 26 16 7 22 33 32 27 24 9 15 8 20 
32 33 26 34 20 13 29 12 31 17 35 28 5 11 24 14 15 27 9 22 30 25 23 6 3 10 21 4 2 16 7 19 18 8 1 
21 18 20 31 25 22 4 27 7 26 24 9 17 11 28 6 2 10 1 19 34 15 13 14 5 35 12 23 3 33 16 29 8 32 30 
34 1 21 2 31 7 8 25 29 5 12 22 6 10 33 15 26 17 18 14 19 30 4 27 3 9 32 28 23 11 24 35 16 13 20 
6 31 32 25 5 23 15 2 4 18 21 16 24 11 33 35 27 10 7 29 13 17 12 9 8 22 34 3 14 30 28 26 19 1 20 
30 6 18 32 1 33 3 8 27 35 10 16 28 9 14 23 5 7 20 24 25 22 17 11 34 29 4 19 15 12 2 26 31 21 13 
21 32 26 10 13 8 33 14 7 2 6 31 27 18 28 25 24 3 17 22 29 23 15 5 35 11 9 12 1 34 30 16 4 19 20 
3 31 8 12 29 28 24 23 22 18 13 34 19 27 32 6 10 4 2 11 35 15 25 7 17 5 9 20 21 33 26 1 16 30 14 
23 30 16 22 12 29 2 35 10 20 1 3 34 17 31 13 6 26 7 28 15 5 27 33 4 18 9 24 25 8 14 19 11 32 21 
9 30 8 14 6 25 29 23 27 19 12 22 2 31 1 18 34 4 5 28 35 17 16 21 33 11 15 32 13 24 3 20 26 7 10 
1 34
20 25
10 17
25 31
15 20
6 28
26 28
6 35
17 25
23 26
2 5
14 31
6 7
14 18
5 18
6 10
10 18
25 26
16 22
7 19
29 34
12 17
1 28
27 28
8 15
23 25
4 10
18 35
15 34
29 30
10 13
9 16
4 35
11 21
16 19
2 17
17 18
7 35
22 25
2 28
1 12
8 12
23 28
4 26
10 14
14 21
5 27
11 15
15 16
7 8
22 32
7 21
22 23
30 32
12 27
9 34
16 35
13 26
11 35
18 26
2 12
10 30
27 33
7 15
25 30
20 21
12 13
13 16
12 24
13 29
1 10
14 34
8 25
19 28
26 33
24 28
5 17
20 31
3 33
10 19
29 33
7 31
13 19
12 29
10 32
4 11
3 5
5 10
13 34
8 22
5 7
4 17
19 27
10 25
26 34
6 20
5 20
28 33
10 20
6 27
1 30
31 33
13 22
3 15
18 22
8 13
12 32
3 21
9 29
2 34
15 19
6 17
7 11
4 33
11 19
7 20
1 25
7 33
22 27
13 25
4 24
1 32
8 16
25 35
5 29
20 27
19 21
6 15
25 29
11 13
20 22
8 33
7 27
6 33
30 34
3 9
1 9
18 28
14 35
4 29
19 31
9 27
6 8
14 16
21 29
12 19
11 29
26 31
17 21
16 27
6 34
13 18
27 30
18 33
9 12
5 9
4 7
3 25
10 11
24 26
15 31
21 35
11 23
16 21
23 32
5 32
29 35
31 32
1 2
2 9
9 15
3 20
10 12
9 28
14 27
5 25
4 23
10 27
2 35
7 10
6 22
5 22
7 32
13 24
1 13
17 32
4 14
2 10
9 10
24 35
19 35
9 31
25 34
8 17
5 28
4 20
11 12
19 20
22 35
12 15
8 34
13 14
17 30
16 34
1 8
14 32
8 27
24 32
