35 35 178
10 17 8 31 7 21 35 4 16 23 5 1 19 33 13 15 22 29 6 18 9 30 11 34 2 3 12 26 20 27 25 28 32 24 14 
32 24 26 14 34 31 25 27 29 16 28 9 1 11 20 7 33 21 5 3 17 15 2 6 8 35 19 30 10 22 4 23 18 12 13 
20 34 6 18 11 21 26 13 16 22 4 10 17 19 23 9 25 14 30 12 32 29 33 28 5 1 27 8 2 35 7 31 24 15 3 
7 15 11 17 25 2 29 35 34 8 24 32 23 12 26 13 5 6 18 31 27 30 16 1 10 28 22 21 14 9 19 4 3 33 20 
8 28 7 31 10 11 16 29 35 22 33 12 4 19 18 9 27 21 23 26 32 25 20 5 24 34 3 1 2 30 6 13 14 15 17 
30 9 2 3 8 13 18 21 4 32 34 17 5 28 31 27 7 10 11 29 20 22 12 15 24 19 1 23 33 35 26 6 25 14 16 
20 28 10 1 25 27 17 24 4 7 14 21 33 32 29 35 15 13 19 16 9 26 3 30 18 34 31 12 5 23 22 8 11 2 6 
10 13 22 24 2 6 3 14 1 18 5 19 32 33 8 15 35 21 23 11 34 9 27 26 7 4 29 17 30 20 28 31 16 12 25 
16 28 17 12 4 2 23 8 24 33 11 30 31 21 13 5 32 7 3 14 6 1 20 25 19 9 22 10 29 34 27 18 15 26 35 
20 31 30 2 27 24 34 5 6 17 22 25 16 4 21 13 15 18 19 23 28 10 32 26 3 11 14 29 9 8 35 12 33 1 7 
26 15 6 8 30 12 5 19 3 14 24 22 35 10 11 16 17 33 32 2 31 18 25 28 34 29 7 20 4 21 27 23 13 9 1 
26 35 18 8 15 34 27 13 31 1 6 9 21 25 2 24 4 20 19 11 17 7 3 32 12 22 23 33 14 16 30 28 29 5 10 
6 31 16 20 24 25 7 1 17 30 28 26 9 19 34 35 33 22 27 4 21 11 2 29 13 3 12 14 23 8 32 18 10 15 5 
13 16 12 25 1 33 22 24 10 35 30 34 23 8 21 3 4 11 18 29 5 14 26 9 15 20 6 19 17 32 7 27 31 28 2 
15 24 9 17 11 2 7 29 10 16 32 28 33 12 25 1 13 23 26 8 27 4 19 21 14 6 5 22 31 3 18 34 30 20 35 
20 17 12 28 6 23 4 9 27 31 16 35 1 26 22 30 7 19 21 32 14 24 18 15 5 29 10 3 13 25 11 8 34 2 33 
10 4 27 20 13 11 18 2 8 31 6 23 25 28 9 15 16 26 32 3 35 24 17 14 12 21 30 5 1 33 7 29 19 22 34 
2 20 15 28 1 18 5 3 25 26 27 13 29 12 17 7 6 34 21 16 33 31 8 19 9 23 22 14 11 10 4 24 35 30 32 
33 12 5 24 22 21 28 23 26 6 17 29 3 18 14 2 8 13 16 11 19 10 31 30 15 9 35 7 27 20 4 32 25 1 34 
20 9 30 4 16 10 5 28 21 33 7 27 15 17 32 35 31 8 24 12 25 14 6 1 2 29 34 11 13 19 23 3 22 26 18 
24 9 27 1 8 29 34 18 2 32 13 17 4 30 23 11 14 28 10 26 25 16 3 35 22 6 31 5 21 12 20 33 15 7 19 
22 31 16 17 1 13 7 24 21 35 30 6 2 18 26 5 20 12 10 15 4 33 14 28 25 32 19 23 9 11 3 27 8 34 29 
14 29 4 15 30 6 11 10 23 25 32 19 18 9 22 12 28 21 5 16 33 8 20 31 1 3 7 17 2 34 27 13 26 24 35 
22 25 10 35 15 17 18 26 7 13 9 24 29 5 34 14 1 11 4 33 27 19 16 21 8 23 3 31 28 32 12 30 6 2 20 
19 3 6 31 30 1 22 7 32 33 35 15 24 5 20 28 29 25 4 11 16 21 10 9 13 8 18 2 14 26 12 27 23 17 34 
16 7 29 17 14 24 27 11 13 8 20 9 31 21 26 23 33 35 6 5 18 12 1 32 34 2 10 3 4 15 22 19 30 25 28 
20 4 3 8 12 21 10 24 16 17 34 18 14 6 5 13 22 2 11 26 33 23 19 15 28 25 27 1 31 32 35 9 30 29 7 
18 34 8 14 33 1 5 22 4 3 7 25 19 9 28 26 24 15 29 20 10 16 12 30 11 6 27 35 17 31 23 32 2 21 13 
4 16 25 21 9 33 32 17 12 34 23 10 11 8 13 29 7 3 18 14 19 26 6 1 30 15 27 20 2 5 28 31 22 35 24 
8 24 14 13 27 4 31 17 1 7 25 19 35 6 16 32 26 3 2 28 15 23 20 5 21 9 30 12 34 10 29 22 11 18 33 
23 28 19 35 6 11 13 29 3 7 15 8 2 17 31 32 16 24 5 20 12 9 34 18 1 10 27 14 26 22 33 21 30 25 4 
28 33 30 5 35 14 24 17 9 8 19 2 4 12 6 15 1 29 26 21 16 7 23 3 10 22 20 18 25 34 13 27 11 31 32 
31 2 6 17 22 9 16 3 4 12 21 23 29 32 20 34 1 25 33 18 27 30 5 14 15 13 24 28 10 7 35 26 11 19 8 
8 33 19 27 29 25 3 34 2 1 32 18 21 31 5 22 11 17 4 12 7 28 26 14 15 9 20 24 10 35 13 23 16 30 6 
17 19 6 28 8 18 26 10 24 13 25 3 11 35 9 29 34 1 5 30 23 12 14 7 33 2 4 21 27 22 20 32 15 16 31 
6 9
3 35
10 17
15 20
7 12
13 17
12 31
23 26
18 30
6 7
20 35
19 29
26 32
20 30
11 22
12 17
11 27
29 34
7 28
22 28
23 25
2 6
13 35
10 13
14 24
4 16
19 24
15 29
10 23
32 35
1 31
33 34
17 18
3 12
18 25
1 12
23 28
4 15
5 14
8 18
14 21
25 33
19 23
10 29
11 15
1 21
8 35
7 21
3 11
11 35
8 9
14 33
2 12
8 28
19 33
1 33
15 26
10 30
7 15
15 23
21 27
1 16
16 29
6 32
1 5
17 24
3 6
19 28
26 33
5 17
21 30
1 19
13 19
17 27
4 11
19 27
26 34
6 20
11 20
28 33
16 20
6 27
7 34
22 30
28 29
2 8
10 15
9 29
8 19
5 26
10 26
9 18
15 19
11 19
2 19
2 30
1 14
19 32
3 16
9 24
14 23
20 27
27 32
25 29
7 14
22 34
20 22
6 33
2 20
13 28
18 28
2 14
9 27
14 16
5 16
20 24
7 13
26 31
17 21
7 30
16 27
2 25
13 31
3 4
18 33
9 12
14 30
20 34
26 35
24 26
5 19
20 29
11 23
23 32
6 24
11 24
1 29
3 14
27 29
28 30
29 31
10 12
8 20
14 27
5 25
19 25
15 18
7 10
5 22
17 19
22 24
1 13
18 24
17 32
3 30
9 10
5 15
9 31
8 17
5 28
11 12
27 35
7 9
21 25
20 23
12 15
8 34
16 31
21 22
12 26
2 21
9 35
17 30
13 14
1 8
17 35
14 32
24 32
