35 35 208
27 9 6 22 29 28 13 10 8 11 19 4 1 21 16 34 33 5 30 35 26 17 15 31 32 14 3 24 23 2 12 18 20 25 7 
8 27 24 13 6 21 29 34 3 33 11 12 1 10 2 14 17 26 5 16 20 4 18 22 9 7 19 35 25 23 30 32 31 15 28 
31 18 16 30 12 22 25 8 35 24 34 10 5 33 23 19 7 20 4 11 2 29 21 13 15 27 28 6 32 1 9 3 17 26 14 
14 20 5 1 30 22 7 8 4 17 26 13 19 35 29 33 18 3 12 16 11 23 28 32 25 27 31 10 6 24 15 21 2 34 9 
7 14 24 13 32 17 22 27 18 33 4 8 21 9 1 28 23 12 20 31 15 2 30 16 3 29 25 19 6 34 10 35 5 11 26 
16 18 20 10 5 12 3 26 8 9 6 13 28 30 15 33 24 11 25 7 4 22 31 19 34 23 27 35 2 14 1 21 29 32 17 
1 34 21 22 35 27 18 28 30 8 12 5 14 11 23 20 10 24 6 16 19 26 7 3 31 33 4 13 17 15 29 32 2 25 9 
6 3 12 14 1 9 33 4 19 7 25 23 16 22 24 28 2 30 20 5 15 21 17 26 31 29 27 8 34 32 13 18 11 10 35 
26 19 14 6 20 8 5 28 4 30 35 13 29 18 1 7 25 3 33 31 24 11 16 9 2 22 17 32 34 21 15 23 12 10 27 
18 33 22 21 34 15 4 19 14 6 9 20 25 3 32 31 27 17 2 30 7 1 5 28 8 12 13 23 24 10 16 29 35 11 26 
31 26 11 21 18 9 16 27 32 14 19 6 15 4 20 30 28 13 10 2 7 12 22 8 1 17 35 23 3 33 34 29 25 24 5 
17 33 11 16 34 15 20 14 30 21 18 28 35 32 22 4 19 24 29 26 27 25 5 9 13 23 6 7 8 1 12 31 3 2 10 
9 33 31 27 25 30 8 13 19 6 16 32 29 18 17 11 7 4 20 10 21 2 22 26 5 14 3 15 23 1 28 34 35 24 12 
11 34 29 15 20 10 21 4 35 26 18 2 12 3 16 5 30 19 25 6 8 13 23 31 28 32 17 1 7 9 14 22 33 27 24 
27 14 4 13 1 30 15 3 20 7 11 24 10 8 19 35 34 31 33 16 6 26 12 18 21 32 17 2 28 5 25 23 9 22 29 
32 2 11 23 10 5 21 1 28 17 3 16 25 13 20 30 24 18 14 15 4 31 9 7 33 29 12 27 22 19 34 8 35 6 26 
12 5 21 14 22 16 4 8 18 20 3 28 35 11 23 33 13 2 10 9 30 17 25 19 27 6 1 32 24 15 7 26 34 31 29 
30 15 5 3 29 33 7 19 10 24 28 16 22 31 9 4 17 1 13 21 23 34 35 20 6 27 14 18 12 8 2 11 32 25 26 
1 5 32 34 9 21 22 31 8 25 6 19 7 14 15 18 17 35 4 24 33 13 27 23 10 30 12 16 2 29 28 26 11 20 3 
26 15 12 17 3 1 23 2 9 6 11 25 35 24 28 18 31 33 10 30 22 16 8 20 29 13 4 21 7 5 27 14 19 32 34 
11 12 2 5 34 8 15 17 27 10 23 28 6 16 7 1 3 18 25 24 14 21 32 19 13 31 4 26 35 30 22 33 20 29 9 
29 21 27 35 13 32 8 6 11 23 26 14 7 1 12 2 20 19 16 34 5 30 33 17 31 10 25 18 4 28 22 24 3 9 15 
26 35 17 12 23 3 8 24 32 14 5 31 7 13 27 25 4 9 29 20 34 21 2 6 11 30 28 19 1 33 16 10 22 15 18 
25 23 9 34 28 21 13 20 18 16 14 19 33 7 22 17 31 32 11 10 1 35 6 27 5 12 4 26 15 29 30 3 2 8 24 
1 12 5 23 14 26 24 21 25 2 27 33 13 29 17 32 6 10 20 19 35 34 31 8 15 11 30 28 9 7 22 3 16 18 4 
12 26 33 4 25 35 18 34 5 28 7 27 29 20 1 16 3 30 15 13 2 11 32 17 21 14 19 6 23 22 31 10 24 9 8 
25 22 2 19 33 26 16 24 12 28 13 15 29 11 34 10 27 3 5 17 7 30 1 9 35 23 32 8 20 18 14 31 21 6 4 
31 9 4 8 1 18 23 30 25 35 6 34 10 16 7 12 27 32 19 17 20 5 22 13 29 2 14 21 15 24 26 11 28 3 33 
17 1 34 21 32 13 35 5 33 30 9 15 8 28 10 29 23 11 20 18 24 4 6 7 19 16 12 31 14 25 3 27 22 26 2 
33 18 11 26 22 32 30 25 13 29 10 14 3 7 12 9 20 24 17 5 1 2 6 19 35 4 16 34 15 21 28 23 8 31 27 
30 8 9 21 12 23 33 34 28 1 2 35 10 22 19 17 25 7 14 26 27 24 31 32 29 13 15 20 6 11 5 16 3 18 4 
23 26 15 17 7 21 12 20 35 30 32 2 16 29 27 11 3 31 28 25 24 9 13 8 34 1 4 10 22 5 33 6 19 18 14 
12 30 17 10 33 34 26 7 9 18 21 8 3 23 29 31 22 2 5 4 14 32 1 13 15 6 11 27 28 16 25 35 20 24 19 
23 24 31 25 26 15 32 10 34 35 9 33 5 17 1 8 4 14 22 27 12 3 18 29 21 13 16 30 28 11 6 7 20 2 19 
10 35 30 25 29 22 11 31 20 14 12 27 16 1 6 8 15 3 23 7 24 32 33 21 5 9 2 34 28 19 17 18 4 26 13 
24 30
6 9
14 17
10 17
6 28
16 28
6 35
1 6
17 25
18 19
23 26
2 5
5 8
6 7
14 31
21 34
28 35
11 22
10 18
21 31
7 28
16 25
2 27
18 20
5 11
10 13
20 32
19 24
15 29
11 21
16 19
32 35
1 31
33 34
18 25
2 11
8 31
5 14
19 34
9 30
11 15
27 34
9 19
15 16
22 32
6 16
7 8
11 16
1 21
8 35
21 24
12 27
13 26
3 11
8 9
4 12
3 28
24 33
3 17
6 14
5 30
25 30
12 13
20 21
16 29
13 16
12 24
1 10
19 28
9 20
15 25
14 19
3 33
10 19
16 23
21 30
12 18
29 33
17 22
16 26
7 31
13 19
10 32
18 21
4 11
3 5
2 7
4 6
3 22
5 7
4 17
26 34
24 25
20 28
28 33
10 20
7 17
6 27
5 33
12 23
13 22
2 29
4 8
2 8
9 29
8 19
14 26
25 32
4 22
2 34
22 33
12 20
9 33
7 33
3 10
2 30
18 27
17 33
11 34
8 10
4 13
2 13
24 34
1 32
11 13
10 31
25 29
7 14
6 18
19 21
15 22
12 14
8 33
6 33
30 34
12 25
21 23
2 3
1 9
3 26
2 14
14 29
19 31
14 16
7 13
11 29
26 31
17 21
16 27
10 33
17 26
13 31
3 4
10 11
8 23
14 30
4 18
19 26
5 19
20 29
28 34
25 27
7 16
16 21
29 35
11 24
1 29
10 34
1 2
12 33
2 9
9 15
15 35
5 25
4 23
19 25
2 35
9 17
15 18
5 22
2 16
22 24
13 24
2 31
23 29
4 14
8 30
24 35
5 15
4 25
3 19
9 31
5 28
27 35
25 28
21 25
12 15
11 17
20 23
8 34
21 22
2 21
17 30
13 27
17 35
14 32
4 30
19 30
