15 15 42
5 4 14 15 9 11 1 3 8 10 12 2 7 13 6 
11 5 7 9 10 1 3 6 14 15 13 8 2 12 4 
6 8 7 4 3 12 1 2 10 14 9 5 13 15 11 
14 4 11 12 2 6 8 1 7 10 15 13 5 9 3 
5 15 9 3 8 13 11 4 1 2 14 7 6 10 12 
7 1 14 3 12 4 10 13 15 2 6 11 8 9 5 
11 12 1 10 15 5 13 3 14 6 2 8 9 7 4 
12 2 15 13 7 4 5 3 11 1 10 14 8 9 6 
13 14 11 7 15 8 4 5 12 3 10 6 2 9 1 
6 10 2 8 11 4 7 9 14 12 15 13 5 1 3 
4 8 1 3 6 12 2 13 10 11 14 9 15 7 5 
3 4 13 2 14 8 5 12 9 1 10 6 7 11 15 
9 1 14 11 10 8 6 12 13 4 2 15 7 5 3 
4 1 5 10 12 14 9 7 11 8 15 13 3 6 2 
4 6 14 1 7 8 10 3 9 11 2 13 15 12 5 
4 7
6 9
10 11
1 15
8 9
2 12
11 14
3 7
7 11
1 11
2 5
5 8
6 14
1 2
7 15
2 9
12 13
6 10
1 14
10 12
4 13
7 10
6 15
11 13
4 10
12 14
4 5
1 4
2 10
9 10
3 9
2 3
14 15
6 12
11 12
12 15
3 12
13 14
7 13
1 8
10 14
1 7
