15 15 42
9 4 14 6 2 12 5 10 8 7 15 1 13 11 3 
4 7 2 6 9 12 13 8 5 11 14 3 15 10 1 
1 2 6 14 3 7 9 8 12 4 10 13 5 15 11 
5 14 8 10 13 4 1 3 11 7 15 12 2 9 6 
6 8 5 10 1 15 14 7 12 13 4 11 9 3 2 
2 13 11 3 7 9 14 15 6 12 5 4 8 1 10 
1 8 13 12 3 5 9 14 7 11 6 4 2 10 15 
2 3 7 6 9 10 5 12 11 15 14 1 8 4 13 
7 5 1 13 9 12 4 11 6 10 15 8 2 14 3 
3 11 15 12 6 4 5 9 14 10 13 8 7 1 2 
10 2 9 11 14 13 6 7 12 3 1 5 15 4 8 
13 9 12 15 1 3 8 7 10 2 4 14 5 6 11 
12 11 3 13 8 6 10 15 9 4 14 2 5 1 7 
8 9 7 4 1 5 11 14 15 6 2 12 13 10 3 
13 2 6 5 9 14 1 7 4 10 15 3 12 8 11 
3 15
10 11
4 8
7 12
2 8
3 11
5 13
1 15
8 9
4 12
7 11
1 11
5 8
3 14
1 2
8 14
6 14
12 13
3 10
6 10
1 14
1 5
9 11
3 4
7 14
4 5
9 10
3 9
14 15
11 12
12 15
6 8
8 12
4 15
5 7
3 8
10 14
6 13
1 7
11 15
7 8
2 4
