15 15 31
12 11 14 8 10 13 3 1 2 15 5 4 6 9 7 
13 5 9 14 3 11 8 10 12 2 7 4 6 15 1 
4 7 3 10 8 5 6 1 12 13 9 15 14 11 2 
13 2 7 4 15 10 1 3 12 9 11 8 14 6 5 
11 10 4 14 8 15 7 13 5 12 3 1 9 6 2 
15 1 10 3 4 14 13 11 6 7 9 12 2 8 5 
10 12 13 8 11 2 5 9 1 4 7 3 14 15 6 
15 5 2 9 10 1 13 8 14 6 3 12 7 4 11 
8 7 5 11 3 1 14 2 6 15 4 12 9 13 10 
15 1 3 6 9 12 11 14 7 5 8 10 4 2 13 
4 9 6 13 2 1 12 8 3 7 10 14 15 11 5 
5 11 8 4 14 7 1 2 6 3 10 12 9 13 15 
6 1 4 15 12 5 10 13 3 7 9 8 11 2 14 
8 7 10 3 11 13 6 4 14 1 5 12 2 15 9 
4 11 12 15 9 6 5 1 2 7 13 10 14 3 8 
5 9
6 9
8 13
5 13
1 15
8 9
4 12
1 6
2 12
7 11
3 7
1 11
5 8
6 7
5 12
1 5
2 13
6 15
12 14
13 15
2 10
5 15
3 9
14 15
6 12
12 15
6 8
8 12
4 15
5 14
3 4
