15 15 21
7 12 14 8 11 6 5 9 2 13 3 1 15 10 4 
5 9 2 3 13 7 6 15 10 4 14 8 11 1 12 
8 5 3 11 9 15 13 4 14 2 12 6 10 7 1 
1 14 15 6 3 11 8 2 10 7 9 4 12 13 5 
4 3 15 6 1 2 13 8 12 9 14 5 7 11 10 
2 4 8 14 15 10 11 3 1 12 13 7 5 9 6 
8 12 15 1 7 13 6 3 14 2 4 11 9 5 10 
14 10 12 15 9 8 6 1 7 3 5 13 11 4 2 
9 8 4 15 13 14 3 6 1 11 10 2 5 12 7 
5 6 11 3 8 4 2 14 10 9 13 12 7 1 15 
8 6 15 14 1 2 4 5 12 11 9 7 10 13 3 
12 14 6 4 10 11 3 9 13 2 15 7 5 1 8 
1 10 12 2 13 3 15 11 7 14 5 8 4 9 6 
7 9 10 12 1 4 13 11 14 2 3 8 5 6 15 
12 10 9 11 4 14 8 15 3 13 2 6 5 7 1 
7 12
8 9
11 14
2 5
6 14
12 13
10 12
4 13
6 15
8 15
10 13
2 10
4 11
5 10
13 14
5 7
2 11
10 14
1 7
11 15
2 4
