15 15 21
8 5 2 3 6 11 15 12 13 4 7 9 10 1 14 
1 6 14 3 8 4 9 12 13 10 15 11 7 5 2 
3 13 4 8 14 15 5 1 10 11 9 12 6 7 2 
10 14 2 3 1 8 5 15 4 6 7 12 13 9 11 
4 9 3 12 5 6 2 10 13 8 15 11 1 7 14 
7 14 5 2 10 11 8 3 15 9 13 4 6 1 12 
8 3 13 9 14 11 10 4 2 15 6 7 1 5 12 
15 10 6 11 4 5 12 3 14 2 13 7 1 9 8 
12 3 5 9 8 10 14 7 2 11 1 6 15 4 13 
1 5 7 12 13 8 10 3 15 9 11 6 4 14 2 
5 13 7 10 2 12 1 11 4 15 9 6 14 8 3 
5 13 3 1 8 12 2 9 7 14 6 10 11 15 4 
10 7 11 3 15 4 6 1 2 9 14 12 5 13 8 
6 9 14 7 3 5 4 1 10 8 13 11 15 12 2 
14 9 8 15 4 10 12 3 1 2 13 11 7 6 5 
1 3
10 11
7 12
3 11
6 14
12 13
2 13
12 14
3 13
6 11
1 13
9 10
5 15
9 13
12 15
4 6
6 8
7 13
1 8
1 7
3 4
