15 15 42
15 4 3 1 2 14 12 5 10 6 13 7 9 11 8 
6 3 11 5 8 10 13 1 2 14 15 12 7 4 9 
15 8 6 5 11 10 13 4 2 1 7 9 3 14 12 
1 12 5 4 6 15 13 10 14 9 7 3 2 8 11 
13 3 12 7 9 5 8 15 14 2 1 10 4 11 6 
4 11 15 6 2 1 14 10 8 9 5 7 12 13 3 
4 2 6 5 12 8 1 11 10 7 9 13 15 3 14 
9 11 12 14 10 4 2 6 7 1 8 5 13 3 15 
9 6 1 8 4 7 14 12 5 2 11 3 10 13 15 
2 4 13 11 15 5 8 12 1 14 10 9 6 7 3 
3 8 2 7 6 13 14 15 10 1 5 11 9 4 12 
12 5 13 7 4 11 6 9 10 3 2 1 8 15 14 
15 13 6 7 11 3 5 1 14 2 12 4 10 8 9 
11 3 2 1 4 6 8 15 12 5 7 13 14 10 9 
11 7 2 1 4 14 3 8 6 12 5 13 9 10 15 
6 9
4 7
7 12
2 8
8 9
4 12
1 6
2 12
2 5
1 11
3 14
5 8
6 7
2 9
3 10
1 5
1 10
3 4
11 13
4 10
2 6
9 14
3 13
6 11
4 5
4 14
9 10
14 15
2 3
6 12
2 14
4 11
7 9
9 13
4 6
1 12
3 8
6 13
1 7
11 15
7 8
9 12
