15 15 52
6 1 2 7 9 14 11 10 8 12 5 4 15 13 3 
2 14 1 10 13 12 15 6 3 4 8 9 11 5 7 
1 15 7 10 2 12 13 14 6 5 3 8 11 4 9 
4 12 6 14 9 8 7 11 5 3 13 1 2 10 15 
2 14 6 5 13 4 11 12 9 3 15 7 10 8 1 
11 7 10 2 15 4 13 9 12 8 6 1 5 3 14 
8 11 12 1 7 14 9 2 10 3 15 4 6 5 13 
5 11 4 10 8 3 7 13 2 14 6 1 15 12 9 
2 11 15 4 13 5 12 10 8 3 1 14 7 9 6 
3 7 9 6 13 5 4 15 12 2 8 10 11 14 1 
4 3 13 2 5 11 9 1 15 6 12 8 14 10 7 
10 6 5 8 3 1 7 12 9 14 2 4 15 13 11 
12 11 1 15 13 14 4 2 8 3 7 6 10 9 5 
3 4 13 7 6 2 9 10 8 11 15 14 12 5 1 
15 2 9 3 8 5 4 1 11 13 14 12 6 7 10 
3 15
4 7
5 9
8 13
6 9
1 3
4 8
7 12
5 13
1 15
10 15
4 12
1 6
3 7
2 5
1 11
5 8
8 14
12 13
5 12
10 12
8 10
7 10
3 6
1 10
11 13
4 10
7 14
3 13
13 15
3 9
2 14
7 9
7 8
3 5
12 15
2 7
3 12
6 8
5 10
8 12
13 14
4 15
7 13
2 11
5 7
5 14
10 14
1 7
3 4
2 4
9 12
