15 15 21
14 2 13 9 15 11 3 8 10 1 6 7 4 12 5 
15 13 6 11 14 7 2 4 3 8 10 1 12 9 5 
12 9 8 14 13 2 5 15 6 3 7 4 11 10 1 
9 12 2 3 5 11 7 13 14 4 1 10 6 15 8 
14 11 3 10 2 9 13 5 7 1 6 8 12 4 15 
6 5 4 11 14 9 1 7 8 2 12 13 10 3 15 
8 10 11 9 15 3 12 5 14 13 2 6 4 7 1 
13 7 10 1 5 8 11 9 6 3 12 15 14 4 2 
4 6 11 3 7 12 8 14 1 2 13 15 9 10 5 
3 14 15 11 4 13 1 8 7 9 2 10 12 6 5 
12 2 9 6 3 11 8 1 13 5 15 10 7 4 14 
6 1 2 14 12 11 3 15 4 8 9 7 5 10 13 
6 4 8 11 2 1 9 13 12 15 7 3 14 10 5 
1 10 7 3 15 8 2 4 5 6 14 9 12 11 13 
1 2 3 9 13 8 11 15 6 10 7 12 5 4 14 
4 7
3 14
4 9
1 14
10 12
1 5
7 10
8 15
2 6
12 14
6 11
10 13
5 15
11 12
7 9
12 15
1 12
13 14
4 15
1 7
7 8
