15 15 42
15 9 2 3 7 12 4 10 1 8 6 11 13 5 14 
7 5 13 14 8 3 15 1 4 2 11 9 12 6 10 
4 14 1 5 11 15 9 7 8 13 3 6 2 10 12 
15 12 9 7 5 14 11 3 10 13 8 4 1 2 6 
8 7 11 5 12 3 14 15 13 1 9 2 6 4 10 
1 3 14 13 5 6 8 15 2 10 7 4 12 9 11 
11 7 9 5 13 4 6 15 12 8 14 3 2 1 10 
8 10 3 11 7 2 6 9 4 12 5 15 14 1 13 
2 4 15 10 1 12 9 11 7 8 6 13 5 3 14 
6 15 10 8 13 12 3 2 9 4 5 7 1 11 14 
15 4 8 2 12 11 13 7 14 3 1 6 10 9 5 
2 11 9 15 7 4 5 13 12 14 3 10 6 1 8 
12 6 8 9 11 3 7 14 1 10 13 5 2 4 15 
8 4 13 2 11 5 6 15 9 12 7 3 10 1 14 
4 15 2 13 5 6 3 10 8 1 9 14 12 7 11 
1 3
7 12
5 13
10 15
4 12
11 14
3 7
2 5
1 2
8 14
6 7
9 15
5 12
6 10
1 14
8 10
3 10
4 13
3 6
1 10
8 15
2 6
3 13
4 5
8 11
10 13
13 15
14 15
6 12
7 9
9 13
3 12
8 12
4 15
5 7
2 11
3 8
1 8
6 13
11 15
3 4
2 4
