15 15 21
12 15 4 1 14 11 6 13 8 2 7 5 9 3 10 
5 10 4 7 15 6 12 8 9 14 13 3 11 2 1 
6 5 4 1 10 11 3 9 7 8 2 15 14 13 12 
5 8 11 14 15 6 4 13 12 3 10 1 2 9 7 
2 12 11 6 13 10 7 15 4 5 3 1 14 9 8 
6 2 5 15 12 1 7 13 4 14 10 11 8 9 3 
7 11 5 14 8 4 15 1 9 2 12 3 6 10 13 
9 2 5 14 10 1 7 8 15 12 13 3 6 4 11 
10 5 9 15 1 13 6 2 7 12 3 4 14 11 8 
3 5 1 15 8 12 6 14 7 11 2 10 9 4 13 
15 1 12 3 7 6 13 8 9 11 14 10 5 4 2 
11 14 10 8 15 4 9 2 3 12 1 6 13 5 7 
5 7 3 13 1 8 4 15 12 11 6 14 2 9 10 
2 15 12 1 5 13 14 8 6 9 4 7 10 11 3 
14 9 7 12 4 15 11 5 2 8 10 1 13 3 6 
5 9
5 13
2 5
6 7
10 12
7 10
4 10
12 14
5 11
1 13
8 11
4 14
1 9
7 9
6 8
8 12
13 14
4 15
7 13
5 7
10 14
