15 15 31
10 8 6 5 4 3 9 1 11 12 7 2 15 14 13 
8 13 1 4 2 9 7 5 11 3 12 6 14 10 15 
9 10 4 5 8 1 6 12 14 15 3 11 7 2 13 
15 1 8 6 14 7 2 13 10 5 9 3 11 4 12 
12 15 4 11 3 7 8 13 1 9 5 10 6 14 2 
13 7 2 15 4 10 11 6 12 3 14 1 5 9 8 
3 5 7 1 8 12 10 15 4 9 2 6 11 14 13 
4 12 14 3 11 1 10 6 15 13 7 2 9 5 8 
6 11 3 5 4 7 15 8 1 10 12 9 13 14 2 
12 14 5 9 13 3 1 10 11 6 4 15 8 7 2 
15 12 11 3 1 13 14 6 10 5 4 7 8 2 9 
10 3 7 4 6 8 13 12 9 5 11 14 2 1 15 
8 11 3 12 5 13 2 4 10 6 14 15 7 1 9 
3 9 4 12 15 13 8 5 6 10 11 7 2 14 1 
11 8 10 15 14 13 1 3 4 7 2 5 6 9 12 
5 13
8 9
1 6
2 12
2 5
3 14
5 8
8 14
5 12
3 10
1 5
2 13
11 13
4 10
9 14
12 14
4 5
13 15
4 14
1 4
2 10
14 15
2 14
3 5
2 7
12 15
5 10
4 15
1 7
2 15
3 4
