15 15 10
15 2 9 7 10 4 13 1 6 3 8 12 5 11 14 
2 7 10 11 3 6 9 15 13 8 14 12 4 5 1 
9 3 10 11 2 15 13 5 4 14 12 6 8 1 7 
7 2 3 6 14 11 8 9 15 1 4 5 12 10 13 
11 5 2 9 7 1 3 13 15 12 10 6 14 8 4 
13 7 8 3 14 4 12 10 15 9 6 1 11 5 2 
3 7 15 9 4 2 10 1 5 6 12 8 13 11 14 
8 5 15 10 14 6 1 9 11 12 13 4 7 3 2 
9 11 5 13 4 1 8 7 10 3 14 6 2 12 15 
8 7 4 15 2 14 5 12 1 13 3 6 9 11 10 
3 9 7 14 2 6 4 13 5 10 8 1 12 15 11 
4 9 1 8 12 11 14 13 10 6 7 2 15 3 5 
5 13 4 2 1 10 11 6 8 3 15 12 14 7 9 
3 2 5 11 9 1 6 8 13 10 7 15 4 12 14 
8 5 4 10 7 9 11 6 12 14 3 1 2 13 15 
2 7
7 14
4 7
8 13
12 13
6 11
8 15
1 7
6 12
3 14
