15 15 10
8 1 15 10 3 2 5 12 11 7 9 4 13 14 6 
15 8 3 10 6 1 2 14 12 11 9 5 4 7 13 
9 4 6 1 15 7 10 2 8 14 5 11 3 13 12 
3 7 6 4 11 13 14 8 2 9 5 10 15 12 1 
5 12 2 3 9 6 8 4 10 15 13 14 1 7 11 
15 14 9 13 5 8 3 1 11 7 4 6 2 10 12 
13 7 3 10 6 11 5 2 14 1 4 8 12 15 9 
8 5 14 11 7 13 10 4 12 6 2 3 1 9 15 
14 4 10 7 1 13 11 2 8 3 5 9 6 12 15 
8 3 9 14 13 12 10 11 1 2 7 6 4 5 15 
14 6 10 7 9 15 4 3 2 1 8 13 11 5 12 
11 4 7 1 5 2 9 3 13 14 15 6 8 12 10 
9 2 10 4 8 13 7 15 6 3 11 1 5 12 14 
7 6 15 13 3 12 9 11 2 4 8 5 14 10 1 
9 1 15 13 5 4 8 3 10 14 11 7 12 6 2 
1 2
3 15
2 14
6 12
8 10
5 14
7 10
7 11
1 11
2 4
