15 15 31
8 13 3 4 15 11 10 5 14 6 7 9 2 1 12 
4 7 2 15 14 6 10 8 12 11 5 1 9 13 3 
6 2 9 12 11 14 8 7 15 10 3 4 13 5 1 
5 15 8 6 1 13 11 2 10 3 4 12 14 7 9 
15 11 9 3 5 4 2 10 1 13 14 8 7 6 12 
6 14 7 13 3 9 5 8 1 2 15 4 10 12 11 
13 4 2 7 6 11 8 10 12 14 5 3 1 15 9 
13 1 15 2 5 12 11 4 3 9 6 14 8 10 7 
3 6 2 5 13 11 1 7 15 14 9 12 8 10 4 
9 8 15 1 3 12 5 11 7 10 13 6 14 2 4 
3 2 11 8 12 1 5 13 6 9 4 14 7 10 15 
4 7 14 9 13 3 6 10 1 15 2 8 5 11 12 
5 2 3 11 14 12 7 15 8 4 9 10 13 6 1 
6 2 14 8 9 3 10 12 7 4 15 13 11 1 5 
1 12 7 14 8 13 10 2 15 9 3 11 6 4 5 
3 15
6 9
2 8
5 13
7 11
8 14
9 15
12 13
1 14
10 12
8 10
1 5
3 6
1 10
11 13
4 10
9 14
6 11
2 10
2 3
1 9
6 12
4 11
2 7
9 13
4 6
5 7
2 11
1 8
2 4
9 12
