15 15 52
15 3 5 1 2 14 4 6 11 7 9 8 12 13 10 
7 10 14 11 2 8 5 3 6 15 13 9 4 12 1 
14 5 13 4 11 1 6 2 9 8 12 7 15 3 10 
10 7 12 13 11 8 15 6 3 2 5 4 1 9 14 
2 4 6 15 9 7 8 1 10 12 14 3 5 13 11 
2 8 13 12 4 10 15 1 6 9 5 3 14 7 11 
15 11 13 2 12 14 4 7 9 10 6 8 5 1 3 
12 10 4 8 2 3 7 1 6 14 9 15 11 13 5 
2 3 14 13 15 5 6 4 8 1 9 7 12 11 10 
8 12 4 11 15 5 9 6 10 3 2 13 14 7 1 
12 15 13 8 3 6 10 9 14 5 7 2 4 1 11 
15 8 2 14 9 11 7 13 6 10 1 12 5 4 3 
15 10 4 14 1 12 9 13 3 8 11 6 5 7 2 
10 15 14 7 8 5 13 6 11 3 2 1 4 9 12 
14 8 6 7 2 9 1 15 13 5 10 3 11 4 12 
3 15
6 9
1 3
4 7
10 11
4 8
5 6
1 15
10 15
8 9
4 12
2 12
11 14
3 14
6 14
5 8
8 14
4 9
6 7
9 15
12 13
6 10
8 10
3 6
6 15
8 15
7 14
12 14
5 11
3 13
13 15
4 14
1 4
1 9
6 12
11 12
4 11
3 5
12 15
3 12
5 10
1 12
8 12
4 15
2 11
5 14
3 8
1 8
10 14
1 7
11 15
9 12
