15 15 52
5 15 9 13 14 11 7 4 10 3 12 2 1 6 8 
4 1 15 7 8 6 13 3 9 10 5 11 2 14 12 
9 14 8 4 1 7 6 10 5 11 12 15 3 13 2 
12 1 9 8 11 3 6 15 5 10 4 13 2 7 14 
12 8 11 10 1 5 3 4 7 14 13 15 2 9 6 
12 15 1 7 14 13 11 3 5 6 8 10 9 4 2 
6 2 12 7 15 11 13 9 8 10 4 14 3 5 1 
3 4 12 7 8 13 14 1 15 2 10 5 11 6 9 
10 5 9 2 4 11 3 8 14 12 1 13 6 15 7 
12 5 9 13 10 3 2 7 8 6 1 11 15 4 14 
14 15 1 10 12 5 7 4 6 8 11 9 13 2 3 
7 8 5 4 14 6 12 10 11 3 1 2 15 9 13 
11 1 4 7 8 13 15 9 10 3 5 6 12 14 2 
4 10 1 9 6 7 2 14 5 12 13 8 3 11 15 
2 10 7 13 5 1 8 11 6 14 3 9 12 4 15 
5 9
6 9
1 3
10 11
4 8
5 6
2 8
7 12
1 6
11 14
3 7
2 5
1 11
3 14
1 2
8 14
6 7
4 9
2 9
1 14
10 12
2 13
7 10
1 10
4 10
7 14
2 6
6 11
8 11
1 4
3 9
14 15
1 9
6 12
7 9
3 5
9 13
12 15
5 10
6 8
1 12
8 12
13 14
4 15
5 7
2 11
7 13
6 13
1 7
3 4
2 4
9 12
