15 15 31
3 9 1 12 5 10 14 4 13 7 2 15 6 8 11 
14 4 12 9 3 1 6 8 11 7 5 13 10 2 15 
4 2 10 8 7 12 14 3 1 13 9 6 11 5 15 
6 9 15 4 13 5 12 10 7 14 8 1 3 2 11 
15 4 11 3 2 1 6 5 14 12 7 13 9 8 10 
9 4 11 14 13 2 15 6 1 10 7 8 5 12 3 
12 3 13 8 9 1 14 6 7 5 10 2 4 11 15 
3 12 7 9 1 10 2 8 4 15 14 5 13 6 11 
2 4 1 11 12 6 7 8 9 3 15 14 10 5 13 
13 11 10 14 1 9 12 4 6 15 7 8 3 5 2 
12 11 2 15 14 4 9 8 6 1 13 7 5 3 10 
6 3 13 2 15 10 14 8 4 9 11 12 5 1 7 
1 6 14 15 11 7 9 2 12 13 8 5 4 10 3 
13 10 5 9 8 3 15 6 1 12 7 2 11 14 4 
2 9 12 14 11 10 6 8 15 13 1 5 3 4 7 
4 7
5 6
2 8
1 15
1 6
4 9
5 12
3 10
1 14
10 12
4 13
1 5
9 11
11 13
10 13
2 10
14 15
2 3
1 9
11 12
3 12
4 6
6 8
7 13
2 11
3 8
1 7
2 15
11 15
7 8
2 4
