15 15 21
4 14 13 8 1 10 9 3 2 11 6 5 12 15 7 
4 2 12 11 8 13 9 14 15 1 7 5 3 10 6 
10 3 2 8 12 6 15 13 11 5 14 9 7 4 1 
5 9 15 12 10 1 8 3 7 11 2 13 14 6 4 
12 11 10 2 7 1 8 3 6 14 5 9 4 13 15 
2 14 8 10 4 5 13 9 11 15 3 7 6 1 12 
13 2 5 1 8 15 7 4 14 11 6 12 3 9 10 
8 12 6 1 9 4 11 2 14 15 7 13 10 3 5 
1 2 9 7 15 4 8 10 3 13 6 12 11 5 14 
3 12 15 9 8 10 13 1 2 4 7 11 6 5 14 
13 9 4 3 2 12 7 8 15 5 14 6 1 11 10 
2 12 11 10 5 4 3 14 15 7 9 1 8 6 13 
8 1 3 5 13 2 14 7 6 11 15 10 12 4 9 
15 11 8 1 6 14 9 7 13 5 3 2 12 10 4 
8 3 4 5 1 2 9 6 7 13 14 12 11 15 10 
4 7
1 3
7 12
10 15
8 9
5 8
6 14
8 14
5 12
1 14
10 12
1 10
11 13
7 14
3 9
14 15
1 9
5 14
1 7
2 4
9 12
