15 15 10
10 3 9 8 5 4 12 1 14 15 11 2 13 7 6 
7 13 6 3 1 14 5 2 8 4 10 9 15 11 12 
1 14 6 13 5 2 8 10 12 11 4 3 15 7 9 
10 1 14 9 13 6 12 2 3 11 8 15 7 4 5 
4 2 1 9 15 13 11 5 12 3 7 8 14 6 10 
4 6 11 8 7 1 2 3 13 14 10 5 9 12 15 
14 1 6 15 3 5 4 9 11 12 13 2 8 7 10 
10 7 4 2 15 5 1 9 8 12 3 11 14 13 6 
11 3 15 12 1 7 14 8 4 2 5 10 13 9 6 
5 9 13 3 2 7 10 6 11 12 14 8 1 15 4 
2 11 9 10 1 7 13 12 14 5 3 6 4 8 15 
1 15 9 7 8 12 4 14 11 2 10 13 3 6 5 
9 6 1 3 14 4 8 5 10 15 2 11 7 12 13 
5 3 7 10 1 12 4 6 8 14 9 11 13 2 15 
10 3 1 15 12 14 13 11 7 6 9 2 4 5 8 
12 14
8 12
13 14
7 12
3 10
5 12
14 15
7 10
8 15
7 9
