15 15 10
10 13 14 1 5 4 7 2 12 11 9 8 3 15 6 
2 3 8 10 13 11 4 6 15 14 5 7 1 9 12 
3 13 11 9 5 8 14 7 10 1 4 15 2 12 6 
2 6 15 3 11 5 8 4 13 12 14 10 9 1 7 
5 6 14 11 3 9 8 12 13 1 7 4 15 2 10 
12 4 9 2 13 8 11 7 14 3 6 10 15 1 5 
7 8 13 5 2 3 10 11 9 14 1 6 4 15 12 
11 15 9 1 6 7 14 13 12 8 5 3 2 10 4 
12 2 14 4 1 13 6 15 9 5 8 7 3 10 11 
8 3 2 7 13 9 5 12 1 6 11 4 10 14 15 
7 3 2 11 15 6 4 5 13 1 14 9 8 10 12 
4 2 7 15 8 13 5 9 3 14 10 11 1 12 6 
9 14 3 6 7 10 2 8 13 1 12 4 5 11 15 
9 13 5 3 10 7 2 12 1 15 6 14 8 4 11 
15 3 11 8 7 9 5 14 4 6 12 13 1 10 2 
5 9
2 6
4 6
4 8
13 14
2 8
4 14
10 12
8 10
5 15
