15 15 10
4 8 11 5 1 3 10 12 2 13 6 15 7 14 9 
15 6 10 13 1 5 8 14 12 9 7 4 2 3 11 
2 1 8 10 7 11 4 15 13 6 9 14 3 5 12 
5 11 15 14 13 6 1 12 8 9 2 10 3 7 4 
1 3 9 11 12 5 7 8 6 10 14 2 13 15 4 
8 9 7 12 4 5 14 1 15 6 13 2 10 3 11 
5 15 10 12 11 6 8 1 13 9 2 4 3 7 14 
3 6 15 14 10 11 9 8 2 1 13 12 7 4 5 
5 7 14 13 1 6 15 12 2 11 10 3 9 8 4 
13 12 15 6 10 3 2 8 9 14 1 5 4 7 11 
3 11 4 13 8 1 7 15 5 9 14 12 6 2 10 
12 13 6 7 9 14 2 8 1 10 5 11 3 4 15 
6 5 4 10 14 7 12 11 8 9 2 3 13 15 1 
2 4 10 15 8 3 14 5 12 7 11 9 13 6 1 
14 13 4 9 5 15 1 8 12 2 11 6 3 10 7 
1 2
11 15
9 13
4 9
6 7
4 5
10 13
6 10
1 14
7 11
