15 15 31
8 2 11 7 12 13 6 1 4 10 15 5 9 14 3 
11 12 3 8 13 10 2 15 6 4 14 5 9 7 1 
12 10 9 6 5 11 15 14 8 1 4 13 2 7 3 
11 1 14 15 13 4 7 2 9 12 10 6 5 8 3 
7 10 15 4 6 9 5 11 1 12 14 3 2 8 13 
7 3 9 11 13 14 2 12 1 10 15 8 5 6 4 
6 11 9 1 7 2 8 10 14 5 12 13 3 15 4 
5 3 15 7 10 9 8 13 6 1 14 2 12 11 4 
1 12 15 8 10 4 5 7 6 3 9 11 2 14 13 
3 4 1 15 6 12 8 2 9 13 14 5 7 11 10 
3 2 4 12 7 6 8 13 5 9 15 14 1 11 10 
4 9 15 6 8 14 3 12 7 5 10 2 11 13 1 
7 10 11 2 15 14 3 4 5 13 1 6 9 12 8 
1 13 6 10 12 15 8 9 5 4 11 3 14 2 7 
12 15 14 8 11 10 4 9 3 2 7 5 13 1 6 
5 6
1 15
7 11
1 2
8 14
7 15
8 10
4 13
2 13
3 6
1 10
11 13
2 6
6 11
1 13
1 4
2 10
3 9
14 15
6 12
11 12
4 11
9 13
12 15
5 10
6 8
1 12
10 14
2 15
11 15
7 8
