15 15 52
13 2 11 15 7 3 6 1 12 8 5 10 4 9 14 
15 7 3 2 9 8 14 11 6 5 10 1 4 12 13 
15 11 4 7 13 12 6 10 14 1 9 8 2 5 3 
7 12 6 10 13 2 3 14 5 15 9 8 11 4 1 
12 14 15 6 11 1 2 7 8 3 10 5 9 13 4 
1 6 2 14 12 4 8 13 10 11 5 15 9 7 3 
5 6 9 13 15 10 4 1 8 3 2 11 7 12 14 
8 2 6 3 5 1 4 10 9 14 7 15 12 11 13 
6 5 2 15 12 1 11 8 3 10 7 14 9 13 4 
10 14 4 12 6 15 3 8 2 9 1 11 13 7 5 
13 4 2 3 9 8 12 5 11 1 14 7 10 6 15 
13 8 3 6 1 2 15 5 12 11 10 14 7 9 4 
10 7 2 13 5 11 12 14 9 1 3 8 15 6 4 
10 3 9 8 14 12 2 1 13 7 5 6 4 11 15 
15 3 13 9 7 14 4 11 10 8 2 12 5 1 6 
3 15
6 9
10 11
4 8
2 8
3 11
10 15
4 12
1 6
7 11
2 5
1 11
5 8
6 14
1 2
8 14
4 9
9 15
3 10
6 10
10 12
4 13
2 13
6 15
11 13
4 10
7 14
5 11
4 5
6 11
3 13
13 15
10 13
4 14
2 10
14 15
2 3
6 12
4 11
3 5
9 13
12 15
4 6
6 8
8 12
5 7
2 11
5 14
6 13
1 7
2 15
9 12
