15 15 42
1 10 3 5 2 15 6 8 14 7 11 13 9 4 12 
4 5 6 15 7 12 13 3 1 2 10 14 11 8 9 
7 14 9 4 12 3 11 10 8 1 2 6 5 13 15 
11 3 8 6 7 12 5 15 13 1 4 10 9 2 14 
10 1 3 14 4 5 13 15 11 6 12 7 9 2 8 
1 2 13 5 8 9 4 11 12 15 14 3 7 6 10 
8 13 15 7 2 4 14 12 6 10 3 11 5 9 1 
11 4 1 7 8 10 15 12 5 9 14 6 2 3 13 
8 12 9 4 15 1 7 13 2 14 6 5 3 11 10 
2 7 4 9 15 3 5 10 11 14 12 8 6 1 13 
11 13 2 3 12 4 7 9 14 10 6 5 1 8 15 
7 1 10 6 12 15 8 5 13 3 11 9 14 2 4 
4 10 7 6 1 14 8 12 2 11 9 5 3 13 15 
6 2 3 7 8 13 1 9 11 15 10 14 12 5 4 
11 7 8 6 2 9 15 5 3 10 1 12 4 14 13 
4 7
6 9
10 11
8 13
1 3
7 12
2 8
3 11
5 13
8 9
10 15
2 12
11 14
5 8
1 2
7 15
2 9
9 15
3 10
2 13
9 11
3 6
1 10
8 15
9 14
5 11
13 15
1 4
3 9
5 15
1 9
2 14
4 11
3 5
7 9
9 13
12 15
5 10
3 12
13 14
5 14
6 13
