20 20 95
10 2 20 6 3 8 1 11 4 13 12 16 7 5 18 14 17 19 15 9 
10 5 19 1 3 9 15 14 4 7 20 17 2 12 11 6 18 8 16 13 
12 13 1 16 7 5 2 9 20 11 18 6 19 17 14 15 3 4 10 8 
11 14 13 1 9 18 2 16 12 8 20 10 7 17 4 19 5 6 15 3 
15 18 10 7 1 3 6 9 19 2 5 4 13 8 14 16 12 20 11 17 
5 3 7 14 13 2 11 16 19 18 20 12 10 8 15 17 6 9 1 4 
6 7 19 3 8 18 10 17 12 14 11 16 15 2 9 20 5 1 4 13 
4 20 14 9 1 8 18 6 15 10 5 3 13 2 12 16 19 11 17 7 
15 2 1 8 20 3 19 14 6 11 5 18 4 7 12 9 13 10 17 16 
2 3 1 6 10 20 12 5 9 4 18 17 16 19 15 8 11 14 7 13 
8 17 4 10 2 5 1 18 7 20 9 12 15 14 6 19 13 3 11 16 
11 20 18 3 4 16 2 5 19 10 9 14 15 6 7 8 12 1 17 13 
11 16 9 7 5 13 3 18 2 1 8 10 14 17 4 12 15 20 19 6 
13 14 7 19 20 11 1 2 5 15 6 10 16 8 18 9 17 4 12 3 
14 10 19 5 12 1 11 8 3 9 13 16 20 17 7 18 2 4 15 6 
19 16 5 14 2 7 12 18 13 8 9 17 11 15 4 6 20 10 3 1 
17 1 8 4 2 15 11 9 7 18 3 20 10 14 5 12 19 16 6 13 
11 5 16 10 7 14 3 13 9 15 12 6 4 2 17 19 20 18 8 1 
6 8 16 18 19 20 10 5 12 13 11 1 14 3 2 9 4 7 15 17 
16 5 8 19 20 10 11 2 14 12 7 18 15 4 13 3 9 1 6 17 
1 2
1 5
1 11
1 12
1 13
1 14
1 15
1 16
1 19
1 20
2 5
2 6
2 7
2 8
2 14
2 17
2 19
3 4
3 5
3 6
3 7
3 10
3 12
3 18
3 19
4 5
4 9
4 10
4 12
4 13
4 14
4 17
4 19
4 20
5 6
5 7
5 12
5 14
5 17
5 18
5 19
6 8
6 11
6 13
6 14
6 15
6 16
6 17
6 18
7 8
7 10
7 12
7 13
7 17
7 18
8 9
8 11
8 15
8 19
8 20
9 10
9 11
9 12
9 13
9 14
9 15
9 16
9 17
9 18
10 12
10 13
10 17
10 18
10 19
10 20
11 12
11 13
11 18
11 19
12 13
12 15
12 18
13 14
13 17
13 18
14 17
14 18
14 19
14 20
15 16
15 20
16 18
17 18
18 19
18 20
