20 20 19
18 8 10 19 6 1 14 17 2 13 4 20 16 7 15 3 12 11 5 9 
6 13 12 2 20 18 16 8 1 19 11 3 10 4 14 7 17 15 9 5 
17 11 18 13 4 19 8 12 10 15 20 2 6 1 16 7 3 5 14 9 
12 7 6 4 10 2 20 1 11 18 8 19 5 14 15 16 9 17 13 3 
15 20 17 7 5 18 14 6 4 2 9 12 10 8 13 11 1 3 16 19 
5 20 10 4 19 3 14 16 2 11 15 9 1 18 6 7 12 8 17 13 
12 8 11 20 16 4 19 6 15 9 17 3 1 14 7 10 18 13 2 5 
13 4 18 5 1 9 20 7 19 10 11 16 6 8 15 14 2 12 3 17 
8 11 13 12 19 9 7 2 10 18 5 20 16 14 1 17 6 3 4 15 
16 5 17 6 8 4 1 12 20 11 3 13 2 18 19 15 9 7 10 14 
15 16 4 13 11 14 1 10 2 9 3 18 6 20 8 19 5 12 17 7 
18 17 14 3 19 9 8 12 10 4 1 15 16 7 20 11 2 13 6 5 
4 18 11 13 1 15 2 20 9 10 5 8 14 12 3 6 17 19 16 7 
19 9 16 8 17 2 4 3 7 15 18 6 14 5 1 11 20 13 12 10 
10 9 19 20 18 8 17 16 1 5 7 2 15 6 11 3 4 13 12 14 
14 12 16 7 8 4 5 18 17 3 1 11 2 10 15 9 6 13 19 20 
20 18 15 13 10 9 5 17 7 19 3 2 14 12 11 16 1 8 6 4 
2 19 16 11 8 3 14 1 20 5 17 12 6 18 15 9 4 13 7 10 
4 19 8 2 10 17 20 1 7 9 11 15 13 14 16 18 3 5 6 12 
14 5 10 13 4 17 12 7 8 19 9 18 15 16 2 20 11 1 3 6 
11 16
11 15
17 19
3 12
4 6
5 16
1 12
7 12
4 8
5 12
2 11
5 18
9 17
6 13
8 18
7 11
4 20
19 20
1 20
