20 20 57
15 14 10 20 17 12 19 13 1 4 5 8 16 7 6 11 2 18 3 9 
14 18 13 10 17 19 8 15 9 7 4 5 2 6 1 12 20 16 11 3 
18 13 12 1 3 19 4 16 7 10 14 8 11 6 15 9 2 5 17 20 
10 18 19 4 6 17 20 1 16 11 9 8 7 5 13 14 3 12 2 15 
12 14 15 19 9 4 7 10 1 17 6 20 5 11 18 3 16 8 13 2 
9 3 12 15 5 8 11 10 6 2 16 18 13 4 14 19 7 1 20 17 
3 19 2 5 16 15 10 7 12 1 6 17 11 13 14 8 18 9 4 20 
5 6 3 1 20 14 18 11 9 2 8 10 15 13 7 16 12 17 4 19 
4 1 15 9 18 11 5 10 16 6 2 8 14 12 3 19 17 13 20 7 
15 9 5 18 17 8 4 20 11 13 3 2 16 6 19 12 1 7 14 10 
11 2 14 12 19 17 7 1 20 18 10 3 9 13 4 16 5 6 8 15 
9 7 16 17 19 6 14 11 13 12 10 1 15 2 20 8 18 4 5 3 
2 19 13 10 7 3 15 9 4 20 17 12 5 18 8 1 14 16 11 6 
11 12 14 4 7 1 8 16 19 5 20 13 3 6 18 2 10 17 15 9 
11 6 14 19 2 12 5 17 7 4 15 1 20 18 3 13 10 9 8 16 
2 12 19 20 15 18 6 14 5 16 9 8 1 13 10 17 4 3 7 11 
3 20 14 6 15 17 7 12 9 19 5 18 16 4 1 8 10 2 11 13 
4 11 18 7 17 6 14 2 12 9 19 10 8 1 15 13 16 5 20 3 
19 1 6 15 8 11 10 18 2 14 12 7 3 16 9 17 13 5 20 4 
4 11 19 10 13 18 5 6 8 9 3 15 16 17 20 1 2 12 14 7 
5 9
6 9
10 11
8 13
5 6
2 8
1 15
8 9
13 17
7 16
2 12
11 14
18 19
1 6
2 5
1 20
8 14
4 19
12 13
3 10
5 12
1 14
14 18
2 13
9 11
3 6
3 4
8 15
2 16
2 6
5 11
4 5
5 17
10 13
13 15
3 13
2 10
1 19
3 9
1 9
13 19
14 20
2 17
3 5
4 11
12 15
14 16
13 14
10 16
4 15
5 7
3 18
1 7
9 19
7 8
6 16
9 12
