20 20 57
18 14 7 1 8 2 9 10 5 16 20 11 3 4 19 17 15 12 6 13 
9 18 5 8 1 6 20 13 11 12 14 7 16 2 19 10 4 15 3 17 
17 9 14 8 3 6 10 16 7 11 5 19 13 20 15 2 4 12 1 18 
8 17 3 6 7 18 16 4 20 15 19 10 14 5 9 13 2 1 11 12 
20 16 3 1 2 11 4 18 14 7 17 13 10 9 15 12 8 5 6 19 
8 10 2 13 14 12 18 3 6 20 16 1 9 19 5 15 11 17 7 4 
13 19 6 2 9 1 8 15 16 11 7 17 4 10 20 3 18 5 14 12 
8 19 12 4 10 13 16 20 18 3 2 7 17 15 14 9 11 5 1 6 
7 12 15 9 20 1 16 3 18 14 13 10 5 19 4 17 2 11 6 8 
9 4 12 6 13 7 3 10 19 11 20 15 16 17 14 18 8 2 5 1 
7 20 16 3 6 17 8 11 2 4 1 12 19 18 14 10 13 5 9 15 
14 19 11 3 15 17 6 16 10 1 13 7 4 20 9 8 12 5 18 2 
11 19 18 12 1 9 15 6 2 13 3 16 7 10 5 17 4 20 14 8 
15 16 9 13 10 4 17 7 8 12 6 20 5 14 2 18 19 11 1 3 
7 8 14 9 18 12 5 4 10 3 11 16 1 6 20 2 19 13 15 17 
1 3 11 13 12 15 4 14 17 6 18 19 2 16 9 20 10 8 5 7 
5 17 10 14 20 13 7 12 15 8 11 4 2 16 9 3 18 1 6 19 
8 11 4 16 19 13 5 7 12 6 1 3 14 10 2 20 9 18 15 17 
12 7 10 16 14 5 3 20 4 6 18 9 13 8 1 15 17 19 11 2 
3 20 9 8 7 14 4 1 10 17 13 6 12 18 2 5 11 19 16 15 
11 16
5 9
1 3
2 18
15 20
2 8
4 18
3 11
1 15
10 15
5 19
8 19
1 6
12 16
9 18
2 5
1 11
1 20
16 17
8 14
9 15
12 13
6 10
10 12
13 16
1 5
9 11
12 17
1 10
3 16
1 7
7 14
6 18
9 14
12 14
2 6
3 13
14 19
13 15
7 18
4 16
8 17
14 20
2 14
3 12
6 8
5 10
5 7
2 11
5 14
3 18
10 14
13 18
8 18
1 8
5 20
15 16
