20 20 38
11 10 19 12 9 17 13 4 15 8 7 2 18 20 1 5 16 3 6 14 
16 17 7 9 15 5 10 19 14 18 12 20 1 4 2 3 6 8 11 13 
10 17 4 20 6 15 7 14 9 19 18 5 13 16 8 12 11 3 1 2 
3 6 14 1 5 15 11 13 17 20 19 8 16 12 2 4 10 18 9 7 
10 8 19 11 17 7 5 20 16 12 15 6 4 3 14 2 1 9 13 18 
6 9 16 5 1 13 4 3 7 2 15 10 8 11 12 20 17 14 18 19 
11 13 7 16 8 17 2 18 6 3 14 19 10 5 12 9 4 20 1 15 
14 4 5 10 9 1 3 15 6 16 20 19 13 11 8 7 2 18 12 17 
5 8 7 12 17 1 18 19 15 9 16 11 4 3 20 10 14 6 2 13 
20 9 19 3 14 10 6 4 16 7 1 8 15 12 5 18 11 17 13 2 
5 8 11 20 4 9 18 7 13 1 12 17 3 16 6 15 14 2 19 10 
20 11 19 2 7 13 17 4 8 6 9 14 3 1 15 18 10 16 12 5 
14 5 7 13 19 6 10 15 2 11 20 9 1 17 8 3 4 12 18 16 
18 15 6 14 17 2 7 13 20 8 19 10 3 1 11 5 4 9 12 16 
19 11 10 9 5 15 18 8 16 3 4 13 1 7 14 6 17 2 20 12 
4 2 11 5 19 18 16 7 6 20 9 13 10 12 8 15 14 3 17 1 
19 11 4 9 7 5 6 14 20 3 18 2 1 16 8 10 13 12 17 15 
12 5 11 19 14 3 20 8 18 4 16 13 10 1 17 15 6 7 2 9 
9 4 17 5 6 3 10 15 18 12 20 16 7 2 14 8 1 13 11 19 
17 15 13 11 14 18 7 2 10 16 5 12 1 4 8 20 6 19 9 3 
10 17
2 18
7 12
4 8
4 18
3 11
1 17
10 15
5 8
6 10
8 10
12 17
8 16
18 20
16 18
8 15
4 10
7 14
12 14
4 5
2 20
4 16
2 3
3 19
14 20
16 19
2 14
19 20
6 19
12 15
6 8
14 16
8 12
4 6
4 17
3 18
8 18
16 20
