20 20 57
4 14 9 2 12 5 10 8 18 11 1 7 16 13 15 6 19 3 17 20 
17 12 11 6 1 2 16 3 15 5 13 7 9 4 18 8 10 19 20 14 
19 9 13 14 7 6 5 8 17 10 16 2 3 20 12 1 18 15 4 11 
18 13 15 19 9 14 6 8 11 12 2 20 16 7 1 5 4 3 10 17 
17 15 3 11 12 7 8 13 19 10 1 4 9 20 16 2 14 6 5 18 
2 7 12 4 8 16 3 6 9 5 10 17 14 18 13 11 20 19 1 15 
4 11 20 7 6 16 19 13 3 14 12 15 1 5 10 9 2 8 18 17 
16 5 3 7 8 11 19 14 17 1 12 9 4 15 2 18 13 10 20 6 
10 17 9 13 4 6 5 11 3 16 15 14 19 20 18 12 8 2 7 1 
12 13 6 1 20 17 19 5 11 15 8 4 3 7 16 9 2 18 10 14 
11 16 13 10 7 20 12 6 5 9 4 2 17 1 3 14 19 15 8 18 
3 16 1 13 10 12 5 17 9 20 18 19 15 4 7 2 14 6 8 11 
17 8 20 19 12 13 1 4 3 7 2 14 6 18 9 10 15 16 11 5 
4 19 11 1 3 7 9 14 2 16 18 12 20 13 17 6 5 8 10 15 
19 20 2 5 15 8 12 7 6 14 17 16 3 11 13 9 18 1 10 4 
8 6 15 12 17 11 1 13 16 9 10 7 19 18 3 2 14 5 4 20 
9 17 12 7 11 13 3 4 19 20 2 15 18 14 8 16 5 10 1 6 
20 4 7 16 15 12 9 17 8 11 13 5 2 18 3 1 6 19 10 14 
14 1 4 7 18 5 16 12 20 15 2 11 13 6 3 10 9 8 17 19 
6 5 15 1 13 20 14 7 9 19 18 4 16 12 11 17 8 2 3 10 
5 9
14 17
2 18
5 6
2 8
7 12
1 17
5 13
1 15
5 19
7 16
1 6
1 11
3 14
7 20
16 17
4 9
2 9
9 15
12 13
13 16
8 20
7 19
2 13
15 18
3 16
8 16
8 15
2 16
7 14
2 6
6 18
3 13
5 17
8 11
4 16
9 10
8 17
4 20
2 17
3 5
6 19
9 13
4 11
3 12
14 16
4 6
7 13
4 17
5 14
3 18
10 14
6 13
7 17
2 15
7 8
2 4
