20 20 57
4 12 3 11 9 2 5 13 7 16 15 1 18 19 8 6 10 17 14 20 
3 11 6 13 5 8 18 15 7 12 1 17 19 16 10 2 9 20 14 4 
16 4 8 7 15 10 13 18 3 5 14 1 19 12 11 9 6 20 17 2 
1 19 15 12 16 20 2 18 7 10 17 8 4 9 3 5 6 13 11 14 
20 17 12 10 6 14 8 9 5 13 3 16 11 1 15 18 2 19 7 4 
4 7 15 8 3 20 18 12 11 16 17 1 2 5 19 9 6 10 13 14 
20 6 16 13 18 15 5 2 14 12 3 1 8 11 4 19 7 9 17 10 
2 14 6 5 20 8 9 7 15 13 17 4 16 12 11 10 3 1 18 19 
4 14 17 19 5 10 8 7 16 18 6 1 11 3 20 9 2 13 12 15 
6 18 5 10 20 14 3 13 11 2 16 7 8 15 12 19 17 9 1 4 
18 3 19 8 17 13 5 6 14 4 20 10 12 9 16 11 1 2 7 15 
3 12 15 8 5 1 6 4 13 18 9 7 20 19 2 17 16 10 11 14 
11 10 18 17 20 1 9 8 12 2 5 13 7 16 4 3 19 14 15 6 
6 4 17 10 20 14 18 16 13 7 1 8 12 3 5 9 2 15 19 11 
14 6 1 4 12 17 20 9 11 7 10 16 5 15 13 3 2 8 18 19 
4 2 13 6 15 11 18 16 20 19 3 17 12 9 5 7 1 10 14 8 
9 14 4 11 17 8 2 1 15 12 19 16 13 6 10 3 20 18 5 7 
15 3 13 14 4 20 17 19 16 2 9 18 11 7 8 12 10 6 5 1 
17 12 20 19 1 13 18 16 7 6 15 14 4 8 2 11 3 9 10 5 
5 1 10 6 18 9 15 8 4 17 13 12 14 16 11 19 2 7 3 20 
11 16
3 15
1 3
10 11
4 8
10 15
18 19
2 12
11 14
12 16
1 11
11 19
5 8
6 14
6 7
4 9
3 10
14 18
5 12
3 20
1 16
8 20
2 13
9 11
3 6
7 14
17 19
12 14
5 11
14 19
10 13
7 18
2 10
9 10
4 16
9 16
1 19
14 15
5 15
13 19
4 11
7 9
2 7
2 17
15 17
11 17
5 10
8 12
10 16
12 19
6 20
5 20
3 18
11 20
13 18
8 18
9 19
