20 20 19
5 7 10 19 12 2 4 14 11 15 17 1 9 20 18 8 16 6 13 3 
8 20 3 2 1 18 10 5 14 19 12 9 4 11 7 17 6 16 13 15 
19 10 1 9 4 8 20 14 18 5 15 7 12 13 2 3 11 17 6 16 
10 17 16 13 9 7 14 15 11 5 18 19 3 12 4 2 20 1 6 8 
5 18 12 13 11 14 4 8 17 6 19 2 15 1 20 9 10 16 7 3 
8 11 6 18 4 1 15 10 5 12 3 19 16 14 13 7 2 20 9 17 
6 12 7 10 4 8 14 19 18 17 13 20 1 9 15 2 5 11 16 3 
14 5 3 7 19 1 12 10 13 18 4 2 20 16 11 8 6 15 17 9 
6 7 14 17 2 8 4 16 1 3 13 20 18 15 12 5 19 11 9 10 
2 20 5 19 18 14 8 3 1 12 11 6 16 9 17 10 7 15 4 13 
1 14 2 20 8 5 11 13 15 4 18 19 12 7 16 10 6 17 9 3 
16 9 18 4 1 7 6 14 17 8 12 2 15 10 3 20 5 11 13 19 
5 6 10 12 18 16 19 3 15 7 4 17 1 9 8 13 11 2 14 20 
2 11 19 17 13 8 3 16 7 18 10 5 15 1 12 20 9 4 6 14 
12 3 2 6 20 19 5 10 8 1 9 4 7 13 15 17 11 14 16 18 
18 11 15 1 3 5 14 9 20 8 17 6 19 13 2 16 4 7 12 10 
7 5 1 6 8 2 13 17 10 14 18 20 11 12 15 16 19 4 3 9 
2 10 12 13 9 4 15 5 11 6 7 1 14 17 20 16 8 19 3 18 
16 20 14 17 15 8 18 5 3 10 12 7 4 11 1 19 6 9 13 2 
20 16 1 5 8 12 9 7 2 4 19 13 14 15 10 18 6 3 17 11 
14 17
2 19
5 16
10 17
8 11
7 13
13 15
10 19
1 18
7 19
9 12
2 5
11 20
1 6
2 13
16 20
6 17
8 15
3 5
