20 20 76
10 19 5 6 8 12 16 9 3 14 11 1 20 2 18 4 17 15 13 7 
20 5 8 19 3 12 2 4 13 1 17 6 11 10 18 9 14 7 15 16 
2 9 18 20 10 5 6 3 15 1 16 14 11 13 12 7 4 17 19 8 
17 5 4 2 13 7 16 20 9 8 12 15 19 10 6 18 3 1 14 11 
18 3 10 4 17 14 7 15 8 11 12 1 19 5 16 20 6 2 9 13 
13 8 18 2 9 15 1 19 11 17 3 20 12 10 16 7 5 6 14 4 
11 19 15 12 20 9 4 17 5 3 7 13 18 1 10 6 14 8 16 2 
13 15 19 17 20 6 3 2 7 14 5 18 4 11 16 1 8 9 12 10 
4 3 16 14 20 13 9 17 1 5 15 19 10 6 8 11 7 12 18 2 
17 9 10 7 8 18 2 16 12 3 19 4 6 20 13 14 1 15 5 11 
2 3 10 4 11 7 9 20 15 17 5 19 8 6 1 16 14 12 13 18 
18 13 9 3 1 19 10 16 4 12 5 15 7 14 11 2 17 8 20 6 
14 8 19 13 12 20 16 11 15 4 18 1 17 3 7 6 10 5 2 9 
13 18 16 8 1 11 3 14 20 5 17 15 12 2 9 6 4 7 19 10 
7 13 9 16 3 14 12 8 19 2 4 1 17 5 18 6 11 15 10 20 
14 6 3 11 8 9 16 1 15 18 20 19 4 5 2 12 17 13 7 10 
7 12 18 5 20 16 19 14 1 9 11 15 6 17 4 2 13 10 8 3 
15 18 3 13 4 16 5 8 9 7 14 17 11 10 20 12 6 19 2 1 
17 15 5 13 4 14 19 8 3 11 10 1 20 12 7 9 18 2 16 6 
20 14 1 2 16 18 7 19 4 6 17 13 10 11 12 15 3 8 5 9 
3 15
14 17
1 3
10 11
10 17
4 8
5 6
2 18
1 17
1 15
10 15
8 9
18 19
15 19
2 5
3 17
6 17
11 19
16 17
6 7
7 15
4 19
5 12
3 10
5 18
10 12
3 20
8 20
14 18
13 16
2 13
9 11
15 18
7 10
3 16
13 20
8 16
6 15
9 20
5 11
1 13
8 11
10 13
13 15
4 14
1 4
4 16
9 10
12 18
2 3
14 20
16 19
16 20
4 20
19 20
15 17
2 7
3 5
17 18
9 13
11 17
7 9
5 16
4 15
2 11
1 18
6 20
11 20
8 18
6 13
1 7
2 15
13 18
9 19
3 4
9 12
