20 20 95
18 2 9 11 16 8 13 19 3 17 15 7 10 12 6 1 20 14 5 4 
12 6 9 17 5 4 11 8 7 16 2 18 19 10 15 14 20 1 3 13 
12 17 6 2 10 14 16 20 18 7 5 1 11 9 13 8 4 3 19 15 
16 5 11 12 14 9 20 8 18 15 19 1 4 10 6 17 13 3 7 2 
6 10 16 19 18 12 1 5 2 14 20 9 11 13 17 3 15 8 4 7 
4 18 14 20 12 5 15 16 1 10 2 17 19 13 7 3 8 9 11 6 
3 13 10 16 11 9 17 19 18 14 6 20 4 15 5 12 1 2 8 7 
1 19 9 10 15 14 18 4 5 17 11 13 20 16 2 12 6 7 3 8 
4 19 11 20 5 7 8 10 17 15 2 18 14 3 6 12 13 16 1 9 
14 6 7 8 16 12 11 19 9 10 2 17 3 1 4 20 5 18 13 15 
8 17 3 11 4 6 16 9 13 15 19 7 1 12 14 10 20 18 5 2 
15 4 12 14 5 6 3 1 7 16 9 13 8 11 17 19 10 18 20 2 
2 15 9 14 16 7 19 8 5 1 12 20 18 13 4 17 11 6 10 3 
13 7 4 10 15 8 1 18 17 6 20 14 3 2 5 19 11 16 9 12 
18 4 11 1 13 3 10 16 5 20 9 7 12 17 19 2 15 6 8 14 
13 14 20 15 7 17 9 11 3 4 2 18 1 19 6 5 8 10 16 12 
10 1 11 12 16 9 6 5 20 19 8 18 14 3 7 13 2 4 17 15 
20 8 3 4 17 19 16 9 13 6 5 14 18 2 11 15 10 7 12 1 
10 9 2 11 7 3 4 6 1 19 5 12 20 18 17 13 15 8 16 14 
9 5 13 4 6 14 20 2 15 7 16 1 17 19 18 11 12 3 10 8 
1 2
1 5
1 6
1 10
1 13
1 15
1 17
2 4
2 6
2 8
2 9
2 10
2 13
2 16
2 19
3 4
3 5
3 6
3 9
3 12
3 13
3 14
3 15
3 16
3 17
3 18
3 19
3 20
4 5
4 9
4 11
4 19
4 20
5 8
5 10
5 17
5 18
5 19
6 9
6 10
6 12
6 14
6 15
6 18
6 19
7 8
7 9
7 10
7 14
7 15
7 16
8 12
8 13
8 14
8 15
9 11
9 13
9 14
9 15
9 17
9 18
10 12
10 14
10 15
10 16
10 17
10 18
10 20
11 12
11 13
11 16
11 17
11 20
12 13
12 14
12 19
13 15
13 16
13 17
13 18
13 19
13 20
14 15
14 17
14 20
15 16
15 17
15 18
15 19
16 19
16 20
17 18
17 19
18 19
18 20
