20 20 38
17 9 1 13 14 3 8 11 6 19 4 10 7 2 16 12 5 20 15 18 
15 14 13 2 16 6 11 1 3 20 8 4 12 19 18 10 5 9 17 7 
3 2 18 12 17 13 7 11 9 8 10 6 16 5 1 15 20 4 14 19 
16 7 9 20 3 12 1 8 13 6 14 19 5 10 15 18 11 17 4 2 
20 15 5 12 18 6 13 16 17 2 7 9 11 3 8 4 14 10 1 19 
14 12 6 18 3 16 13 11 10 1 9 8 15 4 20 19 2 5 17 7 
20 7 16 4 9 14 11 3 19 5 12 17 2 6 8 15 13 1 10 18 
5 3 16 2 7 12 10 17 4 19 11 14 13 1 20 8 6 15 9 18 
19 18 12 11 8 3 1 15 5 6 13 10 2 4 9 14 20 16 17 7 
13 2 15 18 1 12 3 10 9 6 16 19 17 7 20 4 8 14 5 11 
12 19 16 5 8 2 9 4 13 3 15 10 17 11 7 6 18 14 1 20 
1 8 2 19 9 11 6 10 15 7 3 4 20 5 17 12 13 16 14 18 
8 10 5 4 6 18 11 13 12 15 7 1 17 19 14 16 2 3 9 20 
17 16 3 5 7 1 12 10 2 15 14 19 13 4 18 11 8 6 20 9 
11 12 20 2 4 13 18 10 3 5 19 6 14 1 7 8 16 17 9 15 
17 2 19 11 15 10 5 13 7 1 12 14 16 18 9 8 4 6 20 3 
19 15 2 13 11 8 17 5 14 18 3 16 1 20 10 12 6 4 7 9 
6 13 7 14 19 18 10 12 16 5 20 15 4 9 3 11 2 8 1 17 
13 14 4 11 7 2 12 3 15 5 6 1 19 20 10 16 9 17 8 18 
1 13 4 7 2 10 14 16 15 11 18 19 20 9 6 17 8 5 12 3 
10 17
4 18
17 20
2 12
3 7
3 17
4 19
9 15
2 9
1 16
10 12
8 20
10 18
1 10
8 16
7 14
9 14
12 14
3 13
6 11
4 5
8 11
4 14
2 20
1 19
3 9
1 9
6 19
2 7
9 13
1 12
10 16
7 13
12 19
5 14
3 18
5 20
16 20
