20 20 76
7 5 14 17 3 20 19 4 16 6 15 13 1 18 9 10 8 12 11 2 
2 1 17 11 18 6 3 7 19 10 14 9 8 13 20 15 5 16 4 12 
17 18 1 14 2 4 19 15 13 6 8 16 10 3 9 12 7 20 5 11 
17 18 5 11 14 12 1 19 20 13 10 16 9 6 3 2 15 8 4 7 
18 1 4 6 11 16 3 12 2 19 9 17 20 5 13 15 14 10 8 7 
4 6 1 11 12 3 2 8 20 19 5 10 7 14 15 16 17 18 9 13 
17 11 5 4 19 7 3 16 12 20 15 14 18 13 2 1 6 10 8 9 
4 13 16 15 7 20 3 2 19 18 6 1 5 8 10 12 14 11 9 17 
2 15 10 20 17 13 5 11 14 9 4 18 3 12 6 1 19 7 16 8 
4 13 5 10 11 14 16 17 15 1 8 3 12 20 9 7 18 19 2 6 
2 7 19 15 5 6 18 3 8 4 17 16 20 14 1 12 10 11 13 9 
1 19 12 18 13 16 3 10 7 17 8 11 2 6 20 14 15 4 9 5 
12 2 3 16 4 15 7 10 19 6 17 5 20 1 11 9 13 8 14 18 
4 1 17 5 16 6 19 20 9 10 15 13 8 2 7 12 14 3 11 18 
2 9 5 19 15 14 17 20 13 1 3 16 6 8 12 11 7 10 18 4 
2 14 15 20 18 3 10 6 4 9 19 16 17 5 13 11 12 7 8 1 
16 12 14 15 19 7 4 5 17 1 9 13 6 3 11 20 18 2 10 8 
3 9 17 13 1 19 4 18 8 16 14 20 2 10 12 6 7 5 11 15 
3 2 13 20 7 18 8 17 11 19 14 5 6 10 15 1 16 12 9 4 
9 5 8 17 10 14 7 15 12 3 19 6 16 11 18 1 4 13 20 2 
11 16
3 15
14 17
5 9
10 17
5 6
4 18
2 8
7 12
5 13
1 17
5 19
8 9
13 17
8 19
4 12
1 15
9 18
3 7
2 5
6 14
1 2
8 14
4 9
4 19
3 10
6 10
3 20
8 10
8 20
4 13
2 13
12 17
7 10
3 6
4 10
2 16
2 6
6 18
17 19
9 20
5 11
3 13
14 19
13 15
10 19
4 14
2 20
4 16
7 18
1 4
12 18
14 15
8 17
16 19
11 12
19 20
2 17
6 19
12 15
3 12
4 6
1 12
8 12
10 16
5 7
2 11
4 17
12 19
5 14
1 8
3 18
13 18
10 14
15 16
2 4
