20 20 19
19 6 13 2 3 14 10 5 18 16 17 15 8 20 11 1 9 4 12 7 
8 13 18 1 17 19 7 9 14 20 12 16 5 2 3 4 6 10 15 11 
2 13 16 15 1 11 8 6 17 18 14 5 3 10 20 12 9 4 19 7 
19 7 8 6 17 2 4 10 16 18 12 3 5 9 15 14 11 1 13 20 
7 5 6 10 9 17 3 13 12 14 1 16 18 4 2 20 8 15 19 11 
3 7 19 20 13 14 2 5 10 16 8 9 6 1 4 12 18 11 15 17 
12 11 1 20 2 16 5 18 19 10 17 3 15 13 7 14 4 8 9 6 
11 1 10 13 18 14 12 5 7 4 9 8 2 16 17 15 3 19 20 6 
19 16 18 1 4 13 2 9 3 6 14 17 10 11 15 7 5 20 8 12 
1 10 2 12 16 11 19 3 5 13 7 20 6 14 4 15 18 17 8 9 
3 18 7 1 20 10 16 6 19 2 9 8 14 15 17 12 4 5 11 13 
1 7 16 18 6 4 3 2 14 20 19 5 11 8 17 12 10 9 13 15 
15 1 12 2 3 20 7 11 9 17 18 4 14 19 13 5 10 6 8 16 
8 19 1 5 10 9 17 18 7 4 15 12 2 16 6 3 14 13 11 20 
9 14 13 12 17 16 15 20 19 4 6 7 5 10 3 2 1 18 11 8 
2 19 11 14 6 4 1 15 10 17 8 9 7 18 12 5 16 3 13 20 
1 3 17 7 12 16 5 4 11 8 14 2 6 10 9 19 13 18 15 20 
2 6 8 12 7 13 1 16 9 5 18 17 4 14 19 11 10 20 15 3 
1 13 6 7 2 3 8 11 17 14 19 12 10 18 20 9 15 4 5 16 
18 10 1 7 3 16 20 19 4 6 9 14 11 17 12 13 8 2 15 5 
7 8
14 17
2 6
6 7
10 17
3 20
4 17
17 20
10 15
1 5
1 8
5 15
10 14
5 14
3 8
7 11
8 16
3 4
16 18
