20 20 95
18 8 9 1 3 16 2 11 20 13 14 7 12 19 10 5 15 6 4 17 
6 14 15 2 11 7 16 18 4 8 20 12 13 3 17 1 10 9 5 19 
15 12 9 1 13 2 3 11 17 16 4 14 7 10 6 19 5 20 8 18 
6 4 14 11 17 1 13 12 2 3 18 19 16 5 8 15 9 10 7 20 
15 3 2 17 11 1 4 5 7 8 9 20 18 6 19 13 16 14 10 12 
11 7 5 20 3 12 10 4 15 17 1 9 8 2 19 13 6 16 18 14 
12 20 15 7 13 8 4 10 17 18 5 9 6 3 1 2 14 16 11 19 
5 17 18 12 8 6 19 11 10 15 3 1 14 2 9 4 16 7 13 20 
12 9 19 15 2 3 1 4 6 8 16 18 11 20 14 5 13 17 7 10 
1 18 3 4 8 9 5 19 16 13 15 7 14 2 20 12 17 11 10 6 
6 1 14 12 5 15 13 7 8 18 19 4 16 2 20 10 11 17 3 9 
15 13 10 5 2 7 6 16 14 1 20 11 19 12 4 3 17 9 8 18 
1 18 20 5 14 2 12 9 6 7 11 8 19 15 10 17 16 3 13 4 
20 8 19 3 18 1 10 16 6 2 9 12 5 7 15 11 14 17 13 4 
3 17 10 9 13 1 20 12 15 2 14 19 5 4 18 11 8 7 16 6 
11 14 17 5 2 13 20 19 9 6 3 1 10 16 7 4 8 18 15 12 
13 6 9 10 12 16 2 17 1 14 20 18 3 19 11 8 4 15 7 5 
1 16 3 11 9 10 8 14 20 7 17 2 13 19 12 5 18 4 15 6 
10 1 3 8 2 13 5 19 16 6 7 11 4 15 9 17 12 14 18 20 
6 2 4 16 17 8 19 7 12 9 10 13 3 5 18 20 14 15 1 11 
1 3
1 6
1 7
1 10
1 11
1 13
1 14
1 15
1 16
1 17
1 18
1 19
1 20
2 3
2 4
2 5
2 7
2 8
2 9
2 10
2 14
2 16
2 19
3 8
3 9
3 10
3 12
3 14
3 17
3 19
3 20
4 5
4 6
4 7
4 9
4 14
4 16
4 18
4 19
5 6
5 7
5 11
5 12
5 13
5 14
5 16
6 7
6 9
6 15
6 16
6 19
6 20
7 9
7 10
7 12
7 15
7 17
7 19
8 13
8 17
8 19
8 20
9 10
9 11
9 16
9 19
9 20
10 11
10 13
10 14
10 20
11 15
11 16
11 17
11 19
11 20
12 13
12 14
12 16
12 17
12 18
12 20
13 14
13 19
14 16
14 19
15 18
15 19
16 17
16 18
16 19
17 18
17 20
18 20
19 20
