20 20 19
15 13 10 17 14 2 19 1 18 12 7 16 3 9 4 20 8 6 5 11 
1 18 20 10 9 15 8 16 11 3 7 4 14 13 6 19 12 17 5 2 
11 5 19 3 10 18 15 1 13 12 20 14 9 17 8 2 7 6 16 4 
12 11 4 15 19 20 13 8 17 16 6 10 7 5 18 14 3 1 9 2 
17 3 9 8 1 5 7 16 18 15 20 13 12 2 10 14 19 11 6 4 
8 1 7 17 19 16 12 6 2 15 20 9 14 18 5 11 4 13 10 3 
8 4 18 1 10 16 9 20 19 17 14 2 13 12 3 6 15 5 7 11 
18 11 9 16 20 5 17 7 3 13 15 2 12 6 8 10 14 4 1 19 
1 5 18 2 19 11 4 13 12 14 15 10 7 3 6 8 9 17 16 20 
9 20 10 8 18 1 19 7 14 4 15 17 12 3 16 11 5 2 6 13 
1 11 7 15 17 20 3 4 9 16 6 13 10 8 2 14 12 18 5 19 
5 17 2 4 16 19 6 9 13 8 20 12 14 11 7 1 10 3 18 15 
20 7 10 15 14 4 6 11 12 5 9 16 18 1 17 8 13 2 3 19 
18 3 16 10 20 5 4 12 8 2 9 11 6 1 13 14 17 19 7 15 
9 6 12 1 17 3 13 20 5 18 14 15 2 7 19 16 11 10 8 4 
12 2 5 4 17 14 13 7 19 10 6 1 20 18 8 11 15 9 3 16 
13 19 7 6 17 8 10 5 3 15 2 4 9 12 11 1 16 18 14 20 
12 11 10 2 8 17 14 3 18 5 15 6 20 7 19 13 9 16 4 1 
4 15 11 5 6 9 10 18 17 1 7 13 3 19 12 8 16 20 2 14 
18 9 2 6 10 15 11 4 13 8 17 1 5 19 3 12 16 20 7 14 
11 16
11 15
8 13
5 8
13 14
14 18
11 12
4 16
10 18
10 15
9 10
2 5
13 18
12 17
3 7
13 20
15 16
16 18
3 14
