20 20 76
9 20 18 11 13 15 6 16 5 8 3 7 12 4 2 10 14 1 17 19 
15 14 20 9 2 3 10 13 8 16 19 4 1 6 5 18 12 7 11 17 
7 6 14 8 18 3 5 15 20 13 11 1 2 4 10 17 9 19 12 16 
16 17 9 8 1 13 12 11 4 2 5 18 10 7 19 14 3 20 15 6 
17 11 6 19 15 5 3 14 9 16 20 18 13 2 7 12 8 1 4 10 
14 2 17 20 3 16 19 1 13 9 5 6 18 10 8 11 12 7 15 4 
15 4 3 7 18 19 12 16 5 17 13 10 9 11 20 14 8 2 6 1 
18 8 15 16 4 5 2 6 3 7 1 14 10 12 9 11 19 17 20 13 
5 13 2 9 3 8 6 18 1 4 16 11 7 17 15 20 12 14 19 10 
12 3 15 14 4 16 20 9 5 17 6 18 19 7 10 1 13 8 11 2 
15 9 7 8 4 1 10 6 19 18 16 11 12 13 3 17 14 5 20 2 
1 6 20 3 18 11 16 2 5 13 17 9 10 8 19 12 15 7 14 4 
7 17 20 3 19 8 16 6 4 5 18 15 12 13 9 14 10 11 1 2 
8 1 13 12 20 7 11 18 10 6 15 16 2 3 5 4 14 9 19 17 
11 4 5 12 16 14 2 8 7 1 20 18 10 13 15 17 6 9 19 3 
20 16 9 15 10 3 5 2 14 19 12 1 17 13 4 6 11 8 7 18 
15 19 9 18 12 13 5 8 3 4 17 1 14 20 7 6 16 2 10 11 
16 9 8 10 18 17 11 14 13 3 15 1 2 20 5 19 7 12 4 6 
5 20 14 9 19 7 2 13 18 4 1 6 3 17 8 10 12 11 16 15 
1 11 14 15 5 6 16 8 9 4 3 10 18 13 2 20 12 19 7 17 
11 16
4 7
10 11
10 17
2 8
5 13
1 15
8 19
7 16
2 12
11 14
7 11
1 11
2 4
1 20
3 14
7 20
16 17
8 14
1 2
4 9
2 19
9 15
12 13
5 12
3 10
1 14
3 20
10 18
4 13
1 5
2 13
9 17
3 6
7 10
11 18
13 20
18 20
8 15
16 18
17 19
9 20
3 13
6 11
1 13
4 5
2 20
4 14
9 10
1 19
14 15
8 17
6 12
2 17
15 17
7 9
4 11
3 5
12 15
5 10
6 8
14 16
10 16
5 7
12 19
3 8
3 18
10 14
13 18
11 20
6 13
16 20
2 15
11 15
3 4
6 16
