20 20 38
18 4 15 3 1 11 7 13 12 17 6 5 16 2 10 20 8 9 14 19 
12 11 9 19 2 14 18 15 3 4 8 16 7 20 6 13 17 5 1 10 
5 19 12 15 9 18 13 10 1 7 17 3 14 6 11 4 16 2 8 20 
2 20 3 1 15 7 11 10 17 13 5 19 16 18 9 4 14 12 8 6 
4 12 11 17 14 6 10 13 18 7 8 2 20 15 9 1 5 19 3 16 
15 9 18 4 13 3 19 17 20 10 8 5 16 14 12 6 2 11 1 7 
5 13 10 16 11 4 15 12 17 3 1 14 7 8 2 19 18 9 6 20 
4 18 2 20 9 10 8 17 11 14 16 5 15 7 19 12 3 13 6 1 
19 4 8 20 10 6 7 13 14 15 17 3 18 11 12 9 1 16 5 2 
13 11 7 18 8 3 5 9 2 16 20 4 19 10 14 1 6 12 17 15 
19 18 1 4 10 16 8 7 11 20 5 17 3 13 2 15 9 6 14 12 
8 1 11 18 7 16 2 20 9 10 5 4 3 15 17 6 13 12 19 14 
13 2 10 8 7 17 4 12 19 6 3 14 11 20 18 1 5 9 15 16 
2 3 14 10 18 13 16 1 7 8 12 6 15 20 17 11 4 5 9 19 
3 8 15 11 10 2 5 1 6 12 17 16 14 18 20 9 19 4 7 13 
11 16 7 13 3 12 1 17 5 6 10 20 14 2 9 4 19 15 18 8 
20 1 5 14 8 17 13 19 15 11 4 18 3 9 7 12 16 6 10 2 
12 4 14 7 8 11 3 10 2 13 6 9 17 19 1 18 16 5 15 20 
3 12 6 13 1 19 18 5 9 16 15 20 7 8 2 4 14 17 11 10 
3 5 1 14 7 8 9 2 10 4 6 17 18 12 11 16 15 13 20 19 
3 15
1 3
8 13
10 17
2 18
4 18
5 13
3 11
17 20
5 8
7 15
4 13
1 5
1 10
13 20
11 18
6 15
16 18
2 16
4 5
6 11
12 18
9 16
3 9
13 19
16 20
12 15
4 6
1 12
10 16
5 14
5 20
13 18
6 13
1 7
2 15
11 15
6 16
