20 20 95
10 16 3 1 7 11 20 2 9 15 5 8 13 6 18 14 4 12 19 17 
5 9 2 3 19 20 1 16 15 18 12 7 10 17 14 11 6 8 13 4 
10 2 15 14 20 16 9 1 11 4 17 7 12 13 6 18 5 19 8 3 
19 9 13 5 20 3 1 6 2 16 14 12 8 11 17 4 18 15 7 10 
10 16 13 4 11 5 12 2 1 8 3 19 7 6 18 20 14 17 15 9 
11 15 8 7 4 5 9 1 6 13 17 16 2 18 20 10 3 14 19 12 
13 2 14 15 1 9 19 7 8 17 10 16 4 11 5 6 18 3 20 12 
12 16 2 1 3 9 6 10 13 7 17 8 4 20 15 14 19 18 11 5 
18 14 13 6 3 5 1 15 20 10 7 11 16 12 8 17 9 4 19 2 
1 3 15 16 8 17 14 7 6 19 5 10 4 13 12 11 9 2 20 18 
15 16 8 1 7 12 13 14 11 20 19 2 9 4 5 18 10 6 3 17 
12 16 2 3 7 19 8 4 1 5 18 13 6 20 10 15 17 9 11 14 
4 19 13 3 15 18 6 8 7 9 14 5 10 2 12 11 1 17 20 16 
20 13 9 8 17 1 4 14 5 2 6 19 15 7 3 18 11 12 10 16 
1 17 4 12 18 14 16 9 13 15 11 7 20 5 2 3 10 6 19 8 
19 8 2 3 18 15 11 20 7 12 14 10 13 17 6 1 16 4 5 9 
1 2 7 15 3 5 4 19 6 18 14 8 13 17 9 20 16 11 12 10 
8 19 20 10 5 2 1 7 11 18 16 3 13 6 12 15 17 9 14 4 
6 1 13 11 20 17 3 9 8 18 16 2 12 19 15 5 14 4 7 10 
11 1 2 5 8 3 12 20 14 9 13 10 6 18 15 16 7 19 4 17 
1 2
1 4
1 5
1 7
1 12
1 15
1 18
1 19
2 4
2 6
2 7
2 8
2 10
2 12
2 16
2 17
2 20
3 4
3 7
3 10
3 11
3 13
3 15
3 16
3 19
4 5
4 6
4 9
4 11
4 12
4 13
4 14
4 16
4 17
4 19
5 6
5 8
5 12
5 14
5 17
5 19
5 20
6 7
6 9
6 15
6 16
6 17
6 20
7 8
7 12
7 13
7 14
7 16
7 19
8 12
8 16
8 18
8 19
8 20
9 11
9 12
9 14
9 16
9 17
9 18
9 19
9 20
10 13
10 14
10 19
10 20
11 13
11 14
11 15
11 16
11 18
11 19
12 13
12 14
12 16
12 17
12 18
12 19
12 20
13 15
13 17
14 15
14 16
14 20
15 18
15 20
16 17
16 18
17 18
17 20
