20 20 38
20 13 1 4 6 15 9 11 19 12 16 3 10 17 8 2 7 5 14 18 
16 12 4 15 9 13 10 18 7 5 8 14 20 3 19 6 17 11 2 1 
13 8 9 10 11 19 18 5 20 6 17 15 4 12 7 1 2 16 14 3 
8 7 19 20 18 1 3 12 6 2 5 13 10 14 17 16 9 15 11 4 
5 19 12 18 7 9 2 13 14 3 1 20 17 15 16 6 11 8 10 4 
2 18 19 5 6 16 8 20 3 7 17 11 15 4 14 10 9 1 13 12 
5 11 3 2 17 20 18 9 7 12 1 19 14 10 15 16 6 13 4 8 
9 13 5 10 19 8 1 20 18 15 2 7 16 14 11 6 3 12 17 4 
14 11 12 13 5 4 2 20 7 8 15 1 18 9 19 3 6 17 16 10 
20 13 7 18 14 4 2 8 16 1 10 17 6 19 5 9 12 3 15 11 
14 9 2 13 4 12 8 11 19 18 6 10 1 7 17 5 16 3 15 20 
15 7 17 5 3 13 11 8 16 12 9 18 19 1 2 4 14 6 20 10 
13 5 14 2 7 19 1 12 16 4 9 18 3 6 17 20 10 11 15 8 
11 13 20 3 14 18 4 2 5 15 8 12 1 9 7 17 16 6 10 19 
5 2 17 9 6 3 8 19 1 11 20 16 13 18 10 12 14 7 15 4 
13 6 4 15 1 18 3 8 16 5 11 7 10 9 14 17 20 2 19 12 
10 1 9 3 7 6 20 16 17 14 11 15 18 13 19 8 12 5 2 4 
9 10 11 18 7 1 4 14 16 15 17 5 2 13 6 19 3 8 12 20 
19 4 17 13 5 12 11 7 2 1 16 20 9 6 15 10 18 3 8 14 
17 11 12 9 3 1 4 13 7 16 18 14 10 5 6 20 19 8 2 15 
11 16
5 9
5 6
2 8
8 9
18 19
7 16
7 11
3 17
11 19
3 14
6 14
4 19
3 10
3 20
8 10
13 16
4 13
1 5
12 17
9 17
7 14
9 20
3 13
6 11
8 11
10 19
1 19
5 15
3 19
4 20
15 17
11 17
13 14
6 20
10 14
9 19
6 16
