20 20 76
10 5 14 16 6 13 12 17 18 3 20 11 4 8 1 19 2 15 7 9 
13 15 7 17 1 12 18 10 20 4 14 6 2 5 8 9 3 16 11 19 
4 15 6 9 19 14 18 5 10 3 7 11 1 2 20 17 13 12 8 16 
6 9 19 11 4 14 1 5 3 2 13 16 7 18 10 15 20 17 12 8 
3 9 10 15 16 19 1 5 6 17 12 11 2 4 20 13 18 8 7 14 
13 14 18 16 8 10 7 2 1 9 4 3 17 11 15 19 6 12 5 20 
10 9 15 13 12 7 20 14 18 4 11 8 19 2 1 6 3 16 17 5 
16 13 12 19 7 1 2 3 18 9 6 11 17 4 14 8 10 15 20 5 
12 1 14 18 7 3 10 8 13 2 9 6 11 15 4 20 17 5 16 19 
6 11 13 5 7 10 9 2 8 15 12 16 20 17 18 19 1 4 3 14 
5 2 1 4 14 13 20 15 16 7 9 8 10 11 6 12 19 18 3 17 
7 5 11 9 20 3 14 10 8 18 17 4 12 6 16 2 15 13 19 1 
3 5 16 2 8 1 4 13 10 17 7 19 12 20 9 18 15 14 6 11 
4 7 6 8 11 5 9 2 3 20 17 15 18 13 14 12 10 1 19 16 
5 20 16 6 12 4 10 7 15 18 14 13 11 9 1 8 2 3 17 19 
7 5 12 16 14 4 20 9 15 11 1 19 18 17 10 2 13 8 3 6 
11 18 14 16 20 9 8 17 12 1 7 10 2 19 15 5 6 4 13 3 
20 4 6 17 15 12 2 13 14 18 11 7 3 8 5 19 10 1 16 9 
10 13 1 18 8 2 17 12 11 19 15 3 6 9 20 14 5 7 16 4 
12 19 4 10 6 2 7 13 8 17 18 15 11 14 5 20 3 1 9 16 
5 9
4 7
14 17
10 17
4 8
2 8
3 11
17 20
8 9
13 17
10 15
4 12
7 16
18 19
11 14
15 19
6 17
1 2
12 20
4 9
1 16
14 18
1 14
10 12
13 16
10 18
12 17
15 18
3 6
3 4
1 10
6 15
16 18
2 16
7 14
6 18
4 10
5 11
1 13
8 11
10 13
2 20
4 14
4 16
12 18
9 16
3 9
2 3
8 17
14 20
6 12
2 14
16 20
19 20
4 11
2 17
6 19
12 15
6 8
5 16
1 12
13 14
10 16
4 15
2 11
4 17
12 19
5 14
6 20
3 8
11 20
8 18
6 13
7 17
15 16
6 16
