20 20 76
14 15 6 17 13 1 19 11 9 4 5 12 20 8 18 7 2 16 3 10 
3 7 9 2 6 1 20 19 5 15 14 13 16 11 10 4 17 8 12 18 
2 5 1 11 17 6 7 3 9 12 19 18 15 14 16 10 20 4 8 13 
5 15 4 6 14 16 11 7 1 8 3 10 18 19 9 13 17 2 20 12 
10 11 13 7 8 1 19 14 15 20 9 4 16 3 5 17 2 18 12 6 
8 7 20 13 17 10 18 3 9 12 4 14 2 19 5 16 1 6 11 15 
19 20 3 2 18 10 6 8 9 11 14 13 4 7 1 5 17 15 12 16 
17 7 4 15 18 2 16 8 3 9 20 14 11 19 1 6 12 10 13 5 
8 9 11 6 12 18 16 1 19 20 5 2 3 17 13 7 15 10 14 4 
10 13 9 4 12 11 7 5 14 1 3 2 8 18 16 20 17 6 19 15 
12 1 15 10 4 20 16 6 5 9 18 13 8 17 19 7 2 3 11 14 
2 5 12 16 6 7 19 3 13 15 1 9 20 4 8 18 17 10 11 14 
9 18 6 14 15 2 13 11 19 1 20 16 5 8 3 17 7 4 10 12 
14 20 12 17 16 19 3 4 10 15 5 2 6 18 13 11 1 7 8 9 
5 7 3 11 8 13 12 16 10 4 15 14 9 17 6 19 20 2 18 1 
12 17 10 20 14 15 13 4 5 11 1 18 6 7 16 2 9 19 3 8 
13 6 14 9 5 4 15 8 3 18 16 19 7 12 20 1 17 2 11 10 
17 11 9 8 12 7 6 15 18 1 3 13 20 5 16 14 19 4 10 2 
7 11 2 16 14 6 20 4 3 10 17 5 8 9 19 18 1 15 13 12 
8 17 9 15 4 12 14 18 3 19 2 20 16 7 11 10 13 1 5 6 
5 9
4 7
8 13
2 18
4 8
5 6
2 8
15 20
5 13
17 20
1 17
8 9
8 19
11 14
12 16
9 18
3 7
2 5
15 19
3 14
8 14
6 7
4 9
1 16
14 18
3 20
6 10
1 14
10 18
4 13
1 5
2 13
9 11
13 16
3 6
3 16
13 20
11 18
8 15
4 10
7 14
2 16
6 16
12 14
14 19
4 5
13 15
10 19
7 18
1 19
5 15
2 3
8 17
4 20
19 20
11 12
4 11
15 17
1 12
8 12
13 14
10 16
7 13
12 19
5 14
3 8
1 18
1 8
6 20
8 18
6 13
10 20
10 14
7 17
3 4
2 4
