20 20 95
17 18 10 14 2 1 11 13 16 3 8 5 19 6 12 20 9 7 15 4 
10 16 1 20 18 7 3 2 13 15 5 19 14 6 4 11 8 12 9 17 
1 8 19 13 14 7 11 2 17 3 9 12 15 16 4 6 5 20 18 10 
8 13 10 15 16 11 20 6 1 14 9 12 19 5 17 2 18 7 3 4 
19 1 16 11 7 12 5 2 15 20 18 17 6 10 9 8 14 3 13 4 
18 14 12 15 9 19 6 20 5 4 8 1 2 3 13 11 10 17 16 7 
19 20 14 5 15 1 11 6 9 2 8 7 18 10 3 4 13 12 16 17 
5 7 1 14 13 19 3 12 18 11 17 10 20 8 16 4 6 15 2 9 
16 13 14 18 10 12 17 20 4 7 8 6 2 15 11 3 5 9 19 1 
3 4 10 13 16 8 12 18 15 17 6 11 1 5 19 2 7 14 20 9 
2 18 5 9 16 3 11 19 17 12 20 8 15 13 1 14 7 10 6 4 
17 11 5 6 12 15 16 1 3 4 7 14 20 18 8 2 9 13 19 10 
11 17 6 4 3 10 19 12 9 15 13 7 20 14 8 5 16 18 1 2 
20 10 11 16 8 3 1 5 9 7 18 4 13 15 12 14 6 17 19 2 
19 11 17 10 8 5 14 2 1 15 6 20 16 7 12 4 3 18 13 9 
10 13 11 15 20 4 18 5 3 16 6 17 19 8 12 2 7 14 9 1 
11 4 9 19 12 16 13 6 1 5 10 2 14 17 20 15 7 3 8 18 
8 11 13 5 14 3 7 12 4 16 10 9 1 2 15 19 18 17 6 20 
16 6 19 1 3 2 4 7 11 5 13 14 9 20 15 12 18 10 8 17 
17 20 7 14 10 4 8 12 5 15 3 9 16 11 19 6 13 1 2 18 
1 4
1 5
1 6
1 7
1 8
1 9
1 11
1 13
1 14
1 17
1 19
2 3
2 4
2 7
2 8
2 13
2 14
2 15
3 4
3 5
3 6
3 7
3 8
3 12
3 13
3 17
3 18
3 19
4 7
4 8
4 9
4 10
4 11
4 12
4 14
4 15
4 16
4 17
5 6
5 8
5 13
5 15
5 16
6 9
6 12
6 13
6 16
6 18
6 19
7 12
7 14
7 15
7 19
8 9
8 11
8 13
8 15
8 16
8 18
8 20
9 10
9 12
9 16
9 19
9 20
10 11
10 14
10 17
10 18
10 19
11 12
11 13
11 14
11 16
11 17
11 19
12 14
12 15
12 17
12 20
13 14
13 15
13 16
13 18
13 20
14 16
14 19
14 20
15 18
16 17
16 18
16 19
17 19
17 20
19 20
