20 20 38
4 20 19 1 6 3 5 18 10 17 7 12 8 2 14 13 9 16 11 15 
15 19 5 8 11 2 4 9 7 3 12 14 16 6 13 10 1 20 17 18 
7 20 9 11 16 15 10 14 19 8 4 13 1 3 2 17 6 18 5 12 
12 15 17 1 7 14 8 5 9 19 16 20 13 11 3 18 6 10 4 2 
4 14 9 20 3 18 13 6 12 7 16 19 10 2 11 17 1 8 15 5 
3 10 14 1 5 8 6 15 17 11 7 20 2 4 13 12 9 18 16 19 
9 4 10 17 19 18 12 13 2 11 14 16 7 1 5 8 20 15 3 6 
12 20 17 6 15 1 8 16 11 5 10 4 9 13 19 3 18 2 14 7 
6 20 7 9 18 1 5 10 4 8 11 15 16 2 19 13 12 3 14 17 
9 4 18 3 10 2 12 16 13 7 19 15 14 5 1 17 8 6 20 11 
8 4 3 6 20 12 5 19 18 17 15 13 11 16 9 14 1 7 2 10 
8 12 13 19 11 18 10 6 2 4 15 14 7 9 17 1 20 16 3 5 
10 11 16 20 3 9 5 18 2 7 6 4 17 1 19 13 8 12 14 15 
19 11 4 5 2 12 1 20 8 15 17 13 6 9 7 14 16 18 10 3 
11 10 14 6 12 3 19 15 4 7 2 20 18 16 9 1 17 13 8 5 
18 4 2 20 19 16 5 17 12 13 3 9 11 14 7 15 1 6 8 10 
7 13 20 15 1 16 2 14 12 4 10 8 17 11 5 18 3 9 6 19 
6 19 14 18 5 20 16 15 12 1 13 4 2 17 7 8 10 11 3 9 
6 13 14 1 7 17 3 19 12 5 8 11 16 20 15 18 2 4 10 9 
16 12 20 1 14 7 5 11 6 2 9 8 3 19 15 17 10 4 18 13 
4 7
10 17
2 18
5 6
1 15
8 19
18 19
7 16
11 14
6 14
12 20
4 19
3 10
8 10
7 19
3 16
18 20
1 7
11 13
2 16
7 14
17 19
8 11
2 20
3 9
1 19
13 19
2 14
17 18
2 7
11 17
5 7
5 20
1 8
11 20
7 17
15 16
6 16
