20 20 19
16 18 6 3 19 4 20 8 15 1 11 13 10 9 12 2 17 14 7 5 
2 8 17 15 19 16 6 11 9 12 13 4 5 1 20 3 18 7 14 10 
5 20 4 18 19 6 8 16 2 12 14 10 11 1 7 17 15 13 3 9 
17 16 7 13 8 3 4 11 1 15 5 10 9 6 2 19 12 18 14 20 
6 13 5 20 8 14 10 11 12 2 19 3 4 18 7 15 9 16 17 1 
8 20 9 12 19 14 1 2 3 6 17 10 15 5 13 18 7 11 4 16 
7 14 13 4 11 16 8 19 10 20 15 6 5 12 2 1 9 18 17 3 
20 9 3 4 7 11 18 6 13 15 14 16 12 17 1 10 2 5 8 19 
14 13 7 6 17 20 16 5 2 9 11 8 18 12 4 19 3 15 1 10 
5 6 3 1 11 10 16 20 13 14 7 17 12 9 4 19 15 18 2 8 
5 18 1 10 15 7 2 11 14 13 6 3 12 4 17 19 9 16 8 20 
13 18 9 11 6 1 5 3 10 19 14 15 4 8 17 20 16 12 7 2 
17 4 12 8 15 14 18 16 2 6 5 13 3 20 7 10 9 19 11 1 
15 20 14 11 1 13 6 12 19 2 16 7 4 17 3 9 10 5 18 8 
11 15 9 1 2 19 5 10 18 14 16 6 7 4 8 13 20 3 17 12 
9 14 16 19 17 13 6 3 20 4 12 8 10 15 7 11 18 5 1 2 
15 1 6 7 8 18 14 17 3 9 16 10 13 12 4 5 19 11 20 2 
5 14 2 10 19 3 8 1 17 20 6 15 18 16 4 7 13 11 12 9 
7 15 12 18 13 3 19 2 16 5 1 20 6 17 14 4 11 10 9 8 
13 6 5 12 19 15 20 9 16 7 14 4 2 17 18 10 11 8 1 3 
7 20
12 15
9 14
12 14
7 15
13 14
3 10
6 10
5 7
17 20
2 10
13 16
8 9
4 12
1 6
10 20
7 17
6 16
8 15
