20 20 57
11 1 2 10 9 12 17 15 13 19 6 18 7 4 20 14 3 5 16 8 
12 1 7 16 18 3 13 5 14 20 9 11 6 17 4 15 8 10 19 2 
10 15 11 20 5 3 2 18 13 19 14 8 17 7 16 9 6 12 1 4 
15 8 20 18 13 10 3 2 11 19 1 6 16 14 7 4 9 12 5 17 
13 4 5 20 8 1 11 18 2 14 19 3 12 6 7 16 10 15 17 9 
17 11 1 13 3 4 8 2 5 9 6 7 10 18 12 16 15 20 19 14 
14 9 4 12 18 6 15 8 19 13 7 3 17 1 5 2 10 20 11 16 
3 15 4 18 7 8 5 19 13 11 16 14 10 12 6 2 1 20 9 17 
19 17 7 15 12 16 3 14 10 1 20 18 11 6 2 9 4 13 8 5 
5 15 12 18 16 3 10 4 19 7 11 17 13 14 1 8 20 9 6 2 
12 9 15 19 1 13 2 17 6 7 14 4 16 10 20 18 5 11 3 8 
6 19 16 14 15 11 8 20 13 10 1 2 18 12 3 9 5 4 7 17 
5 7 9 16 18 15 11 12 1 10 19 2 6 3 17 4 8 13 20 14 
13 8 7 2 3 18 17 4 15 5 12 10 1 14 6 19 20 16 9 11 
12 20 19 16 17 9 7 1 18 13 6 4 5 14 8 11 3 2 15 10 
17 16 8 20 19 18 3 2 14 5 15 12 10 9 13 1 4 6 11 7 
18 15 8 2 10 20 9 12 3 1 11 16 6 5 14 19 17 13 7 4 
3 19 7 8 6 17 1 18 16 15 2 11 10 14 13 9 4 5 20 12 
20 4 15 7 12 18 6 3 19 16 1 17 9 8 10 5 2 11 14 13 
18 20 10 7 14 3 2 12 6 5 19 15 9 17 16 11 13 1 4 8 
14 17
6 9
4 8
2 18
4 18
1 17
1 15
13 17
15 19
11 19
5 8
1 20
16 17
12 20
2 19
9 15
12 13
1 16
3 10
3 20
10 12
5 18
13 16
8 20
2 13
12 17
3 6
8 16
18 20
11 13
4 10
2 6
9 20
4 5
8 11
10 19
2 10
9 16
5 15
1 19
2 17
15 17
4 11
9 13
12 15
11 17
3 12
14 16
13 14
4 15
4 17
12 19
3 8
5 14
5 20
15 16
9 12
