25 25 90
4 3 13 12 15 16 24 1 14 7 23 18 6 8 9 22 11 21 5 10 17 19 2 25 20 
9 23 17 4 5 11 13 6 22 16 25 19 2 20 10 1 24 15 12 18 7 8 14 21 3 
21 24 10 14 5 22 3 4 7 8 1 16 25 12 11 17 23 13 18 19 2 15 6 20 9 
8 18 20 17 19 2 11 6 4 25 13 21 23 24 3 14 5 22 12 10 7 15 1 16 9 
16 8 14 10 4 3 24 7 2 18 11 9 21 12 13 23 17 5 20 6 25 22 19 1 15 
15 2 4 5 3 20 22 13 23 21 14 7 16 12 19 24 8 10 6 11 9 1 25 17 18 
18 13 3 19 14 9 22 21 5 17 12 7 23 4 15 6 10 24 2 25 11 16 8 1 20 
23 25 14 6 3 13 21 16 9 10 2 7 24 12 20 11 18 22 5 19 8 15 1 4 17 
12 23 20 8 19 1 4 24 15 18 6 7 5 21 2 10 16 3 9 25 14 11 17 13 22 
11 1 24 25 21 6 17 7 23 13 14 12 5 3 19 4 10 15 16 22 18 9 8 2 20 
22 9 17 7 2 18 3 4 6 25 16 23 5 10 13 14 15 24 20 11 21 12 19 1 8 
6 24 17 15 11 18 19 1 10 9 5 14 25 3 22 8 20 2 21 23 4 16 12 7 13 
7 15 13 8 2 22 16 14 9 25 19 1 21 5 17 24 11 6 20 18 12 10 23 3 4 
16 2 13 14 4 22 21 3 10 19 1 17 11 9 12 7 23 8 25 6 5 24 15 20 18 
24 19 10 22 5 12 8 20 21 13 7 9 15 1 18 25 14 6 17 2 4 23 3 16 11 
2 18 19 6 20 1 24 14 13 22 9 11 5 4 21 10 7 15 16 12 8 23 3 25 17 
19 14 21 6 20 13 11 8 5 3 1 22 18 17 7 2 4 12 16 25 9 10 24 15 23 
25 16 2 3 4 7 20 1 8 23 12 15 11 19 10 5 13 17 18 9 21 14 6 22 24 
13 12 22 8 1 18 25 19 3 11 2 23 24 6 21 17 5 16 9 15 4 10 20 14 7 
19 11 24 4 17 2 22 16 13 23 25 10 14 3 7 20 9 18 6 21 12 15 8 1 5 
8 10 1 16 24 7 11 4 22 13 25 9 19 17 3 5 12 6 18 14 23 15 20 21 2 
5 21 2 10 8 16 15 11 6 20 3 14 12 25 19 22 24 17 1 9 23 18 7 4 13 
19 12 16 8 22 20 4 18 15 11 3 10 9 14 21 6 17 23 13 24 1 5 25 7 2 
1 14 10 8 13 2 3 5 18 15 4 20 7 25 6 19 16 17 12 24 9 21 11 23 22 
11 19 9 23 1 10 15 8 16 25 13 7 24 12 22 14 21 2 17 4 3 18 5 6 20 
10 17
1 17
7 25
2 22
18 19
17 25
1 6
3 7
8 24
6 7
9 21
14 18
6 25
12 17
18 20
8 15
23 25
2 6
5 11
5 24
10 24
9 16
18 25
1 12
2 11
8 18
14 21
19 23
11 16
13 16
1 5
17 22
23 24
9 13
4 6
3 22
10 25
6 20
5 20
10 20
16 20
7 17
4 8
15 19
16 17
1 25
8 10
8 16
14 23
19 21
7 14
15 22
12 14
20 22
1 4
5 16
10 16
7 13
1 18
13 18
2 25
5 9
4 18
9 22
6 21
5 19
11 23
10 21
16 21
16 24
3 14
9 15
5 12
19 25
15 18
6 22
10 22
16 18
2 16
17 19
13 24
8 11
4 14
5 15
11 12
7 9
1 22
13 14
21 22
2 15
