25 25 90
11 12 16 13 17 25 14 24 18 8 19 21 3 7 20 5 1 4 15 2 22 9 6 10 23 
15 1 12 5 23 11 16 7 13 25 9 20 3 17 24 22 21 14 10 8 19 2 18 6 4 
22 5 14 21 1 3 8 24 6 11 18 12 13 20 25 7 10 23 2 17 16 19 15 9 4 
4 9 21 25 23 19 3 18 20 22 2 16 17 7 8 6 24 11 13 12 1 5 15 14 10 
13 5 10 25 24 17 7 21 9 2 3 18 22 11 1 6 15 14 23 19 20 16 12 4 8 
13 2 9 5 1 3 18 24 21 17 4 23 10 25 20 6 22 19 12 7 11 15 8 16 14 
6 12 2 13 24 4 3 15 9 18 5 17 19 7 8 22 14 25 11 10 20 16 1 23 21 
20 18 4 14 1 24 16 22 2 21 13 5 17 7 3 23 9 19 6 12 8 25 15 10 11 
7 1 19 25 10 14 13 12 4 18 8 2 23 5 21 20 24 6 11 9 15 16 22 3 17 
8 14 16 5 20 21 19 15 13 17 6 22 11 3 7 12 1 23 18 24 25 10 2 4 9 
13 10 20 24 12 15 5 23 2 14 3 1 21 9 22 17 6 11 4 7 8 19 16 18 25 
19 7 12 23 6 22 25 4 21 2 8 9 5 10 15 24 20 11 1 13 18 17 16 3 14 
24 12 1 2 3 20 18 5 25 8 13 9 4 15 19 17 6 21 14 7 11 10 23 22 16 
5 7 6 25 11 10 12 3 4 2 18 24 22 8 16 17 21 20 9 14 23 13 19 1 15 
12 25 4 9 3 11 21 5 20 22 18 2 23 17 15 8 16 10 14 6 19 7 1 24 13 
1 18 13 23 7 19 9 24 15 11 6 22 25 8 2 4 10 14 12 20 5 3 16 17 21 
8 4 10 21 6 19 22 13 5 11 9 18 23 24 25 14 2 3 20 16 12 17 15 7 1 
11 22 21 13 2 5 6 18 3 12 23 15 10 20 14 4 1 25 24 9 8 16 19 17 7 
5 8 7 9 23 6 1 13 22 12 19 17 2 14 3 4 18 16 15 21 20 11 25 10 24 
19 16 12 2 25 18 10 7 24 5 21 17 8 1 11 13 9 3 14 4 6 23 22 20 15 
13 11 20 19 4 12 21 18 23 15 9 24 17 1 7 5 16 22 2 25 10 14 8 3 6 
2 4 9 22 3 13 21 20 11 18 5 12 1 15 23 19 10 6 16 14 7 24 17 25 8 
25 11 7 21 10 15 13 19 16 8 20 4 1 22 6 18 23 9 3 2 12 24 14 17 5 
24 10 17 3 5 13 22 14 23 2 4 7 15 1 18 20 8 19 12 9 21 6 25 11 16 
6 10 24 20 18 25 23 15 19 21 11 17 13 7 1 2 12 9 16 3 5 4 8 22 14 
20 25
7 12
1 17
17 20
13 17
2 22
18 19
5 8
6 7
9 21
14 18
11 22
16 22
12 17
13 20
8 15
3 23
10 13
8 21
4 16
10 23
16 19
18 25
4 15
5 14
4 21
19 23
7 8
11 16
22 23
3 11
6 14
7 15
12 13
7 24
12 24
3 6
14 19
6 11
16 23
13 19
2 24
4 11
8 22
24 25
10 20
7 17
12 23
11 25
3 21
9 18
2 13
8 16
6 15
20 22
21 23
2 20
3 9
1 9
15 24
14 16
5 16
20 24
17 21
3 4
6 21
11 24
3 14
4 9
5 12
10 12
4 23
15 18
7 10
11 18
7 23
12 21
17 19
1 13
8 11
4 14
8 17
6 12
19 20
7 9
12 15
11 17
13 14
2 21
3 8
