25 25 30
24 4 13 20 14 8 10 7 25 18 6 12 1 11 9 21 16 23 22 3 5 2 15 17 19 
20 2 11 16 23 19 17 4 5 21 7 3 13 10 9 24 25 18 14 6 8 22 12 15 1 
19 22 8 2 12 6 21 17 1 23 16 13 9 4 5 18 11 10 15 20 3 7 14 24 25 
5 4 15 3 19 8 1 7 17 14 12 10 22 25 11 21 9 23 20 24 13 2 16 6 18 
6 8 11 3 5 18 2 20 23 24 15 7 4 17 22 10 13 16 25 12 14 19 9 1 21 
24 19 18 16 14 3 9 8 11 15 1 13 10 6 5 25 21 20 4 7 12 23 22 17 2 
18 25 15 14 4 5 11 1 20 24 17 16 7 13 23 6 8 10 2 12 9 3 19 22 21 
9 11 14 24 8 22 19 13 2 21 25 23 18 16 5 7 20 17 10 3 4 1 6 12 15 
25 9 7 20 18 17 2 22 3 1 4 23 8 19 12 13 16 14 24 21 6 15 5 11 10 
19 11 7 2 14 16 18 24 6 5 4 25 12 15 21 1 20 22 13 23 17 8 10 3 9 
24 19 20 15 12 11 10 22 8 3 18 17 14 9 13 1 2 21 5 7 6 4 23 16 25 
25 14 4 15 20 21 8 13 24 5 22 12 16 23 17 9 6 19 11 3 18 1 10 7 2 
10 4 25 15 1 17 16 18 23 12 19 5 9 22 6 20 24 8 3 7 2 11 13 21 14 
22 2 10 23 18 8 19 14 20 25 11 5 1 3 7 21 15 17 13 4 24 12 16 9 6 
17 22 2 3 10 11 13 4 14 8 20 21 24 16 25 18 9 7 23 6 19 12 15 1 5 
18 17 13 14 24 5 9 1 19 15 22 12 10 7 2 21 23 4 20 6 11 16 8 25 3 
7 20 6 13 22 24 2 25 10 14 9 16 21 17 18 4 15 3 12 5 19 23 8 11 1 
10 16 21 22 20 24 25 23 6 15 7 4 18 12 5 13 17 9 1 2 19 14 8 3 11 
24 23 13 19 25 12 15 22 6 18 14 10 20 7 1 9 17 11 4 8 3 2 5 16 21 
23 13 19 3 5 6 7 10 14 15 4 8 9 20 22 18 17 1 16 2 21 12 11 25 24 
22 18 7 19 13 8 9 1 11 3 16 20 4 12 23 17 5 14 15 25 6 24 21 2 10 
12 10 6 2 5 18 1 22 4 9 19 13 8 11 3 23 21 15 7 25 17 14 16 24 20 
6 7 22 23 18 1 24 21 25 8 16 5 17 13 20 15 19 9 12 3 14 11 2 4 10 
13 21 6 20 19 5 9 22 17 14 16 1 11 3 15 23 24 2 10 8 25 18 4 7 12 
8 3 20 13 11 6 5 24 2 10 9 17 14 12 15 23 4 19 22 16 21 18 1 7 25 
8 13
10 11
4 18
7 25
18 19
7 11
6 17
14 22
5 12
1 14
2 23
2 13
15 18
14 23
1 7
2 16
1 24
6 18
22 24
21 23
12 18
3 5
9 13
15 24
1 12
5 7
14 21
16 20
6 13
15 16
