25 25 90
2 24 21 8 25 19 22 12 6 3 1 10 5 18 15 20 13 14 23 16 17 7 4 11 9 
22 14 11 23 21 13 9 7 5 4 15 8 10 19 6 3 24 2 12 16 1 17 20 18 25 
5 4 16 20 7 13 18 19 23 14 6 24 12 9 11 17 1 2 22 10 8 3 21 15 25 
12 9 17 13 16 23 22 25 21 6 8 10 24 7 1 18 2 15 3 5 19 4 11 20 14 
2 17 7 13 9 5 14 15 23 19 20 21 8 6 3 24 25 11 4 10 1 16 12 22 18 
7 10 11 9 24 21 16 15 2 17 3 12 4 5 8 6 1 20 18 14 25 23 22 19 13 
14 4 12 7 11 22 13 8 9 19 16 10 18 24 6 21 3 23 1 5 2 25 20 17 15 
13 7 9 19 12 6 8 11 23 5 4 14 10 22 15 24 21 1 3 18 16 2 25 17 20 
2 12 15 24 5 1 10 4 19 20 3 25 21 13 14 16 18 8 6 23 17 22 7 11 9 
22 14 20 12 13 24 3 18 5 7 4 25 21 23 16 10 2 9 15 6 17 8 11 19 1 
10 21 20 15 9 22 12 8 18 14 7 2 17 3 6 1 5 13 11 16 4 25 19 23 24 
17 11 1 22 15 13 6 7 3 4 23 20 19 16 24 8 10 12 21 18 2 14 25 9 5 
1 12 2 18 25 11 8 15 3 13 14 16 19 24 21 10 17 5 7 22 23 20 9 4 6 
16 15 9 23 11 24 4 7 6 22 2 8 1 3 19 13 17 12 25 14 20 5 21 18 10 
5 16 13 6 7 10 20 17 14 23 19 11 12 8 2 24 4 22 3 9 1 25 21 15 18 
18 13 21 16 4 5 24 14 10 1 8 11 25 6 19 20 23 2 12 9 15 7 22 17 3 
14 23 11 13 21 1 20 5 8 10 18 15 3 9 2 6 17 12 24 4 22 7 19 25 16 
21 22 14 10 1 2 24 16 25 17 8 23 7 18 9 11 20 4 15 12 13 19 5 6 3 
19 3 10 24 15 20 23 9 17 13 1 21 22 14 16 7 8 12 2 25 5 6 18 11 4 
3 14 23 12 15 6 21 17 7 1 9 16 5 2 4 10 11 25 19 18 22 13 24 8 20 
15 4 8 13 24 3 22 16 17 12 18 10 6 23 2 11 19 25 21 5 14 7 1 9 20 
6 2 10 20 12 23 13 21 19 7 18 22 14 17 24 15 1 11 8 16 9 4 25 3 5 
25 14 3 10 17 19 9 16 8 21 5 15 1 18 2 20 11 4 23 13 12 22 6 7 24 
8 15 25 13 12 9 17 20 4 2 3 6 11 14 5 21 22 18 1 16 24 23 10 19 7 
6 24 9 5 2 12 3 11 18 19 17 13 1 10 21 7 20 14 23 22 4 8 25 15 16 
17 20
1 11
3 24
12 17
17 23
13 20
18 20
4 10
5 11
5 24
10 24
11 21
16 19
7 22
12 22
17 18
1 12
5 14
11 15
6 16
1 21
22 23
2 18
1 15
2 12
9 25
14 22
15 23
7 15
12 13
7 24
13 16
12 24
2 23
3 6
9 20
10 19
7 18
12 18
2 24
18 21
3 5
2 7
13 22
2 8
5 13
10 15
8 19
19 22
9 18
15 19
7 20
1 25
1 14
8 10
4 13
9 11
3 16
9 24
8 16
6 15
12 14
13 15
1 4
3 9
2 3
15 24
15 21
17 21
2 25
2 4
6 21
11 23
13 21
1 2
3 20
10 12
8 20
5 25
7 10
11 18
10 22
22 24
18 24
14 20
11 12
6 19
21 25
20 23
13 14
