25 25 120
4 6 13 20 9 16 7 10 3 19 12 15 23 18 17 25 24 5 21 2 11 14 8 1 22 
4 14 17 23 12 20 11 9 21 5 25 3 10 1 22 6 16 8 15 18 7 19 24 2 13 
9 19 11 25 21 12 1 10 23 7 13 22 20 14 6 5 18 15 17 16 8 24 3 2 4 
25 12 2 22 20 21 10 24 13 23 9 8 5 19 18 15 14 16 7 3 1 6 4 17 11 
8 6 7 12 13 24 11 1 2 21 19 25 5 15 17 18 9 20 23 10 4 3 16 14 22 
12 2 5 4 15 23 21 18 8 20 9 16 7 6 10 25 17 14 19 11 24 1 13 3 22 
14 13 12 8 1 9 25 11 15 6 3 7 17 20 19 18 4 21 10 22 24 5 16 23 2 
19 17 12 8 5 18 2 3 22 9 24 21 20 15 16 10 6 1 25 4 23 11 13 14 7 
20 18 11 9 12 17 24 15 3 1 8 23 10 21 16 19 4 22 5 7 2 13 6 14 25 
3 1 6 7 10 9 8 4 18 24 25 12 22 14 13 19 11 2 15 5 21 20 23 16 17 
8 1 14 13 6 25 3 9 22 17 2 5 20 4 23 15 19 12 18 11 7 16 10 21 24 
2 18 11 9 22 19 5 14 8 10 20 12 21 7 23 6 16 25 1 13 4 24 3 17 15 
11 17 9 18 21 3 13 12 15 14 1 8 22 20 2 23 4 19 25 7 24 10 16 6 5 
9 1 5 6 15 25 14 17 10 8 21 24 16 12 23 3 19 4 11 22 20 7 18 13 2 
24 1 7 20 2 6 8 4 19 5 13 21 11 16 18 15 22 14 25 9 3 23 17 12 10 
12 22 5 18 14 21 17 11 2 7 25 4 24 3 16 23 15 6 9 1 10 20 19 8 13 
4 22 14 16 18 11 24 5 13 8 3 10 12 25 21 20 17 7 2 6 1 15 19 9 23 
21 20 14 16 3 17 12 8 13 11 5 2 22 10 19 9 24 15 25 1 6 4 7 23 18 
21 8 15 18 4 16 24 6 1 12 7 3 10 9 19 11 5 2 14 22 13 23 20 17 25 
2 19 9 25 7 5 15 13 8 16 1 4 12 11 14 24 3 21 18 10 17 6 20 22 23 
18 4 17 14 1 15 25 8 6 9 13 12 22 3 2 10 7 16 21 11 20 5 24 19 23 
1 25 24 5 12 8 10 13 7 16 11 21 17 20 6 4 23 2 14 3 19 15 18 22 9 
5 1 4 15 16 24 13 7 2 17 12 18 19 3 8 6 22 10 21 9 11 23 14 20 25 
6 4 1 13 14 5 20 22 16 7 12 25 11 23 17 24 18 10 9 15 8 3 2 19 21 
11 2 8 22 19 14 17 12 4 1 5 20 13 9 21 18 23 10 6 16 25 7 3 15 24 
6 9
10 17
2 22
1 6
1 11
3 24
8 24
6 10
11 22
10 18
16 22
17 23
16 25
4 10
2 6
9 14
3 23
10 13
5 24
4 16
19 24
10 24
14 15
5 21
6 23
16 19
7 22
2 17
22 25
8 12
2 11
6 13
14 21
19 23
6 16
22 23
3 11
1 15
14 22
7 15
12 13
1 16
12 24
8 25
9 20
15 25
6 11
16 23
13 19
23 24
4 11
3 5
2 7
9 13
8 22
14 25
9 23
24 25
11 20
16 20
2 8
10 15
8 19
4 22
11 14
19 22
5 23
11 19
16 17
4 13
2 13
4 24
3 16
6 15
19 21
15 22
6 18
20 22
21 23
2 20
1 4
2 3
1 9
15 24
15 21
12 19
17 21
13 18
3 4
9 12
5 9
3 25
4 18
6 21
7 16
6 24
13 21
2 9
3 20
19 25
9 17
15 18
6 22
5 22
11 18
7 23
16 18
17 19
13 24
3 13
8 11
9 10
5 15
6 12
4 20
19 20
15 17
11 17
1 22
21 22
