25 25 150
5 9 18 19 10 4 1 16 21 8 2 14 15 7 17 11 23 12 22 25 6 20 13 3 24 
17 16 20 10 12 14 9 6 25 18 22 3 24 5 2 23 4 15 8 7 1 19 13 11 21 
12 16 3 15 5 6 7 20 24 17 10 14 1 2 22 8 11 9 25 13 23 4 18 19 21 
23 5 4 17 12 10 21 16 15 24 14 18 7 11 9 20 19 2 25 13 1 8 3 6 22 
25 23 13 22 15 16 11 1 5 14 3 10 9 21 24 6 12 2 20 17 18 4 8 19 7 
2 12 22 11 24 13 5 21 20 3 23 10 14 16 1 25 15 7 19 6 18 4 8 9 17 
10 21 13 12 17 24 2 11 5 3 20 14 18 16 7 8 9 4 22 15 25 1 19 6 23 
21 23 22 11 15 4 1 10 7 16 17 20 8 25 24 6 5 19 9 12 13 3 18 2 14 
21 20 7 9 6 4 17 16 3 25 15 11 5 14 24 13 1 18 19 12 23 22 8 2 10 
8 5 23 14 18 6 4 20 10 16 1 12 9 15 13 3 2 19 7 24 21 22 25 17 11 
20 7 6 13 4 5 23 12 3 19 8 15 14 9 16 10 17 24 22 18 2 21 11 1 25 
24 10 2 4 21 25 20 15 16 18 3 14 22 8 9 1 7 13 6 5 19 12 17 11 23 
16 20 11 5 1 8 23 17 12 6 2 15 24 25 14 10 22 21 19 18 3 13 9 4 7 
13 10 16 20 1 8 6 25 24 14 15 9 4 21 17 5 7 2 3 18 19 12 23 11 22 
14 18 3 2 13 22 5 15 23 19 7 20 21 1 9 8 24 6 16 11 12 4 17 25 10 
10 1 9 25 17 5 6 3 8 12 22 21 11 14 23 20 4 7 24 16 15 13 18 19 2 
2 15 10 7 25 17 9 5 24 13 22 1 3 16 14 6 12 8 20 18 4 11 21 19 23 
11 21 23 2 13 4 5 24 15 9 8 18 16 10 19 12 25 20 22 14 6 3 17 7 1 
6 11 8 1 9 2 3 14 18 23 20 15 13 4 16 24 5 22 25 7 12 10 17 19 21 
12 2 3 23 25 8 22 20 19 9 16 11 6 14 24 18 17 4 1 15 10 5 7 13 21 
2 23 12 7 13 17 9 25 16 10 18 3 6 24 5 4 14 22 21 1 11 19 20 15 8 
17 8 1 2 21 5 9 4 25 15 24 10 22 18 23 7 13 12 16 20 14 11 3 19 6 
5 1 9 20 7 21 18 16 17 19 14 11 10 8 22 24 25 15 4 3 6 23 12 2 13 
16 1 18 2 3 7 23 19 9 22 15 10 8 17 6 12 4 24 21 20 14 11 25 5 13 
20 12 3 15 17 13 22 16 23 10 2 5 4 25 11 14 19 1 8 21 6 7 24 18 9 
1 3
1 5
1 6
1 8
1 9
1 13
1 14
1 16
1 18
1 19
1 21
1 23
2 3
2 4
2 5
2 6
2 7
2 10
2 11
2 14
2 18
2 20
2 21
2 22
2 24
2 25
3 4
3 8
3 9
3 11
3 14
3 16
3 17
3 19
4 5
4 6
4 9
4 11
4 12
4 15
4 16
4 21
4 22
4 25
5 6
5 7
5 8
5 9
5 11
5 13
5 14
5 16
5 21
5 23
5 24
5 25
6 8
6 9
6 10
6 11
6 13
6 14
6 15
6 16
6 18
6 19
6 22
6 23
6 24
7 9
7 10
7 14
7 22
7 23
8 9
8 11
8 16
8 19
8 21
8 22
9 10
9 12
9 16
9 20
9 22
9 23
10 11
10 12
10 15
10 17
10 18
10 20
10 22
10 23
10 24
11 13
11 14
11 15
11 17
11 19
11 20
11 22
12 13
12 14
12 15
12 17
12 18
12 19
12 22
12 23
12 24
13 16
13 17
13 18
13 19
13 21
13 22
13 23
13 24
14 16
14 18
14 20
14 22
14 24
15 16
15 17
15 19
15 20
15 22
15 23
15 24
15 25
16 17
16 18
16 21
16 23
16 25
17 20
17 21
17 22
17 25
18 19
18 21
18 24
19 24
20 25
21 23
22 24
22 25
23 25
