25 25 60
3 17 11 6 21 18 10 8 22 9 12 1 5 25 4 19 24 13 23 15 14 2 16 7 20 
2 3 9 11 14 20 5 4 18 6 21 25 17 10 8 22 12 16 1 24 19 7 23 15 13 
18 24 2 10 16 11 20 6 21 8 3 1 4 12 22 17 13 5 19 25 7 15 14 23 9 
13 7 5 24 10 18 15 16 4 21 17 1 8 22 20 12 6 11 2 14 3 9 25 19 23 
14 1 5 10 6 22 13 18 7 12 20 17 3 15 24 23 2 8 4 9 25 16 19 21 11 
2 7 20 4 3 1 17 9 8 14 21 5 23 10 18 15 16 24 12 13 25 22 19 6 11 
13 21 1 22 24 5 7 19 2 16 18 14 12 17 8 25 23 4 20 6 3 11 15 9 10 
14 7 21 11 16 18 5 9 17 20 13 3 10 23 24 15 12 19 2 8 25 1 22 4 6 
10 19 9 5 12 24 2 11 17 8 22 25 7 13 14 15 18 16 20 4 21 6 3 1 23 
23 13 8 5 4 1 21 25 14 19 7 15 2 10 3 16 12 24 17 20 22 11 18 6 9 
22 7 11 12 8 20 14 17 23 4 18 1 9 2 21 25 10 15 16 3 19 6 5 13 24 
2 1 15 16 18 21 14 3 22 23 13 8 24 5 11 17 6 10 7 19 9 25 12 4 20 
25 2 13 21 17 3 18 24 19 4 16 5 10 7 9 11 23 6 15 22 20 14 12 8 1 
3 16 11 8 19 14 6 25 2 22 1 13 5 10 15 21 24 12 7 17 4 23 9 18 20 
25 18 21 13 22 19 7 4 3 17 9 2 11 8 15 6 10 1 24 16 23 5 20 12 14 
7 1 8 13 17 9 22 4 6 2 20 3 24 5 14 10 23 11 16 15 18 21 25 12 19 
17 2 11 13 10 5 16 20 3 8 23 9 6 15 1 7 19 25 4 14 22 24 12 21 18 
22 8 20 10 6 15 1 16 11 23 7 24 21 13 17 25 12 18 5 19 4 9 3 2 14 
5 8 3 16 1 11 2 4 21 25 19 24 17 6 9 7 13 18 15 12 14 23 20 10 22 
24 17 3 22 7 21 4 15 5 12 10 6 16 19 14 23 11 8 2 20 1 18 13 25 9 
10 14 15 25 6 23 16 13 1 5 4 22 12 9 17 24 20 21 2 18 7 8 19 3 11 
23 15 20 12 24 9 16 8 4 5 21 25 14 13 6 3 11 2 22 17 19 10 7 18 1 
19 16 6 2 22 13 25 23 4 20 17 5 12 8 7 1 11 9 3 18 10 21 15 14 24 
11 19 7 15 3 25 2 16 13 12 20 4 22 21 8 5 9 1 10 17 14 23 24 18 6 
5 18 24 13 16 22 9 2 21 11 4 12 3 20 7 14 25 15 19 6 23 10 1 8 17 
11 16
3 15
6 9
1 21
22 23
8 13
10 17
1 17
1 15
8 9
19 23
8 19
13 17
3 17
11 19
16 17
12 20
15 23
12 13
1 14
8 10
5 18
5 25
9 11
9 17
7 10
6 22
5 22
9 14
22 24
13 24
20 22
4 5
15 25
14 19
13 15
12 25
2 20
1 4
4 16
5 24
3 23
3 9
17 22
8 17
16 19
2 14
11 12
15 24
20 24
14 25
2 21
9 23
1 18
3 8
3 18
10 14
2 15
11 15
7 8
