25 25 150
25 15 1 5 21 24 11 14 17 23 3 13 4 12 8 16 6 10 20 22 9 18 19 2 7 
2 3 24 13 4 7 25 17 15 16 22 10 14 5 8 9 19 20 6 1 23 18 12 11 21 
2 6 25 8 3 7 13 24 11 16 23 18 5 1 4 15 17 10 20 21 22 14 12 9 19 
14 7 1 24 9 10 3 21 5 22 18 13 12 25 23 4 15 17 11 8 2 6 16 19 20 
8 7 16 4 21 17 23 12 19 20 25 3 6 22 14 18 1 5 15 2 24 13 11 9 10 
21 3 15 12 23 1 10 6 17 24 20 5 2 9 4 13 7 19 16 25 22 11 8 18 14 
19 7 20 12 15 1 25 4 6 21 13 3 8 18 9 11 10 22 16 14 24 17 2 5 23 
6 2 7 18 3 21 4 10 9 11 20 24 25 1 17 19 15 16 23 8 14 12 22 5 13 
24 17 13 19 16 10 1 7 14 9 25 5 2 15 3 22 18 21 11 4 12 6 20 23 8 
14 17 20 12 18 25 16 15 8 4 10 19 21 2 11 5 13 23 3 9 7 6 1 22 24 
11 22 25 2 21 17 4 5 23 7 1 14 24 6 10 20 15 3 13 12 19 8 16 18 9 
4 24 20 11 10 1 16 7 14 6 23 21 12 2 13 19 8 17 3 18 25 15 22 5 9 
23 22 19 25 11 7 2 20 3 1 10 8 18 14 6 9 24 5 17 21 15 16 4 12 13 
11 7 25 23 2 22 3 17 13 20 6 24 8 15 12 18 1 4 21 10 19 9 14 16 5 
2 25 5 8 3 13 6 9 10 17 19 15 1 12 22 21 20 7 23 11 24 18 16 4 14 
19 1 24 17 9 7 22 13 6 23 12 20 11 10 5 18 14 16 4 2 3 25 8 15 21 
14 19 24 22 8 1 13 21 25 16 7 15 5 17 3 20 4 6 11 9 10 2 23 12 18 
17 12 10 11 16 14 21 23 13 24 7 18 8 3 1 6 22 19 5 20 4 2 15 9 25 
5 8 10 21 19 23 17 14 3 22 1 15 25 6 20 9 12 13 7 2 24 16 4 11 18 
16 18 9 17 20 3 2 24 11 19 23 6 5 4 1 8 7 14 13 22 21 25 12 15 10 
18 17 22 9 24 20 4 16 19 11 25 7 6 13 5 1 2 21 10 12 15 23 8 14 3 
14 11 9 15 8 1 18 19 25 12 3 21 5 22 4 2 7 16 23 10 13 17 6 24 20 
3 10 11 19 8 18 6 16 12 17 21 24 15 13 2 22 4 5 25 20 9 1 23 14 7 
23 4 3 21 9 11 17 20 6 15 10 18 24 19 1 14 22 5 25 16 13 12 8 2 7 
3 24 6 17 23 2 10 11 25 13 5 8 22 7 15 21 19 9 14 1 16 20 4 12 18 
1 2
1 5
1 7
1 8
1 11
1 13
1 15
1 21
1 22
1 23
1 24
2 3
2 4
2 5
2 7
2 10
2 11
2 14
2 17
2 18
2 21
2 22
2 24
3 5
3 6
3 7
3 8
3 9
3 11
3 12
3 15
3 19
3 20
3 24
4 5
4 6
4 9
4 10
4 13
4 14
4 16
4 20
4 21
4 22
4 24
4 25
5 6
5 7
5 9
5 11
5 13
5 15
5 20
5 22
5 25
6 7
6 8
6 9
6 10
6 12
6 16
6 19
6 20
6 22
6 24
7 9
7 11
7 12
7 13
7 14
7 15
7 16
7 21
7 23
8 13
8 16
8 18
8 19
8 21
8 22
8 24
9 12
9 17
9 18
9 19
10 15
10 16
10 21
10 22
10 24
11 12
11 14
11 15
11 18
11 20
11 21
11 22
11 23
11 24
11 25
12 15
12 16
12 17
12 18
12 23
12 24
12 25
13 14
13 16
13 19
13 20
13 21
13 22
13 23
14 15
14 17
14 18
14 23
14 24
14 25
15 16
15 17
15 19
15 20
15 24
16 17
16 19
16 20
16 24
16 25
17 21
17 22
17 24
18 19
18 21
18 22
18 24
18 25
19 21
20 21
20 22
20 23
20 24
20 25
21 22
21 23
21 24
21 25
22 24
23 24
