25 25 120
22 18 11 23 1 17 20 8 12 25 15 9 4 7 13 16 5 19 14 24 2 10 6 21 3 
21 14 13 2 9 5 18 23 12 6 17 11 19 3 10 15 22 24 4 8 1 16 25 7 20 
9 21 3 13 25 14 22 18 6 4 5 10 7 17 1 23 19 16 8 20 11 24 15 2 12 
10 9 20 25 14 11 5 4 13 6 3 15 21 8 7 1 2 23 17 16 22 19 18 24 12 
11 12 19 5 7 6 20 25 1 8 10 22 17 3 2 15 24 18 14 9 13 4 23 21 16 
24 5 4 10 12 23 25 19 3 14 21 13 17 22 6 7 15 16 11 20 18 1 2 8 9 
24 9 14 25 22 17 18 7 8 11 4 15 3 2 6 12 23 21 19 20 1 10 5 13 16 
8 3 15 2 9 17 6 1 25 14 18 7 23 24 5 20 12 13 19 22 11 16 10 4 21 
6 4 16 22 17 19 21 11 10 23 7 13 24 3 5 8 20 12 15 1 25 14 2 9 18 
24 12 19 25 9 20 6 2 23 15 11 18 5 22 4 1 7 21 16 17 14 13 3 8 10 
14 11 5 13 7 15 17 23 10 22 24 9 3 8 1 4 18 16 19 20 6 2 25 21 12 
23 24 18 4 17 10 6 7 21 1 16 12 9 2 14 19 5 22 11 15 3 20 25 8 13 
8 5 21 12 9 17 15 4 3 18 20 1 23 11 7 16 24 19 25 2 10 22 6 13 14 
16 3 4 21 13 20 19 24 15 10 9 7 18 22 11 6 8 1 2 5 23 12 17 14 25 
7 1 4 3 11 23 5 9 17 6 21 8 25 12 14 22 15 19 16 18 2 13 24 10 20 
9 8 13 21 20 18 3 16 2 7 24 10 11 12 6 15 4 5 22 25 23 19 14 17 1 
1 6 5 23 13 4 24 20 19 12 10 8 3 7 17 14 11 18 15 2 16 22 9 21 25 
16 24 10 12 9 13 5 4 14 20 21 2 11 19 17 25 6 8 23 22 15 7 18 1 3 
19 23 5 11 10 18 25 13 21 8 20 24 14 1 15 16 7 22 9 12 2 17 4 6 3 
25 10 16 12 18 13 17 21 24 8 6 20 11 15 7 4 1 2 19 5 3 23 9 14 22 
16 22 24 8 14 4 9 3 1 2 25 15 13 7 10 6 5 20 17 18 21 19 23 11 12 
23 21 20 5 10 8 24 7 19 1 14 6 15 22 25 2 4 18 9 11 3 12 16 17 13 
1 4 20 3 13 25 11 5 18 9 22 17 19 10 14 7 15 24 8 16 2 23 6 12 21 
14 18 21 22 3 2 16 10 19 6 25 9 7 24 23 11 5 13 15 17 20 4 1 8 12 
8 24 25 20 16 18 3 1 5 9 17 21 7 22 2 13 10 19 23 12 14 4 6 15 11 
7 12
17 20
13 17
2 22
18 19
2 5
5 8
8 24
6 7
4 19
9 21
14 18
5 18
11 22
6 25
12 17
17 23
18 20
8 15
4 10
5 11
8 21
4 16
19 24
9 16
14 15
11 21
10 23
2 17
22 25
13 23
1 12
8 12
14 21
6 13
4 21
11 15
9 19
6 16
11 16
1 15
8 9
4 12
2 12
3 17
6 14
12 13
7 24
13 16
12 24
1 5
3 6
1 10
7 18
12 18
2 24
4 11
3 5
4 6
3 22
5 7
24 25
12 23
3 15
1 3
8 13
4 8
3 21
19 22
7 11
1 20
3 10
1 14
2 13
4 24
11 13
6 18
1 23
2 20
1 9
15 24
6 8
5 16
10 16
12 19
1 7
3 4
2 4
9 12
10 11
6 21
5 19
11 23
10 21
7 16
6 24
16 24
18 23
2 9
5 12
4 23
7 10
5 22
16 18
7 23
12 21
13 24
3 13
1 13
18 24
9 10
3 19
4 20
11 12
15 17
6 19
21 25
3 8
1 8
2 15
