25 25 150
8 22 2 24 17 14 11 21 10 6 25 1 20 15 19 5 23 3 16 13 9 12 4 7 18 
11 18 9 12 1 10 13 22 20 19 25 21 23 6 5 2 16 7 4 14 24 17 3 8 15 
1 15 2 16 11 22 14 12 3 6 8 13 20 25 19 17 9 21 7 23 24 18 5 10 4 
23 15 16 14 12 22 11 24 20 3 8 2 6 1 25 17 13 4 18 9 7 10 21 19 5 
10 25 12 11 21 23 16 1 5 2 9 3 13 8 4 6 18 14 7 24 20 19 22 17 15 
13 11 14 25 4 23 8 21 18 17 2 10 6 22 15 12 19 9 3 24 5 20 7 1 16 
25 14 24 15 7 16 13 9 3 22 11 19 20 5 18 23 1 17 21 2 4 10 12 6 8 
22 10 12 7 9 5 15 6 16 11 25 20 17 14 21 2 19 13 4 23 18 3 1 24 8 
15 8 6 1 22 9 16 7 3 13 23 19 14 18 24 4 10 17 5 21 2 11 25 20 12 
18 22 24 4 1 13 3 19 17 6 23 12 14 9 25 15 7 8 2 20 16 5 11 21 10 
15 16 2 25 10 11 9 21 19 7 8 4 18 13 17 14 23 1 22 6 5 24 12 20 3 
11 19 20 1 3 5 21 7 16 15 25 22 12 23 13 2 18 8 10 9 6 4 24 17 14 
7 24 16 8 17 25 12 6 2 21 19 5 9 10 1 15 4 22 23 13 3 14 11 18 20 
3 20 4 6 18 19 12 23 22 7 16 15 25 9 14 5 11 1 8 24 21 10 13 17 2 
8 19 25 11 16 1 3 12 13 22 24 18 7 9 6 15 10 14 2 5 17 23 21 4 20 
22 13 19 1 21 3 5 2 10 12 11 24 9 23 18 6 20 16 25 7 14 17 15 8 4 
4 19 18 2 21 7 6 20 24 5 13 23 10 12 8 25 14 17 11 1 16 22 3 15 9 
17 14 4 3 7 16 13 10 22 24 1 25 15 21 5 6 12 18 8 9 23 19 2 11 20 
25 14 4 2 7 3 20 12 17 16 23 19 13 24 21 8 1 6 18 15 22 9 5 10 11 
24 13 18 19 6 9 3 15 1 12 23 22 16 8 20 11 10 14 5 7 2 4 17 25 21 
7 21 16 8 23 25 19 12 5 3 17 6 2 11 22 9 1 10 18 24 15 13 4 20 14 
4 10 1 19 17 12 8 3 18 20 14 16 6 5 24 13 9 25 21 15 23 7 22 11 2 
12 3 14 24 17 13 4 19 7 9 5 1 16 21 23 22 25 15 10 11 8 20 2 6 18 
13 14 2 21 19 18 9 16 22 1 11 23 5 8 10 12 4 7 20 6 15 24 3 17 25 
13 1 17 7 10 11 14 12 5 22 9 24 8 3 2 20 16 6 15 19 4 23 21 25 18 
1 3
1 5
1 6
1 9
1 10
1 11
1 13
1 14
1 15
1 17
1 18
1 21
1 22
1 23
1 25
2 3
2 6
2 7
2 9
2 10
2 14
2 17
2 19
2 20
2 21
2 25
3 5
3 8
3 9
3 10
3 12
3 15
3 18
3 21
3 24
3 25
4 9
4 12
4 13
4 17
4 19
4 20
4 23
4 24
4 25
5 6
5 7
5 8
5 9
5 11
5 16
5 20
5 21
5 22
5 23
5 24
5 25
6 8
6 10
6 11
6 12
6 13
6 16
6 17
6 20
6 21
6 22
6 24
7 11
7 12
7 14
7 15
7 18
7 20
7 21
7 22
7 25
8 9
8 14
8 18
8 19
8 20
8 22
8 24
9 10
9 11
9 13
9 15
9 18
9 23
9 24
9 25
10 14
10 18
10 19
10 20
10 24
11 12
11 14
11 19
11 21
12 16
12 18
12 21
12 22
13 15
13 16
13 17
13 19
13 20
13 21
13 22
13 23
13 24
13 25
14 15
14 16
14 17
14 19
14 23
14 25
15 17
15 19
15 22
15 24
16 17
16 19
16 20
16 21
16 25
17 18
17 21
17 25
18 21
18 22
18 24
18 25
19 20
19 21
19 25
20 22
20 23
20 24
21 22
21 24
22 24
22 25
23 24
23 25
24 25
