25 25 120
16 7 1 12 14 25 23 9 15 21 24 19 13 10 2 4 5 11 20 6 3 18 8 17 22 
13 14 24 25 4 5 12 18 16 19 20 3 7 17 9 15 11 10 6 22 2 23 1 8 21 
23 17 19 8 7 2 11 18 3 9 21 14 6 12 24 22 20 15 13 5 4 10 25 1 16 
4 9 2 13 16 6 8 25 7 22 19 24 3 17 20 18 5 21 12 23 14 10 1 11 15 
18 15 19 24 23 11 2 17 21 22 9 10 6 1 12 13 4 5 25 3 8 14 20 16 7 
4 8 25 1 11 7 15 18 19 22 24 5 20 23 12 6 3 21 16 2 9 17 10 13 14 
19 21 3 20 8 7 9 10 24 25 5 13 22 14 12 1 16 23 2 6 11 15 4 17 18 
11 4 21 12 23 25 10 19 20 22 14 17 8 9 15 13 5 7 18 2 3 1 6 16 24 
13 4 7 5 6 15 14 10 24 21 18 11 25 19 3 1 2 9 8 23 17 20 16 12 22 
5 11 25 8 21 4 10 14 17 6 19 22 20 3 16 24 9 15 23 1 18 12 7 13 2 
6 16 3 25 19 24 1 22 9 15 2 13 23 5 4 20 17 7 10 8 18 12 11 14 21 
16 9 24 3 6 22 4 7 17 12 15 2 11 13 23 19 25 21 20 18 8 10 14 1 5 
5 21 25 1 17 7 18 4 11 19 6 10 14 13 24 23 3 9 2 16 22 20 8 12 15 
3 15 1 2 17 9 12 19 8 7 6 18 4 25 11 23 16 13 22 10 21 14 24 20 5 
14 24 19 2 12 25 10 13 4 7 6 21 18 1 16 20 15 22 17 9 23 5 3 11 8 
16 1 22 13 21 18 7 20 12 17 25 23 5 3 15 2 19 10 11 24 4 6 8 9 14 
9 5 20 7 15 18 1 25 8 23 6 10 11 2 4 16 12 3 22 21 19 14 13 17 24 
16 9 23 25 24 13 22 20 14 6 21 11 18 7 12 17 10 2 3 1 4 15 8 5 19 
18 10 20 16 9 3 6 1 12 13 22 24 11 19 14 23 25 17 5 2 8 15 21 4 7 
4 9 15 17 1 16 3 2 6 7 11 24 14 23 20 13 19 5 25 10 21 8 22 12 18 
5 19 16 13 3 18 15 23 25 4 21 20 17 6 11 7 1 10 9 24 2 8 22 12 14 
25 10 24 20 14 15 22 7 16 8 5 3 9 19 1 23 18 11 12 13 4 21 6 2 17 
9 22 3 19 18 4 25 21 15 16 10 1 24 13 8 11 17 23 20 7 12 2 14 5 6 
9 11 3 2 23 18 14 16 12 8 20 21 25 5 7 24 6 19 13 22 1 17 15 10 4 
6 13 18 24 10 22 25 3 20 7 16 23 19 14 1 11 8 2 17 21 9 5 15 12 4 
14 17
6 9
7 12
13 17
1 6
18 19
3 24
14 18
6 10
7 19
6 25
16 22
12 17
17 23
16 25
13 20
5 11
5 24
4 16
19 24
9 16
14 15
5 21
11 21
7 22
16 19
12 22
2 17
22 25
13 23
3 12
18 25
8 12
5 14
3 18
10 14
6 13
19 23
9 19
7 8
4 12
3 17
9 25
12 24
2 23
1 5
17 24
8 25
16 23
12 18
17 22
13 19
3 22
14 25
6 20
5 20
11 20
10 20
16 20
12 23
3 15
1 3
2 8
3 21
8 19
4 22
11 14
19 22
9 18
5 23
11 19
7 20
12 20
2 19
1 25
8 10
14 23
6 18
21 23
3 9
14 16
10 16
13 18
3 4
2 4
4 7
8 23
4 18
5 19
11 23
10 21
7 16
3 14
18 23
8 14
2 9
10 12
9 17
15 18
7 10
5 22
6 22
7 23
2 16
1 24
17 19
22 24
3 13
4 25
14 20
4 20
19 20
7 9
21 25
20 23
11 17
1 22
21 22
3 8
2 15
