25 25 90
4 10 21 19 23 17 16 24 3 9 11 8 25 2 1 15 7 13 14 12 18 22 6 20 5 
1 6 14 9 12 4 11 10 17 8 7 16 25 3 13 23 21 5 2 18 19 15 20 22 24 
8 14 6 7 24 3 17 4 15 2 1 5 19 11 23 18 22 25 10 21 12 16 13 20 9 
5 8 14 16 24 21 18 11 1 6 10 9 23 17 4 2 13 12 3 19 25 20 7 22 15 
14 24 5 18 10 23 8 21 22 16 11 6 12 1 19 15 25 9 13 20 7 2 3 4 17 
15 22 18 6 1 11 7 13 17 10 16 12 4 5 3 2 20 23 21 25 8 14 24 19 9 
13 20 10 12 4 24 17 22 1 16 25 11 3 9 5 23 15 2 7 8 18 19 6 21 14 
12 21 4 2 15 1 16 3 23 17 13 11 20 14 9 24 5 25 7 8 18 19 6 10 22 
14 3 20 25 18 11 21 13 10 17 15 8 22 4 7 24 1 2 23 5 9 12 19 16 6 
1 24 16 15 14 17 6 5 10 18 19 21 20 4 23 2 13 3 12 25 8 11 7 9 22 
14 8 20 12 5 24 9 7 10 11 4 21 18 6 3 17 15 22 16 1 19 23 13 25 2 
17 20 8 16 12 7 23 1 4 10 21 25 2 9 14 13 19 15 22 3 24 18 6 5 11 
4 6 25 5 7 19 23 8 3 16 17 18 2 15 24 12 20 21 1 14 13 22 11 10 9 
13 24 20 10 18 25 17 5 6 19 1 23 22 9 12 3 15 14 11 16 2 8 4 21 7 
23 2 20 3 24 7 18 1 21 19 6 9 15 13 4 14 8 10 12 5 25 17 11 16 22 
2 1 20 10 12 25 6 23 16 7 11 18 21 14 24 13 3 19 5 4 8 15 22 9 17 
4 8 23 6 1 2 12 3 13 25 7 20 5 21 15 22 11 14 18 19 9 16 24 10 17 
17 4 10 21 2 6 14 13 19 7 1 16 3 18 24 20 22 9 5 15 23 11 12 8 25 
7 9 6 21 24 5 12 20 2 25 1 3 22 17 16 19 4 14 11 10 23 13 18 15 8 
3 16 23 20 10 12 17 15 7 22 25 5 14 24 4 1 11 2 21 13 9 19 8 18 6 
11 15 24 25 4 5 8 13 16 22 21 20 14 9 19 12 7 6 2 3 23 17 10 18 1 
18 9 13 8 16 22 11 10 14 2 20 15 1 6 7 21 5 3 4 17 25 12 24 23 19 
25 13 10 8 19 14 15 18 17 20 23 5 24 1 9 11 3 6 16 12 22 4 7 2 21 
24 10 3 8 2 12 15 17 1 25 14 11 16 20 23 5 13 18 7 22 9 4 6 19 21 
13 6 15 2 4 10 25 3 11 12 17 24 8 20 14 7 23 9 18 1 22 5 16 21 19 
20 25
10 17
17 20
1 6
6 7
5 18
9 14
4 5
3 23
10 13
5 24
4 16
19 24
5 21
16 19
12 22
17 18
22 25
8 12
2 11
3 11
20 21
7 24
3 6
9 20
6 11
10 19
18 21
9 13
5 7
9 23
5 20
11 20
2 8
10 15
8 19
4 22
19 22
11 14
15 19
7 11
5 23
1 20
16 17
2 19
1 25
13 25
3 10
9 11
3 16
14 23
11 13
20 22
21 23
2 20
1 9
15 24
14 16
6 8
15 21
2 25
2 4
5 6
6 21
18 23
8 14
9 15
5 12
3 20
10 12
8 20
5 25
7 10
6 22
5 22
15 18
7 23
12 21
13 24
3 13
18 24
4 14
2 10
5 15
11 12
21 25
11 17
1 22
21 22
2 21
