25 25 30
15 20 1 21 17 16 9 10 11 22 4 25 13 24 5 3 18 23 6 19 14 8 12 7 2 
18 7 17 23 15 2 21 9 11 6 3 10 1 4 5 12 24 19 16 8 22 25 14 13 20 
5 24 11 9 2 10 23 16 3 19 20 14 7 22 17 18 6 15 25 1 4 13 12 21 8 
12 3 1 17 14 15 6 19 2 20 10 9 4 5 7 25 13 8 11 24 23 16 22 18 21 
12 21 25 11 13 20 3 17 4 6 10 22 8 24 19 7 15 5 9 14 18 23 2 1 16 
22 16 14 7 6 4 20 11 8 25 10 24 23 15 18 21 2 17 1 5 19 13 9 12 3 
7 6 14 5 17 10 13 2 12 22 1 9 18 24 19 15 21 16 20 4 3 25 11 8 23 
2 19 1 10 8 15 7 18 17 14 13 22 24 4 6 21 16 25 9 11 5 3 23 20 12 
5 10 14 18 24 8 4 20 11 21 19 16 1 12 17 25 22 6 15 7 9 3 2 23 13 
23 2 8 6 24 15 22 10 11 19 21 16 4 1 20 14 12 25 13 17 18 5 3 9 7 
20 1 9 4 6 17 7 11 3 23 10 18 13 24 15 19 12 21 2 5 16 22 8 14 25 
3 12 17 25 24 6 7 8 23 10 11 4 14 5 2 16 19 9 1 21 22 13 18 15 20 
23 24 13 19 16 9 4 25 21 2 8 22 14 10 20 11 3 5 6 1 12 7 18 15 17 
8 3 24 10 17 4 5 18 22 7 16 19 21 2 12 25 1 6 13 11 15 14 20 23 9 
8 12 23 21 7 5 9 25 17 2 11 1 15 14 24 22 6 13 3 10 16 20 18 19 4 
25 12 8 10 16 22 23 20 3 17 15 9 11 18 24 21 5 2 4 1 13 7 6 14 19 
23 10 19 9 6 13 4 3 1 20 15 25 7 18 17 2 11 16 8 24 21 22 5 12 14 
10 6 16 1 20 5 17 4 14 25 13 9 8 15 18 19 23 21 7 12 24 3 2 11 22 
6 19 1 17 15 5 20 3 9 22 8 12 18 16 13 23 11 7 24 14 10 2 4 21 25 
25 24 22 14 12 18 1 9 21 11 17 8 5 2 7 3 20 10 13 15 23 19 4 6 16 
1 3 20 25 21 6 8 18 13 2 10 16 5 7 15 14 19 24 4 22 17 12 11 9 23 
5 3 15 7 19 6 8 22 9 11 23 13 16 1 4 12 14 24 25 2 20 21 18 10 17 
9 6 11 10 20 13 7 24 4 25 5 2 3 14 21 1 19 22 18 12 17 16 23 15 8 
18 2 24 6 17 11 3 13 8 23 20 5 4 15 16 10 9 19 7 14 12 22 21 1 25 
2 11 1 20 24 4 8 16 6 25 14 7 13 22 18 10 19 3 9 12 5 17 23 21 15 
2 18
4 18
7 25
7 16
18 19
6 17
3 17
7 15
2 9
3 20
10 12
12 24
4 13
1 5
6 22
1 10
7 14
17 19
20 22
1 23
10 13
2 20
5 24
2 24
2 7
20 23
15 24
13 18
2 4
9 12
