25 25 90
21 18 23 15 17 19 9 10 8 25 20 16 5 22 6 1 4 7 2 13 11 12 24 3 14 
22 24 6 20 4 18 5 13 12 23 14 19 17 1 9 10 3 25 8 7 15 11 21 2 16 
18 8 12 13 11 17 5 6 3 21 1 14 2 16 15 25 20 19 10 7 23 24 22 4 9 
12 17 16 5 24 18 6 11 10 23 8 7 4 21 19 22 15 2 9 20 3 25 1 13 14 
18 17 5 22 7 23 21 19 25 11 4 15 9 8 2 16 10 1 24 20 6 13 14 12 3 
12 19 21 17 2 18 24 7 22 6 4 1 25 20 10 5 11 14 13 16 15 8 3 9 23 
25 8 4 11 7 2 20 19 23 5 3 18 14 9 21 13 15 16 22 17 10 1 12 24 6 
14 16 3 5 25 24 12 22 23 17 6 15 10 21 4 13 18 20 1 8 9 7 2 11 19 
4 6 16 13 3 12 25 5 14 1 24 17 15 2 10 8 20 11 18 22 21 23 19 7 9 
6 10 18 23 24 1 7 11 16 20 13 22 15 3 14 21 19 25 2 8 12 4 9 17 5 
10 6 21 15 24 12 13 7 25 3 22 11 1 14 2 19 8 16 23 9 4 5 18 20 17 
10 23 24 25 20 22 13 2 6 19 11 3 14 16 17 12 15 7 8 21 18 5 1 4 9 
5 2 21 4 13 19 24 11 3 20 12 18 7 17 23 22 1 16 15 14 6 9 8 10 25 
10 11 21 17 13 23 9 16 12 24 25 8 2 18 15 5 19 4 1 7 20 14 6 22 3 
22 21 3 15 5 1 7 16 8 13 10 12 6 11 17 14 20 24 18 4 23 9 25 2 19 
8 7 4 22 11 1 3 23 25 6 10 18 20 21 17 5 2 14 12 13 24 16 9 15 19 
7 20 17 21 24 8 3 19 12 2 16 23 5 4 18 13 14 15 10 6 9 1 11 25 22 
21 8 23 9 22 19 15 3 16 11 24 17 20 6 10 5 4 13 1 2 25 7 12 14 18 
8 16 9 10 17 2 21 6 11 24 5 12 18 20 1 7 4 25 23 3 19 22 15 14 13 
2 23 22 25 18 10 8 15 20 7 1 19 16 5 17 3 11 13 21 9 6 14 4 12 24 
2 5 24 6 19 1 12 11 25 20 9 8 4 16 18 15 7 14 23 22 10 3 21 17 13 
20 16 8 12 15 21 1 22 9 6 14 7 17 10 25 24 23 19 11 4 5 13 18 3 2 
3 25 22 7 18 1 19 13 15 4 11 10 17 16 24 23 21 20 6 5 14 8 12 2 9 
19 13 14 2 25 12 5 21 4 23 17 16 15 6 8 3 22 20 9 24 18 7 10 11 1 
6 16 20 21 18 14 11 23 22 13 3 7 5 25 24 15 19 10 1 12 9 8 4 17 2 
14 17
17 20
2 22
1 6
17 25
3 7
2 5
8 24
6 10
5 18
11 22
6 25
13 20
23 25
19 24
9 16
11 21
2 17
10 14
4 21
21 24
11 16
2 18
4 12
2 12
14 22
20 21
1 16
7 24
12 24
2 23
6 11
10 19
16 23
2 7
9 13
5 10
9 23
11 20
10 20
16 20
12 23
11 25
13 22
3 15
1 3
18 22
10 15
8 19
11 14
19 22
9 18
5 23
1 20
7 20
16 17
1 25
13 25
1 14
4 13
6 18
12 25
3 9
1 9
15 24
6 8
20 24
10 16
17 21
11 23
3 14
1 2
8 14
9 15
5 12
15 18
10 22
7 23
16 18
12 21
2 16
22 24
8 11
4 14
14 20
11 12
20 23
13 14
3 8
2 15
