25 25 60
16 21 10 23 18 1 25 11 12 5 14 3 17 24 7 15 20 22 2 13 6 8 4 19 9 
12 4 8 10 7 11 6 13 2 21 15 1 25 20 24 23 3 17 9 16 5 19 18 14 22 
22 1 18 23 17 11 16 20 10 19 5 8 4 14 6 9 2 13 7 3 12 24 25 21 15 
13 8 20 7 12 9 4 15 6 18 24 1 14 19 25 16 2 10 23 11 21 17 3 22 5 
23 1 21 13 7 12 22 2 3 4 16 25 14 11 9 20 24 6 10 19 17 15 8 18 5 
9 18 5 24 21 3 12 10 15 1 23 14 11 20 17 25 8 22 16 7 4 13 19 6 2 
19 8 2 25 17 4 24 1 13 15 14 21 18 12 20 5 11 9 3 22 10 7 16 23 6 
20 2 14 25 4 7 15 9 5 1 10 23 8 11 16 18 3 12 17 6 22 21 24 19 13 
13 9 7 12 3 17 2 1 25 23 24 4 21 15 10 11 19 16 5 18 8 6 22 14 20 
2 23 3 17 25 5 18 6 16 8 21 15 14 20 24 19 7 1 13 12 11 10 22 4 9 
5 4 22 2 25 23 1 7 12 15 10 6 13 17 9 21 8 19 18 3 14 11 24 20 16 
13 11 9 8 7 23 1 15 10 21 20 6 12 24 25 18 17 2 14 4 3 5 16 19 22 
17 21 3 15 13 25 11 7 12 23 8 20 1 2 19 9 22 10 4 18 5 14 24 6 16 
2 16 5 19 6 3 13 15 11 9 12 18 10 7 20 21 17 14 1 8 22 25 23 24 4 
3 18 13 1 23 21 19 9 4 15 10 22 20 17 7 6 11 24 14 25 8 12 2 5 16 
17 11 24 8 13 14 12 3 20 4 15 18 1 16 9 25 6 19 5 2 21 23 22 10 7 
24 3 22 12 11 18 16 14 19 7 13 20 25 23 9 4 17 8 5 1 21 15 2 6 10 
6 7 25 19 4 20 8 11 23 3 16 9 21 10 24 12 1 5 2 15 14 22 13 17 18 
8 1 15 5 12 25 23 11 18 17 24 2 20 14 9 21 13 16 3 7 4 22 6 10 19 
15 17 24 6 21 18 2 25 11 22 13 14 1 23 12 19 9 16 3 20 8 5 7 4 10 
17 11 23 13 5 15 21 10 14 3 6 8 2 24 1 7 19 18 9 16 4 22 20 12 25 
3 2 11 7 21 24 4 10 23 15 8 6 25 20 13 16 18 14 19 9 12 17 1 5 22 
15 20 7 17 3 19 12 2 5 6 11 18 23 24 13 1 8 9 16 21 25 10 22 4 14 
12 5 21 23 10 6 19 17 18 20 13 15 9 25 11 1 3 7 14 16 8 22 2 24 4 
8 25 4 12 14 10 13 7 22 5 3 24 23 9 19 20 1 6 15 17 2 11 16 21 18 
1 21
7 21
22 23
2 18
7 12
5 6
2 8
4 8
1 17
17 20
3 21
8 9
2 22
4 12
11 24
13 21
16 17
12 20
4 9
8 24
12 13
14 18
3 20
13 16
7 19
2 13
17 24
7 10
7 23
12 21
4 5
3 23
1 13
2 20
7 18
4 14
9 10
12 18
10 24
3 9
2 3
2 17
9 13
13 23
11 17
15 24
18 25
21 22
2 21
5 7
14 25
5 14
24 25
1 8
17 21
6 13
2 25
2 15
3 4
21 24
