25 25 30
24 22 15 5 21 12 17 8 2 9 25 20 14 1 19 11 10 4 3 13 16 6 7 18 23 
23 16 10 5 15 6 11 8 24 12 1 14 13 22 7 25 2 17 19 20 3 4 18 9 21 
6 8 4 20 15 2 22 1 11 16 3 19 24 25 23 13 21 10 18 7 14 5 9 17 12 
10 23 22 7 1 18 24 8 21 16 20 9 12 14 25 17 13 11 3 5 19 4 6 2 15 
7 6 18 21 23 25 16 3 24 12 17 15 19 2 9 11 20 5 13 4 8 14 10 22 1 
14 4 7 18 15 17 25 6 10 19 12 2 3 5 23 13 11 24 16 8 9 20 21 1 22 
8 13 7 2 23 1 19 14 10 24 5 12 16 21 25 15 9 3 18 17 11 20 22 4 6 
19 3 4 12 7 24 16 22 2 13 10 17 5 6 1 20 8 25 23 18 9 11 15 14 21 
8 16 18 12 4 17 10 15 1 6 14 7 13 5 20 19 2 22 24 3 11 23 21 9 25 
23 7 24 22 14 19 4 1 10 8 12 9 3 16 18 25 11 5 15 20 2 17 13 6 21 
7 4 14 22 24 23 8 18 6 3 5 11 20 21 10 13 16 25 2 17 12 1 9 15 19 
22 5 15 3 10 6 11 25 16 7 21 12 14 18 23 13 20 17 8 4 1 19 9 2 24 
11 14 9 2 13 16 8 18 5 7 15 21 10 22 6 25 17 12 1 4 24 3 23 19 20 
7 21 5 25 4 17 3 16 22 6 18 8 15 11 12 1 24 19 13 20 14 2 10 9 23 
2 25 13 12 21 16 7 3 5 11 22 23 9 24 6 15 19 4 17 8 18 1 10 14 20 
2 12 21 24 9 4 17 8 13 7 3 6 19 11 15 22 20 10 1 14 18 23 16 5 25 
21 23 16 15 6 19 11 17 14 8 25 18 13 3 24 4 10 7 1 5 20 2 12 9 22 
9 7 22 14 11 20 18 24 23 17 21 2 19 8 13 6 5 25 3 4 16 1 15 12 10 
21 24 9 20 2 8 3 14 17 4 25 11 10 18 22 1 23 5 7 16 12 6 15 13 19 
6 17 3 1 9 22 19 20 7 25 4 11 10 16 15 21 24 14 8 18 23 2 12 13 5 
17 9 7 2 1 19 12 10 6 25 3 21 5 24 23 4 18 11 20 16 15 8 13 22 14 
9 17 18 15 13 5 3 21 2 25 7 6 23 14 10 19 16 11 8 4 12 24 1 22 20 
7 9 14 21 24 3 23 12 11 4 13 2 5 17 25 1 20 19 16 8 10 6 18 15 22 
23 17 3 14 11 21 7 20 12 22 10 8 1 13 15 18 4 16 5 24 19 25 6 2 9 
20 15 7 10 1 21 16 25 3 24 6 5 19 11 14 22 8 23 9 17 18 13 2 4 12 
10 17
1 15
10 15
6 24
11 24
4 19
16 22
7 10
6 22
16 18
4 10
7 14
14 19
5 17
6 11
2 20
1 19
2 3
4 25
1 9
10 23
14 20
4 20
2 7
8 12
13 14
3 18
6 13
16 20
9 12
