25 25 60
23 18 8 2 21 11 22 24 14 10 4 20 7 12 25 15 9 17 19 1 13 6 16 5 3 
15 12 16 19 20 18 8 14 13 1 24 2 5 21 6 11 10 23 25 7 4 3 17 22 9 
17 6 8 1 13 19 15 21 25 22 7 5 18 23 9 16 24 12 2 4 14 10 3 11 20 
3 11 9 22 13 5 4 16 10 15 1 8 23 17 6 21 2 7 20 12 18 14 24 19 25 
22 19 6 17 11 8 25 2 10 16 5 23 20 9 12 18 7 1 21 15 14 24 3 13 4 
6 4 14 3 24 8 16 9 20 18 25 5 2 22 12 17 1 10 15 19 21 23 11 13 7 
13 15 19 6 8 25 18 14 16 20 5 10 9 24 23 2 12 22 21 4 7 17 11 3 1 
12 11 17 19 22 13 20 10 3 24 7 25 15 2 23 18 14 16 5 21 4 6 1 8 9 
23 17 13 7 22 5 12 18 21 3 4 2 14 1 6 11 8 25 15 19 16 24 20 9 10 
2 22 13 4 12 3 6 8 24 25 16 11 14 15 1 5 7 19 23 21 17 18 20 9 10 
17 25 18 10 11 12 19 5 20 21 3 1 15 2 22 6 16 13 4 8 7 9 23 14 24 
12 20 16 1 13 9 4 8 21 3 6 25 17 19 23 15 24 18 14 10 5 7 22 11 2 
18 4 3 11 13 2 21 19 24 7 14 17 5 6 20 15 23 25 10 8 16 12 22 1 9 
25 10 19 4 13 8 18 20 16 21 6 22 9 2 24 5 14 1 7 15 23 3 17 12 11 
18 11 24 19 20 17 21 6 3 23 2 25 15 14 7 9 16 10 5 12 22 8 4 13 1 
21 24 20 13 3 19 10 22 6 23 7 1 14 18 5 2 11 12 9 17 4 25 16 8 15 
3 1 6 20 11 15 9 23 7 25 18 22 10 13 8 4 2 17 5 19 14 16 21 12 24 
7 16 20 2 4 1 23 19 12 18 9 8 15 11 22 3 10 17 24 6 25 14 5 13 21 
15 19 9 7 16 2 3 20 22 21 17 10 13 12 25 4 23 18 1 5 24 11 6 8 14 
1 8 21 14 25 12 5 20 19 2 6 24 3 11 17 9 23 16 7 10 22 4 18 15 13 
10 24 13 23 6 25 21 15 5 19 18 4 2 1 14 22 11 17 12 7 8 20 3 16 9 
14 16 7 10 3 2 25 4 22 20 24 21 1 11 13 17 18 6 8 9 5 15 23 19 12 
18 21 22 6 13 16 19 2 20 5 24 1 8 25 9 10 14 17 12 23 7 4 11 3 15 
22 5 9 8 23 12 21 19 4 20 6 16 17 3 24 15 7 11 25 10 1 2 18 13 14 
16 18 25 17 15 3 9 22 5 11 23 20 12 10 19 2 13 7 14 6 1 21 8 4 24 
5 9
14 17
1 3
1 17
3 11
7 25
13 17
8 19
4 12
11 23
18 19
11 14
12 16
1 11
16 24
13 21
14 22
6 7
2 9
9 15
12 13
13 25
7 24
2 13
9 11
8 16
14 23
18 20
10 22
11 25
12 21
6 15
1 24
22 24
15 25
4 5
18 24
16 23
14 15
8 17
14 20
6 12
6 19
12 15
11 17
5 10
13 23
18 25
21 22
10 16
5 7
9 23
3 18
10 14
11 20
13 18
2 25
1 7
9 19
21 24
