25 25 150
5 7 2 6 22 25 3 21 19 17 9 10 12 23 11 13 18 8 14 15 24 16 4 20 1 
11 17 3 4 7 25 23 5 19 1 13 2 8 14 21 10 6 15 16 22 24 18 12 9 20 
14 15 6 17 23 8 22 25 13 18 5 3 16 12 4 21 11 20 1 9 10 24 7 19 2 
15 13 18 22 24 11 9 23 1 16 20 25 8 7 21 5 6 12 19 3 14 10 17 2 4 
23 21 16 22 24 2 25 15 8 12 13 20 5 17 1 10 19 11 4 18 14 3 7 6 9 
4 24 21 14 10 9 11 18 13 7 1 22 16 23 17 15 8 5 20 2 3 6 19 12 25 
9 22 18 24 13 11 15 12 16 10 21 17 7 20 14 23 25 5 1 3 8 19 2 6 4 
5 9 25 10 24 2 19 18 20 6 16 17 7 15 11 1 14 3 22 8 21 12 13 23 4 
21 4 1 11 23 8 3 25 24 10 13 5 20 17 16 9 7 14 19 15 12 6 2 18 22 
4 3 5 11 15 1 14 23 2 22 25 7 10 12 6 13 16 17 20 8 24 19 21 18 9 
10 7 9 20 12 2 13 3 11 23 4 17 15 25 8 1 5 24 18 14 6 19 22 21 16 
9 8 19 11 24 25 23 22 16 15 3 2 13 17 7 4 6 10 21 20 1 12 14 18 5 
20 10 1 24 13 12 21 18 8 4 7 2 22 5 17 23 16 19 25 11 15 9 6 3 14 
21 12 2 7 4 11 8 22 9 15 18 10 17 3 16 14 23 20 24 1 13 5 25 6 19 
14 4 1 21 10 6 25 17 9 5 7 24 15 23 19 12 2 11 22 13 16 20 8 18 3 
7 14 16 17 23 4 1 5 6 12 2 24 22 19 25 15 20 21 18 10 8 3 13 11 9 
19 5 18 2 9 16 25 21 24 15 10 3 4 17 1 6 11 23 8 20 14 7 12 22 13 
12 22 16 18 4 6 15 10 20 3 5 11 2 24 25 23 17 19 21 9 13 14 8 1 7 
5 11 24 8 15 4 2 6 23 21 25 10 17 13 18 9 12 1 14 19 20 22 16 3 7 
13 8 21 3 7 18 11 22 4 24 5 14 10 1 6 15 23 9 25 17 16 20 12 2 19 
4 10 6 13 20 19 17 25 24 12 15 23 11 21 14 18 2 9 1 16 3 5 7 22 8 
5 14 4 6 13 12 24 7 8 19 21 3 1 23 9 11 15 2 22 10 17 18 20 25 16 
8 14 16 3 5 13 25 22 15 4 18 12 23 10 6 1 19 9 11 21 7 24 20 17 2 
22 14 9 21 17 24 25 4 18 20 2 10 13 3 12 16 15 1 6 7 8 19 5 11 23 
12 4 10 5 6 22 17 20 2 11 14 19 7 9 1 18 13 24 15 25 21 16 23 8 3 
1 2
1 3
1 5
1 7
1 9
1 10
1 11
1 14
1 17
1 18
1 24
2 3
2 5
2 6
2 11
2 13
2 15
2 16
2 19
2 21
2 22
2 25
3 4
3 5
3 6
3 13
3 16
3 17
3 21
3 24
3 25
4 5
4 7
4 8
4 9
4 11
4 12
4 13
4 15
4 16
4 17
4 18
4 22
4 25
5 7
5 12
5 15
5 18
5 22
5 23
5 25
6 13
6 20
6 21
6 22
6 24
7 8
7 13
7 17
7 19
7 20
7 21
7 22
7 23
7 24
8 10
8 11
8 12
8 14
8 15
8 19
8 20
8 21
8 25
9 12
9 13
9 19
9 22
9 24
9 25
10 12
10 13
10 14
10 16
10 20
10 21
10 23
10 25
11 12
11 15
11 16
11 19
11 20
11 21
11 22
11 24
11 25
12 13
12 14
12 16
12 18
12 19
12 20
12 21
12 22
12 23
12 24
12 25
13 14
13 19
13 20
13 21
13 24
13 25
14 17
14 18
14 20
14 23
14 24
14 25
15 16
15 18
15 19
15 21
15 23
16 17
16 20
16 21
16 23
16 24
17 18
17 19
17 20
17 22
17 23
18 19
18 20
18 23
18 25
19 21
19 22
19 24
20 21
20 22
20 24
21 22
21 24
22 23
23 24
23 25
