25 25 60
2 1 23 24 22 18 12 16 3 14 21 11 25 7 13 9 4 17 5 20 10 6 19 8 15 
21 2 22 7 14 25 6 11 20 5 17 23 15 10 18 9 19 4 12 8 13 24 1 3 16 
22 17 10 7 24 12 5 11 13 1 8 14 16 21 4 19 6 9 25 20 15 23 2 3 18 
20 9 22 15 3 4 16 10 11 5 1 12 19 8 13 21 6 25 2 23 7 17 14 18 24 
5 12 8 19 11 13 16 1 7 22 17 10 21 14 4 18 25 6 20 3 23 15 24 9 2 
2 9 13 24 5 14 6 19 25 18 7 23 16 17 22 12 1 11 3 8 20 4 21 10 15 
1 20 24 9 25 8 14 13 18 19 2 21 4 17 15 6 7 5 22 10 3 12 16 11 23 
8 22 24 14 9 19 10 25 1 15 20 6 13 3 4 12 17 23 5 21 16 11 2 18 7 
3 7 5 21 13 12 16 10 18 19 14 25 8 1 4 11 22 20 6 9 2 24 17 15 23 
4 20 3 6 22 14 2 24 7 25 8 5 23 19 12 11 15 18 13 16 10 21 9 1 17 
15 12 19 8 6 13 2 3 25 4 17 23 11 1 5 16 20 22 18 9 21 7 14 10 24 
16 13 5 15 19 1 8 24 11 2 18 10 3 7 9 20 14 22 23 25 12 17 6 21 4 
4 13 24 1 17 25 18 6 21 23 10 19 12 3 8 7 5 11 14 20 16 9 2 15 22 
1 22 14 2 18 8 12 15 17 11 3 9 25 16 10 7 21 19 13 6 24 4 5 23 20 
14 22 10 2 3 23 17 4 8 1 12 6 5 20 7 11 9 18 19 25 21 15 24 13 16 
6 23 17 7 21 14 12 19 8 22 1 10 18 5 16 15 20 24 13 11 2 9 3 4 25 
3 21 9 13 7 25 8 19 5 2 17 1 6 18 12 20 22 24 4 23 15 11 16 10 14 
10 19 11 22 17 9 7 24 4 2 18 15 1 16 12 23 5 3 6 21 25 14 8 13 20 
1 25 16 11 3 12 7 10 20 4 8 22 18 24 21 13 14 5 2 15 23 17 19 6 9 
14 5 18 15 21 4 6 16 8 13 2 24 9 20 23 12 25 10 7 11 19 1 3 17 22 
1 6 14 5 19 25 18 7 2 10 17 23 13 8 15 22 16 12 3 9 24 21 11 20 4 
3 5 19 20 11 9 16 6 8 22 4 24 1 18 12 23 17 14 7 13 21 10 2 25 15 
15 14 8 22 17 1 20 13 21 2 19 7 4 6 25 16 18 3 23 5 24 12 11 10 9 
2 13 8 11 9 10 3 15 24 19 22 16 20 21 17 7 5 12 1 25 18 14 23 6 4 
17 7 16 25 9 5 23 18 15 14 22 6 13 3 4 24 8 1 19 11 10 2 12 20 21 
4 7
7 21
8 13
9 22
4 12
1 6
2 12
11 14
4 22
3 17
1 20
5 8
18 23
15 23
2 9
9 15
12 13
13 25
5 12
3 20
10 12
12 24
7 19
9 11
12 17
7 10
6 22
3 16
13 20
4 10
1 24
20 22
22 24
1 13
10 13
8 11
10 19
8 21
9 16
14 15
1 9
2 24
6 12
19 20
23 24
2 17
17 18
13 23
3 12
1 12
20 24
8 22
7 13
15 21
2 11
1 18
3 18
10 14
8 18
21 24
