25 25 120
12 15 24 22 7 21 4 14 11 20 19 5 6 13 3 23 1 2 17 16 18 9 10 25 8 
19 20 23 14 9 7 1 16 11 17 12 21 22 5 25 10 6 4 3 24 15 13 2 18 8 
15 6 13 2 24 21 5 11 7 25 14 8 22 4 1 16 10 3 9 23 20 18 17 12 19 
2 24 14 11 17 3 1 16 18 6 5 23 15 20 13 9 25 8 7 4 12 19 10 21 22 
14 24 9 8 7 25 18 10 20 12 23 1 19 4 2 11 5 15 22 6 16 17 3 13 21 
21 7 6 10 2 1 19 8 13 9 14 20 12 22 11 16 17 3 18 4 25 5 15 23 24 
1 22 3 2 9 6 15 7 5 14 20 18 17 19 10 12 25 24 16 8 13 11 21 4 23 
23 14 15 6 16 9 4 11 10 8 19 17 3 7 12 13 1 20 21 22 5 2 25 24 18 
5 13 21 23 20 22 14 4 3 15 18 12 6 8 24 7 17 25 10 2 11 9 19 16 1 
15 10 22 17 2 9 21 18 16 6 1 24 23 3 13 7 8 19 5 25 4 20 11 14 12 
20 12 19 14 13 15 5 16 3 8 18 23 10 1 17 9 24 7 11 22 2 6 4 21 25 
16 25 7 21 20 3 18 24 10 11 2 13 14 4 22 15 12 23 6 1 19 17 9 8 5 
2 15 25 5 11 9 7 8 4 12 18 21 13 3 10 6 14 20 23 22 16 19 1 17 24 
17 5 3 4 14 16 25 13 12 21 22 11 19 2 6 24 7 8 18 1 10 15 23 9 20 
11 5 25 6 17 22 1 16 3 4 8 2 7 10 23 12 21 18 15 20 13 9 14 24 19 
3 15 4 9 8 6 2 24 12 21 17 19 11 16 18 7 25 10 5 14 1 22 13 20 23 
19 4 22 23 18 17 25 9 15 3 2 10 14 13 5 24 16 11 12 21 8 20 6 7 1 
21 23 6 9 17 5 4 7 3 12 8 15 22 2 16 18 14 10 20 19 1 24 13 11 25 
18 3 12 4 11 19 17 5 6 7 10 20 14 16 2 13 24 8 21 25 9 22 23 1 15 
21 4 15 20 12 19 7 5 9 23 14 3 11 2 18 17 16 25 24 13 10 22 1 8 6 
2 25 18 8 1 10 3 13 19 23 24 14 7 16 4 5 17 11 12 6 15 21 9 22 20 
13 15 3 23 24 10 14 18 6 9 11 7 21 5 4 1 8 12 19 25 20 17 2 16 22 
10 8 3 5 1 19 13 16 17 25 2 23 14 11 4 20 6 24 9 18 21 12 7 22 15 
3 15 24 22 16 6 10 9 14 1 25 21 5 4 20 12 19 13 17 18 7 8 2 23 11 
20 7 6 2 22 23 25 14 13 17 10 19 18 16 3 4 1 5 21 9 11 15 8 24 12 
6 9
20 25
15 20
1 17
2 22
8 24
6 7
6 10
5 18
10 18
16 22
12 17
23 25
9 14
5 11
10 13
5 24
4 16
9 16
6 23
16 19
7 22
12 22
17 18
22 25
13 23
3 12
4 15
2 11
5 14
3 18
8 18
6 13
11 15
15 16
7 8
22 23
2 18
3 11
8 9
3 17
9 25
1 16
13 16
12 24
2 23
1 5
17 24
3 6
1 10
15 25
6 11
10 19
7 18
12 18
17 22
2 24
3 5
9 13
5 10
3 22
8 22
6 20
11 20
10 20
16 20
11 25
3 15
18 22
4 8
2 8
3 21
4 22
11 14
11 19
12 20
2 19
13 25
14 23
15 22
6 18
1 23
21 23
12 25
3 9
1 9
15 24
10 16
1 18
17 21
2 25
1 7
3 4
4 7
5 6
4 18
6 21
16 24
13 21
3 14
4 9
10 12
8 20
5 25
4 23
9 17
6 22
16 18
7 23
18 24
4 25
3 19
14 20
4 20
19 20
15 17
6 19
11 17
21 22
1 8
