25 25 120
19 12 17 24 6 16 22 11 13 1 3 4 14 7 20 10 2 25 8 15 5 18 9 23 21 
1 18 14 15 2 12 19 24 21 6 7 3 10 23 8 22 11 5 25 16 20 9 13 17 4 
13 6 11 9 19 23 14 16 24 3 25 8 22 18 1 12 10 15 4 5 20 2 17 21 7 
4 2 17 19 8 24 15 7 14 5 18 25 1 16 10 13 9 23 3 12 21 6 22 20 11 
1 11 3 5 6 14 13 2 21 8 7 15 9 4 12 10 20 22 19 17 24 25 18 16 23 
15 8 13 6 25 16 24 19 17 10 21 7 23 11 12 22 9 3 2 14 18 1 4 20 5 
9 8 1 5 17 14 3 13 21 22 24 15 20 10 4 19 11 16 12 25 6 23 18 2 7 
19 10 23 16 20 18 22 24 3 14 21 6 12 8 1 4 15 2 5 9 25 7 13 17 11 
11 15 23 22 18 8 3 6 21 4 10 20 7 13 9 14 1 12 2 19 24 17 16 25 5 
17 20 10 16 15 3 2 23 18 9 4 24 7 8 11 19 6 22 12 1 21 5 14 25 13 
15 22 10 7 17 14 9 23 11 18 1 21 5 4 25 20 8 3 6 12 24 19 16 13 2 
20 24 6 9 25 23 4 14 3 1 19 13 10 8 11 18 2 16 15 7 22 5 12 17 21 
25 23 5 8 15 6 1 10 4 7 16 17 2 24 18 20 22 3 9 13 19 14 21 12 11 
22 16 9 5 17 12 18 25 1 19 21 14 11 2 8 7 23 15 4 10 13 24 6 3 20 
8 22 11 16 4 12 18 2 1 24 15 5 9 10 23 6 20 14 3 13 17 7 21 25 19 
1 14 10 23 15 4 22 19 8 16 24 5 12 9 20 11 25 7 3 18 21 17 6 2 13 
17 6 24 13 21 20 11 14 25 9 12 10 22 1 4 15 19 7 8 23 18 5 16 2 3 
15 7 4 25 21 10 22 14 16 2 18 12 17 23 13 20 8 6 19 24 11 1 3 9 5 
23 24 1 12 8 6 2 14 11 16 18 9 25 4 22 15 21 3 7 5 10 13 19 17 20 
4 23 6 22 5 15 1 24 9 13 7 19 20 16 14 2 21 18 11 25 12 10 3 8 17 
25 23 17 11 20 3 1 9 18 21 14 13 16 24 2 7 10 4 6 12 5 8 15 22 19 
22 20 5 8 11 21 4 16 2 19 14 1 6 23 18 25 17 9 12 3 10 15 7 13 24 
25 6 18 14 9 7 3 4 12 10 22 13 2 16 19 15 23 11 5 1 8 20 17 21 24 
16 19 15 10 6 9 23 17 4 20 11 2 5 12 8 24 3 25 18 1 21 14 13 7 22 
6 24 7 11 21 23 4 9 15 17 18 13 8 25 19 16 20 10 12 14 1 3 22 5 2 
17 20
3 7
8 24
9 21
6 10
10 18
6 25
12 17
23 25
2 6
9 14
5 11
4 5
3 23
8 21
14 24
4 16
19 24
10 24
9 16
14 15
5 21
11 21
7 22
12 22
2 17
13 23
18 25
1 12
2 11
5 14
8 18
4 21
15 16
21 24
7 21
22 23
2 18
2 12
6 14
15 23
12 13
2 23
1 5
3 6
9 20
6 11
10 19
16 23
17 22
18 21
4 11
5 10
3 22
8 22
9 23
11 20
10 20
18 22
8 13
2 8
3 21
11 14
9 18
15 19
6 17
5 23
11 19
1 20
7 20
1 25
1 14
4 13
3 16
9 24
14 23
6 18
12 14
13 15
12 25
21 23
2 20
15 24
6 8
5 9
4 7
3 25
8 23
9 22
6 21
5 19
10 21
7 16
6 24
16 24
8 14
2 9
9 15
5 12
8 20
15 18
7 10
6 22
5 22
10 22
16 18
7 23
17 19
13 24
3 13
2 10
3 19
14 20
6 12
4 20
11 12
15 17
6 19
1 22
13 14
