25 25 150
12 21 14 8 10 9 4 1 23 13 25 24 17 15 5 20 6 22 19 2 7 16 3 18 11 
20 24 11 23 13 5 15 9 8 1 21 14 4 3 7 10 17 25 16 22 18 12 19 6 2 
5 12 15 25 10 9 11 13 2 22 17 19 7 3 4 20 16 8 24 21 6 23 14 18 1 
22 1 18 19 25 3 21 2 12 9 14 20 23 8 5 13 17 11 7 16 10 4 6 15 24 
18 21 6 2 20 16 3 24 1 17 13 22 7 8 19 10 23 9 5 14 4 12 15 11 25 
9 12 22 15 17 23 7 14 2 16 18 8 5 19 1 11 21 10 24 3 6 20 13 4 25 
6 11 9 15 10 20 4 1 17 24 3 18 22 19 5 14 12 16 23 8 7 2 13 25 21 
15 14 23 25 24 9 5 13 17 21 2 8 19 18 7 1 6 3 12 20 4 11 16 22 10 
20 24 8 3 21 12 11 2 17 16 15 10 25 23 22 5 9 7 13 14 4 6 18 19 1 
24 12 19 25 8 14 20 6 3 9 17 18 1 5 10 13 23 22 15 7 2 11 4 21 16 
2 8 23 22 15 11 14 7 12 24 9 18 16 20 6 1 25 10 13 17 3 21 19 4 5 
7 23 4 25 8 22 14 16 9 20 5 2 21 19 10 12 11 18 15 1 17 3 6 13 24 
7 13 5 19 9 16 23 10 1 18 17 12 21 14 25 2 15 11 22 6 20 8 3 4 24 
21 18 24 16 23 12 5 3 1 17 25 7 13 8 20 19 15 9 22 14 11 4 2 10 6 
4 14 13 25 16 23 12 8 17 24 15 1 10 19 11 9 20 2 5 18 3 7 6 22 21 
10 21 12 15 23 8 6 1 25 13 7 14 5 16 18 17 3 22 11 19 20 9 2 24 4 
4 23 13 12 5 22 14 9 21 20 6 16 17 18 3 15 11 19 25 24 10 2 8 1 7 
12 9 7 13 21 18 1 4 3 24 22 19 16 14 5 20 10 8 2 6 17 23 25 15 11 
15 2 25 19 7 20 12 6 23 1 13 16 17 24 18 4 22 8 21 10 9 14 3 11 5 
11 14 7 20 16 19 24 10 18 17 22 25 2 1 12 8 5 21 23 6 9 13 4 3 15 
9 17 23 12 11 21 13 25 10 14 4 8 20 7 2 5 6 24 22 19 1 15 16 3 18 
3 5 10 11 1 19 16 6 20 9 24 22 14 12 7 25 8 21 18 17 23 2 15 13 4 
7 19 4 20 2 13 9 17 24 21 10 18 6 16 22 8 25 11 23 1 15 12 3 14 5 
6 3 23 13 19 5 17 9 11 1 2 25 21 12 14 7 18 20 8 4 10 24 16 22 15 
25 20 10 5 21 18 17 3 7 12 14 23 19 8 24 9 6 16 15 2 11 13 1 22 4 
1 2
1 3
1 4
1 5
1 7
1 10
1 12
1 13
1 15
1 17
1 19
1 22
1 23
1 24
1 25
2 3
2 4
2 11
2 13
2 15
2 17
2 22
2 23
2 24
2 25
3 8
3 12
3 13
3 14
3 15
3 17
3 23
3 24
4 7
4 10
4 11
4 13
4 15
4 16
4 19
4 21
4 23
5 8
5 10
5 12
5 13
5 14
5 15
5 17
5 19
5 21
5 22
5 24
6 10
6 15
6 19
6 23
6 24
7 8
7 9
7 11
7 12
7 13
7 15
7 16
7 17
7 19
7 22
7 23
7 24
8 9
8 11
8 12
8 13
8 14
8 15
8 16
8 17
8 19
8 20
8 21
8 24
8 25
9 10
9 11
9 13
9 14
9 15
9 16
9 19
9 21
9 23
9 25
10 12
10 13
10 17
10 19
10 21
10 24
10 25
11 12
11 14
11 17
11 21
11 22
11 23
12 15
12 16
12 18
12 23
12 24
13 14
13 15
13 16
13 18
13 20
13 21
13 22
13 23
13 25
14 15
14 16
14 18
14 19
14 21
14 24
15 19
15 21
16 17
16 19
16 22
16 25
17 22
18 19
18 21
18 23
18 24
18 25
19 21
19 22
19 23
19 25
20 25
21 22
21 23
21 24
21 25
22 23
22 24
24 25
