25 25 30
9 25 15 2 8 17 6 4 23 12 5 10 3 21 13 22 18 1 24 7 19 20 16 14 11 
12 21 4 24 15 25 18 3 6 13 11 22 2 14 10 23 20 8 1 17 5 16 19 7 9 
23 2 12 24 8 1 22 9 20 16 6 21 18 19 11 7 10 5 15 4 3 17 25 13 14 
22 8 15 24 17 14 10 11 5 2 3 25 18 4 12 7 20 21 23 16 6 9 1 13 19 
18 14 12 6 4 2 7 20 19 9 3 13 16 24 1 22 11 10 15 5 21 8 25 17 23 
23 19 17 9 13 22 11 4 1 5 2 16 24 6 20 10 12 8 25 21 3 14 15 7 18 
14 8 1 25 23 3 18 24 2 17 15 10 6 19 4 22 20 7 16 11 9 21 12 5 13 
25 12 24 19 17 20 22 10 11 21 4 3 1 16 15 23 14 9 7 13 2 6 18 5 8 
1 7 2 17 4 20 24 22 12 11 21 14 19 8 13 9 15 5 3 23 18 10 25 6 16 
19 12 6 20 23 9 14 2 8 5 7 4 15 16 11 3 13 17 10 25 18 24 22 1 21 
6 22 11 9 17 1 15 18 20 8 16 3 12 14 21 25 23 2 5 13 4 19 24 10 7 
24 10 12 3 21 9 23 2 5 8 17 15 11 14 18 4 6 19 1 7 25 13 22 16 20 
2 6 7 19 14 11 20 15 24 22 12 23 16 3 9 5 1 18 17 21 13 4 25 10 8 
11 12 18 4 8 23 7 25 2 20 13 6 17 5 3 22 1 16 24 15 9 10 19 14 21 
2 21 14 24 22 15 12 7 4 19 5 20 17 3 1 6 25 13 11 8 10 16 9 23 18 
8 21 23 4 7 14 17 3 18 15 10 12 11 5 9 20 25 16 19 24 2 6 13 1 22 
13 18 25 19 7 3 1 6 20 16 9 10 15 12 4 24 8 22 2 5 23 11 21 17 14 
20 23 4 17 22 10 18 25 19 9 16 3 5 2 8 21 24 7 11 15 13 1 14 12 6 
1 9 16 15 5 14 25 6 20 23 3 7 11 2 21 22 24 18 19 10 17 12 8 13 4 
1 18 5 21 8 20 9 3 12 7 23 22 16 15 14 17 13 25 6 10 19 24 4 2 11 
20 22 7 21 19 1 25 16 14 3 4 17 2 10 24 13 12 11 8 23 18 6 9 5 15 
21 4 18 8 24 15 6 23 13 9 10 1 7 16 5 12 25 2 19 3 17 22 20 11 14 
7 11 15 20 3 9 4 25 23 8 12 16 6 24 22 19 2 21 18 10 13 1 5 17 14 
5 16 25 21 17 1 20 13 22 7 9 18 12 23 19 24 14 10 11 2 3 15 6 4 8 
7 17 12 1 4 8 9 22 13 15 2 6 3 25 20 21 5 18 19 16 11 10 23 14 24 
1 3
5 13
8 19
11 19
14 22
8 24
20 21
1 16
17 24
12 17
4 24
13 20
7 14
9 20
3 13
4 5
6 11
7 18
5 15
2 3
4 20
17 18
6 19
20 23
2 7
5 10
18 25
4 17
1 7
11 15
