25 25 30
14 5 6 7 9 19 22 1 21 11 25 4 16 2 15 17 24 13 20 3 18 10 12 23 8 
25 11 3 17 4 12 18 10 5 24 23 15 9 8 6 2 20 21 16 22 1 19 13 14 7 
19 25 17 16 8 15 6 5 13 9 7 11 22 10 3 24 1 12 2 21 20 4 23 18 14 
24 1 15 2 21 17 6 18 5 25 16 7 23 22 20 11 4 9 13 12 19 10 14 3 8 
18 16 6 8 9 22 2 4 19 21 17 1 15 23 5 13 7 20 11 12 24 3 14 10 25 
8 14 9 25 16 6 12 13 23 18 2 3 10 7 22 21 4 5 24 1 19 20 11 17 15 
7 19 1 18 20 22 17 23 13 24 21 6 10 5 16 8 15 4 14 9 11 3 12 25 2 
18 21 10 25 16 4 5 15 13 23 19 8 22 17 6 12 9 24 7 3 11 14 2 1 20 
24 16 19 1 23 8 20 4 12 13 9 11 25 17 6 22 14 15 7 10 2 3 18 5 21 
6 3 20 4 7 25 22 24 5 12 13 16 11 18 8 2 21 9 19 14 15 17 1 23 10 
12 5 24 1 19 15 10 16 18 6 14 4 20 9 22 7 3 25 2 21 8 13 17 11 23 
17 21 7 23 4 11 13 9 18 15 22 1 10 25 8 20 2 16 3 12 24 6 14 19 5 
11 16 12 19 20 21 3 13 6 25 22 1 5 17 15 10 4 24 18 2 7 23 9 14 8 
2 19 10 25 8 21 20 9 11 3 17 7 13 23 5 12 22 24 15 14 18 16 6 1 4 
6 20 15 13 5 16 8 2 9 7 24 3 4 11 25 1 18 23 10 14 17 22 12 21 19 
6 18 11 5 13 10 9 2 4 24 8 3 12 17 25 15 22 1 21 7 14 19 20 16 23 
3 8 9 17 14 22 13 18 15 25 1 11 20 6 23 12 16 4 10 2 7 24 19 21 5 
14 23 1 9 20 22 17 5 24 4 10 13 8 16 6 12 25 15 21 11 19 3 2 18 7 
16 1 17 14 24 8 15 18 9 21 3 25 23 6 19 20 12 22 10 2 7 5 11 4 13 
1 8 12 10 9 25 6 11 15 22 4 23 13 14 7 3 16 20 5 19 18 17 24 2 21 
20 19 23 15 2 25 4 17 21 10 14 6 13 16 3 18 1 9 22 11 5 7 12 8 24 
5 24 21 18 13 12 25 4 23 16 11 10 8 22 2 6 20 9 17 15 7 3 19 1 14 
13 2 8 14 25 22 23 16 5 11 19 4 1 3 20 17 18 7 21 10 15 12 9 24 6 
3 8 4 10 11 25 23 18 20 17 12 16 1 24 19 21 5 14 13 15 2 7 22 6 9 
7 25 12 18 10 11 21 24 9 1 13 4 14 23 22 8 5 3 16 15 19 17 6 20 2 
10 11
8 9
8 19
2 12
12 16
16 17
12 13
1 16
3 20
9 11
17 23
1 10
2 15
10 22
6 18
13 24
12 25
14 20
18 21
23 24
3 5
2 7
10 16
4 15
15 21
24 25
6 13
2 25
4 21
15 16
