25 25 60
19 12 10 25 2 13 1 20 7 8 22 3 23 4 5 6 24 21 11 17 14 18 16 15 9 
18 9 1 3 4 20 2 13 21 6 17 11 19 22 5 7 12 23 15 14 8 16 25 10 24 
19 7 10 14 18 16 12 2 20 22 13 5 11 1 15 23 21 6 25 24 3 8 17 4 9 
9 20 22 16 7 6 15 5 12 1 21 3 24 10 11 25 4 23 19 8 14 17 18 13 2 
19 20 2 17 16 9 6 12 21 24 14 25 13 8 1 18 22 15 23 4 5 3 7 10 11 
10 9 23 11 3 2 5 25 4 1 12 7 20 19 18 17 21 16 22 6 14 8 15 24 13 
23 5 18 6 4 24 25 14 17 15 9 13 16 12 3 7 10 21 11 19 22 2 8 1 20 
15 21 18 14 24 3 17 5 8 22 2 13 4 10 16 23 1 9 12 11 25 7 6 20 19 
25 12 21 15 2 9 22 19 24 4 3 14 10 13 16 1 17 8 18 7 11 20 6 5 23 
23 21 10 16 6 12 11 7 8 22 25 4 13 24 20 18 17 19 9 3 2 5 15 1 14 
6 8 12 18 17 14 9 5 22 20 16 24 25 2 21 15 7 13 4 11 23 19 1 10 3 
25 1 2 20 11 13 23 5 14 15 4 9 3 10 18 21 22 16 7 8 24 17 6 12 19 
9 22 20 1 21 7 6 5 4 24 12 8 18 17 19 14 3 15 13 10 25 23 16 2 11 
7 13 4 6 14 2 20 24 8 19 15 9 3 10 5 12 17 23 22 18 21 25 11 1 16 
13 19 5 23 7 20 22 11 8 15 24 16 1 21 3 25 14 2 6 17 9 12 4 18 10 
13 1 15 12 9 8 4 14 19 7 3 6 2 5 10 23 22 18 16 20 25 21 17 11 24 
21 24 5 22 8 19 9 4 1 20 16 23 12 3 2 6 10 15 13 25 14 11 7 17 18 
1 13 4 18 8 2 20 25 23 16 12 9 24 22 7 5 3 11 19 14 15 10 6 21 17 
10 7 19 9 14 18 17 23 1 4 15 8 16 5 21 13 2 12 24 20 3 6 22 11 25 
16 14 2 17 8 10 6 25 15 21 24 18 3 4 13 1 11 20 22 12 9 19 5 7 23 
16 15 24 2 11 12 1 14 18 22 5 20 3 17 21 9 7 25 6 19 10 13 4 23 8 
11 4 21 17 10 3 20 25 22 16 1 8 6 9 15 2 23 14 12 24 5 19 13 18 7 
6 15 9 11 24 22 3 17 16 2 5 4 7 1 23 25 18 10 21 12 13 20 14 19 8 
16 3 18 20 21 24 1 9 7 25 2 19 4 14 17 15 12 10 5 11 23 13 8 6 22 
7 15 25 13 4 6 21 2 20 19 11 18 9 24 14 1 5 16 22 10 3 12 17 8 23 
1 21
1 3
20 25
10 17
7 12
3 21
1 15
1 6
16 21
19 22
7 16
15 19
3 7
2 5
5 23
16 17
1 2
3 24
6 7
2 19
7 15
15 23
1 16
3 20
8 10
12 24
10 18
8 20
6 25
9 17
7 10
13 20
14 23
11 13
8 25
22 24
14 19
1 13
8 11
13 15
4 14
16 23
2 10
2 20
12 18
3 9
13 19
11 21
6 12
18 21
7 22
23 24
5 10
9 23
1 18
6 20
5 14
2 25
6 13
19 23
