30 30 217
20 5 19 30 16 18 29 12 10 13 23 25 22 3 21 9 1 26 28 4 17 15 24 2 27 14 6 8 11 7 
19 16 17 27 20 24 18 9 8 23 4 22 26 5 7 28 11 6 14 25 15 29 2 21 3 13 12 10 1 30 
3 29 11 5 28 25 24 27 9 21 13 16 1 20 6 4 15 17 26 19 7 8 14 30 18 10 2 22 12 23 
10 29 19 20 5 23 11 21 26 18 25 4 6 15 1 7 2 8 28 22 12 13 14 16 24 30 3 9 27 17 
19 17 23 25 15 4 18 20 13 30 8 29 3 9 11 12 28 2 27 1 10 22 5 21 26 7 6 14 24 16 
14 15 24 2 3 8 19 22 5 23 10 9 29 17 7 27 13 20 18 6 4 11 28 16 1 26 30 25 21 12 
30 3 24 14 17 27 12 2 19 15 29 9 20 5 21 7 18 16 11 28 13 25 8 22 6 1 10 26 23 4 
15 23 3 5 20 29 18 6 17 11 13 10 7 19 4 8 26 30 27 14 22 1 25 12 2 24 9 21 16 28 
6 17 3 23 28 21 14 2 10 11 22 7 27 5 25 26 20 9 19 29 4 18 1 8 13 12 15 24 16 30 
6 14 2 30 28 3 16 11 27 22 17 13 9 4 21 19 10 26 8 5 18 25 15 29 7 20 23 24 1 12 
3 30 18 23 13 1 11 10 29 27 21 6 2 24 17 9 26 16 7 4 28 22 8 20 15 19 12 25 5 14 
11 26 16 18 2 14 10 12 21 5 27 1 19 8 20 15 7 24 25 3 6 23 28 9 4 17 29 22 13 30 
23 28 4 19 15 7 16 14 26 29 30 22 27 8 1 5 2 25 24 20 17 3 18 12 6 11 13 21 9 10 
16 26 10 8 11 4 3 1 15 5 14 6 2 21 30 22 23 29 12 7 17 18 27 25 9 24 13 28 20 19 
30 29 6 20 9 7 16 12 13 25 4 17 27 21 11 23 10 22 5 24 19 1 3 26 8 28 14 18 15 2 
25 6 23 24 8 10 28 13 14 5 15 29 27 19 3 21 22 2 12 18 20 7 17 4 26 16 9 30 11 1 
29 13 18 23 4 6 27 21 20 19 15 14 30 7 28 25 5 3 22 16 10 24 8 2 1 12 9 17 26 11 
14 26 10 22 15 6 12 18 30 29 1 25 5 7 8 21 19 23 20 24 27 4 16 17 28 3 9 11 2 13 
15 26 4 27 9 14 13 12 10 17 30 11 8 25 16 2 20 1 24 5 22 29 23 18 19 7 28 6 3 21 
27 21 13 4 2 10 24 29 23 30 1 11 26 9 17 25 5 15 8 6 3 12 18 28 7 20 14 16 19 22 
26 14 28 4 18 21 11 25 27 15 12 3 6 1 20 2 16 24 8 19 29 5 13 17 7 22 9 10 30 23 
2 15 9 18 29 4 16 14 5 26 10 12 7 17 22 23 8 1 11 30 6 24 25 21 3 27 20 19 13 28 
23 28 20 8 2 7 10 25 19 29 26 14 9 5 13 30 24 17 27 11 15 4 16 6 21 22 18 1 3 12 
24 7 16 4 13 22 25 27 12 26 29 30 3 20 18 19 21 1 2 28 14 6 11 10 17 5 9 8 23 15 
20 21 13 10 30 23 1 15 5 9 3 8 11 18 28 14 26 12 7 19 27 22 4 24 17 6 16 25 29 2 
4 25 28 10 14 27 11 1 30 16 17 24 21 20 18 23 13 6 5 26 7 15 12 19 3 9 8 29 2 22 
4 13 26 19 27 21 2 14 24 25 9 3 20 6 18 30 22 12 17 10 15 11 29 28 16 5 7 1 8 23 
26 7 30 4 11 1 22 21 16 3 13 5 18 8 29 23 10 28 19 17 15 6 24 2 12 27 14 20 9 25 
28 26 12 15 6 11 21 30 10 4 18 13 27 5 29 25 20 16 1 23 17 19 9 24 2 8 22 14 3 7 
10 18 30 8 13 1 24 4 5 15 12 2 16 25 28 3 14 17 29 7 27 6 21 20 23 19 26 9 22 11 
10 17
7 12
15 20
6 28
26 28
13 17
18 19
17 25
13 30
2 5
18 30
3 24
19 29
9 21
24 27
6 10
5 18
20 30
11 22
10 18
7 19
11 27
1 28
16 25
7 28
27 28
4 10
9 14
5 11
4 5
8 21
4 16
10 24
9 16
15 29
6 23
10 23
16 19
6 26
12 22
17 18
22 25
13 23
18 25
8 12
23 28
1 12
4 15
2 11
4 26
3 18
8 18
6 13
5 27
11 15
9 19
15 16
6 16
7 8
1 21
7 21
22 23
12 27
2 18
1 26
13 26
3 11
1 15
4 12
3 28
2 12
8 28
9 25
14 22
5 30
20 26
10 30
15 23
7 15
6 29
12 13
1 16
26 29
16 29
13 16
12 24
2 23
13 29
1 10
4 28
19 28
9 20
15 25
14 19
6 11
24 28
21 30
12 18
11 26
17 22
16 26
13 19
12 29
2 24
17 27
23 24
4 11
3 5
9 13
5 7
19 27
10 25
20 28
7 17
6 27
16 20
13 22
3 15
2 29
28 29
9 29
8 19
5 26
19 22
9 18
6 17
5 23
11 19
7 20
16 17
1 25
3 10
2 30
1 14
8 10
9 11
4 24
3 16
9 24
8 16
14 23
5 29
11 13
7 14
6 18
21 26
20 22
15 22
16 30
12 25
2 20
3 9
2 3
1 9
3 26
4 29
24 29
14 16
5 16
10 16
7 13
12 19
11 29
17 21
7 30
13 18
23 27
3 4
2 4
5 9
4 7
3 25
10 11
8 23
14 30
19 26
5 19
20 29
11 23
16 21
16 24
7 29
1 2
2 9
10 12
8 20
14 27
4 23
9 17
5 22
10 22
2 16
1 24
22 24
3 13
3 30
2 10
8 30
4 25
8 17
6 12
5 28
4 20
11 12
10 28
25 28
7 9
11 17
1 22
21 22
12 26
13 27
3 8
1 8
3 29
2 15
19 30
