30 30 174
23 2 20 22 16 5 10 1 4 6 26 28 12 30 13 17 9 29 14 15 8 19 7 18 3 27 25 24 21 11 
9 17 29 3 7 30 14 21 24 4 19 1 23 6 12 25 18 11 28 16 20 5 2 10 22 26 13 8 27 15 
30 24 5 3 7 8 4 14 27 19 29 22 16 10 25 23 21 15 20 17 1 18 28 6 26 9 11 2 13 12 
30 26 25 29 13 24 2 15 20 5 23 3 28 19 16 4 21 11 10 18 27 6 1 7 17 9 12 14 22 8 
30 18 27 4 12 13 5 2 6 10 16 24 17 7 25 22 21 8 1 19 11 28 26 29 23 14 9 15 3 20 
24 28 26 2 22 14 10 29 19 18 11 13 4 23 30 16 25 7 9 12 1 17 3 21 20 5 27 8 15 6 
17 4 15 7 9 19 6 8 20 13 24 22 18 25 23 21 12 11 29 2 5 27 30 10 14 16 26 1 28 3 
5 14 7 3 22 19 29 26 17 20 10 11 15 30 1 4 25 9 12 21 16 13 24 27 6 2 18 23 8 28 
19 20 10 5 11 23 12 9 16 6 25 8 1 2 24 21 13 29 15 27 26 3 28 22 17 7 4 30 14 18 
18 22 13 30 29 8 12 4 25 17 7 5 19 6 15 21 28 2 11 23 20 3 27 14 9 10 1 24 26 16 
2 23 5 18 19 3 4 27 11 9 15 10 20 17 12 7 22 26 13 8 21 16 29 6 28 25 14 30 1 24 
13 2 21 24 22 3 18 30 29 1 14 25 7 20 4 23 16 11 26 17 12 5 15 6 28 19 8 10 27 9 
18 14 3 7 29 9 12 11 25 27 22 24 5 28 20 30 13 1 26 6 15 16 8 23 17 21 2 4 10 19 
5 9 30 25 4 24 22 6 10 14 2 19 12 7 11 23 16 1 18 17 20 13 26 15 28 21 3 27 8 29 
30 21 16 17 23 14 13 11 6 12 10 4 28 15 26 18 19 2 25 3 20 8 22 9 7 29 1 27 24 5 
3 2 6 10 15 23 27 22 4 1 16 21 30 12 28 20 9 29 26 13 11 17 7 24 14 25 18 5 8 19 
23 24 5 7 22 12 10 13 21 30 8 2 1 15 29 17 18 16 20 27 19 11 3 4 25 26 6 28 14 9 
15 14 21 2 3 4 5 11 23 10 29 20 24 6 18 12 30 16 28 13 25 7 1 19 9 8 27 26 22 17 
10 21 27 23 24 26 6 20 3 9 5 19 11 16 30 15 8 7 29 14 13 28 2 22 4 25 17 18 12 1 
10 24 14 7 11 26 6 29 5 23 13 2 1 8 27 19 18 30 16 4 25 21 17 20 22 3 28 15 12 9 
20 5 24 12 4 22 14 15 7 6 30 13 16 26 3 8 21 29 17 27 11 28 2 25 10 18 19 1 23 9 
26 11 8 13 17 7 21 24 25 23 30 19 6 15 29 20 27 1 22 4 10 18 2 16 9 5 3 12 28 14 
17 28 29 1 2 6 11 10 22 9 4 26 24 5 20 3 7 27 15 23 30 13 21 25 16 12 8 18 19 14 
20 13 16 17 9 11 15 7 22 12 29 23 4 30 3 5 25 19 27 24 1 10 26 18 28 14 21 6 8 2 
9 7 14 8 28 4 29 13 22 30 5 27 19 18 1 12 15 26 24 10 6 11 17 2 23 20 3 25 16 21 
21 13 25 18 7 27 30 22 3 28 4 14 5 16 24 11 2 9 15 23 12 20 1 10 26 8 17 19 6 29 
10 23 12 26 8 17 11 19 13 27 1 9 7 4 29 25 14 16 30 28 15 22 3 18 5 20 6 24 2 21 
27 12 22 24 29 19 15 20 3 8 23 4 10 21 25 30 26 1 9 2 17 28 6 7 5 16 11 14 18 13 
4 19 26 25 12 14 9 10 3 6 11 23 8 17 27 7 29 21 30 13 20 22 28 18 24 1 2 15 16 5 
26 20 29 1 25 16 24 12 21 22 13 28 7 8 30 18 3 4 6 5 15 27 23 19 11 9 2 17 10 14 
6 9
20 25
1 17
7 25
13 17
18 30
5 8
3 24
8 24
6 7
24 27
15 30
14 18
11 22
25 26
7 19
12 17
17 23
7 28
13 20
27 28
18 20
8 15
2 6
9 14
29 30
3 23
10 13
8 21
14 24
10 24
15 29
10 23
6 26
22 25
23 28
4 15
9 30
8 18
6 13
4 21
11 15
9 19
15 16
6 16
11 16
7 21
22 23
13 26
1 15
8 9
2 12
8 28
3 17
14 22
6 14
25 30
7 15
12 13
1 16
2 23
1 5
17 24
13 29
3 6
1 10
8 25
14 28
9 20
15 25
24 28
10 19
7 18
6 30
21 30
12 18
11 26
1 19
17 22
26 30
13 19
18 21
3 22
6 20
20 28
11 20
10 20
6 27
11 25
1 30
4 8
2 8
3 21
9 29
8 19
14 26
19 22
7 11
6 17
15 19
11 19
7 20
17 28
3 10
2 30
1 14
2 13
9 11
8 29
4 24
6 15
5 29
19 21
6 18
21 26
11 30
7 27
13 15
12 25
2 20
1 9
3 26
8 26
24 29
6 8
15 24
20 24
15 21
7 13
13 18
27 30
2 25
23 27
14 30
4 18
19 26
24 26
6 21
5 19
20 29
11 23
7 16
12 16
13 21
27 29
8 14
23 30
2 9
5 12
3 20
8 20
14 27
5 25
4 23
6 22
7 23
12 21
2 16
1 24
22 24
13 24
2 10
9 10
4 25
6 12
15 17
7 9
6 19
20 23
13 14
1 27
17 30
1 8
2 15
