30 30 217
13 26 8 12 3 25 5 30 2 27 1 20 14 16 22 28 19 11 24 17 18 15 29 9 4 23 10 7 21 6 
2 14 24 18 28 12 16 1 22 11 4 23 27 25 26 3 15 6 5 7 29 9 19 30 8 10 21 17 20 13 
9 21 22 11 24 4 30 23 29 8 25 26 2 27 6 17 7 20 10 18 12 19 1 13 28 16 3 5 15 14 
19 15 29 14 5 26 11 2 24 21 22 4 27 7 10 1 28 30 16 12 13 20 17 3 6 18 23 25 9 8 
3 9 28 19 25 6 10 24 1 30 12 14 23 8 22 7 2 15 16 29 13 11 21 26 17 5 18 20 27 4 
15 21 13 27 1 5 17 10 29 12 22 16 26 6 18 30 3 20 9 4 2 24 14 7 8 23 25 28 11 19 
11 14 6 4 30 9 3 8 15 10 22 13 29 27 24 5 19 26 28 23 7 12 16 2 17 21 20 25 18 1 
3 1 29 15 6 12 13 11 27 28 10 21 23 25 24 8 30 22 7 4 19 9 14 16 20 2 26 5 18 17 
5 21 14 7 27 24 4 11 23 13 10 19 30 1 29 20 6 22 8 2 12 25 26 9 16 17 3 15 18 28 
26 12 30 11 5 8 29 25 18 15 14 4 13 22 10 19 17 28 21 24 16 9 1 3 20 7 2 6 27 23 
14 8 22 4 1 16 7 18 21 19 15 12 6 2 9 28 30 10 26 27 29 3 5 25 20 17 24 23 11 13 
3 29 24 2 27 25 23 16 18 9 6 28 26 17 11 20 12 14 21 22 1 4 30 13 7 15 10 19 8 5 
23 30 26 28 29 17 8 10 4 15 22 27 1 19 14 9 5 11 13 20 12 6 2 25 21 7 16 3 24 18 
30 19 7 21 26 13 15 5 3 1 16 27 14 29 22 17 6 4 11 28 25 20 18 24 23 8 2 12 10 9 
17 29 27 21 14 1 9 26 7 6 20 25 13 8 28 22 5 12 11 10 19 3 30 15 18 24 16 23 4 2 
11 21 22 18 5 30 26 29 16 23 13 20 15 7 3 27 12 19 4 17 9 14 6 24 25 1 10 2 28 8 
29 9 2 21 1 16 26 25 15 11 27 10 28 17 13 12 24 5 18 19 20 3 22 6 4 8 30 14 23 7 
26 3 27 9 25 15 29 13 1 2 17 24 28 16 7 8 20 11 5 21 30 12 4 22 18 19 23 14 10 6 
13 8 3 12 17 30 6 21 22 1 18 2 11 28 7 26 25 27 5 16 23 9 14 15 20 19 10 4 29 24 
17 27 29 10 21 8 5 22 25 19 28 23 12 7 1 15 9 2 11 4 20 30 26 14 24 3 18 16 13 6 
10 14 20 17 5 4 27 30 26 18 8 28 3 23 1 7 9 13 19 12 15 22 16 29 24 21 6 11 2 25 
17 26 2 3 22 16 11 15 27 20 21 18 8 12 1 24 6 13 5 9 19 10 28 14 7 30 4 25 29 23 
27 19 23 6 28 20 29 17 12 25 14 3 8 22 26 1 9 5 13 10 4 21 2 15 7 11 24 18 16 30 
15 10 18 8 21 3 28 19 20 14 23 12 13 5 25 30 17 24 9 16 27 22 26 29 11 6 2 1 7 4 
15 16 3 18 7 9 29 6 22 10 20 4 23 1 24 28 26 11 8 21 14 30 25 12 19 17 2 27 5 13 
26 14 17 21 4 13 28 11 3 24 27 9 20 30 5 16 22 12 19 8 1 10 25 18 23 6 7 29 15 2 
20 22 7 28 10 18 19 16 6 26 13 12 27 4 30 25 3 5 8 29 17 1 14 9 23 24 2 21 11 15 
30 2 25 17 13 26 10 29 4 27 16 21 6 18 22 9 15 5 14 24 19 3 20 12 11 28 8 23 1 7 
11 15 20 6 24 8 4 14 16 19 7 27 28 1 22 29 25 30 23 3 18 17 21 10 2 9 12 5 13 26 
8 25 11 24 20 17 13 9 10 19 1 6 18 3 29 26 4 27 21 15 16 7 28 2 30 14 5 23 22 12 
15 27
10 17
26 28
13 17
1 6
17 25
23 26
13 30
3 7
2 5
18 30
1 11
19 29
9 21
15 30
14 18
6 10
24 27
11 22
10 18
25 26
20 30
5 18
11 27
17 23
7 28
16 25
13 20
2 27
18 20
27 28
23 25
3 23
5 24
4 16
19 24
10 24
6 23
14 15
11 21
10 23
16 19
12 22
22 25
2 28
1 12
5 14
10 14
9 30
14 21
6 13
4 21
10 29
9 19
7 8
12 27
2 18
1 26
17 29
22 26
3 11
1 15
8 9
18 26
4 12
3 28
2 12
8 28
9 25
6 14
5 30
20 26
14 22
10 30
25 30
21 27
16 29
2 23
1 5
17 24
3 6
1 10
3 27
14 28
4 28
9 20
15 25
5 17
10 19
16 23
21 30
12 18
11 26
1 19
17 22
16 26
12 29
2 24
4 11
3 5
5 10
8 22
5 7
19 27
10 25
9 23
15 28
11 20
10 20
7 17
11 25
1 30
22 30
1 3
18 22
4 8
2 8
3 21
14 26
4 22
19 22
9 18
7 11
5 23
11 19
7 20
12 20
2 19
1 25
17 28
2 30
18 27
8 10
2 13
9 11
3 16
9 24
14 23
5 29
6 15
11 13
25 29
6 18
12 25
2 20
1 4
4 29
9 27
24 29
15 24
20 24
10 16
15 21
21 29
11 29
1 18
17 21
16 27
13 18
2 25
17 26
3 4
2 4
9 12
5 9
8 23
5 19
20 29
25 27
7 16
6 24
16 24
27 29
1 2
8 14
2 26
18 23
2 9
9 15
9 28
8 20
5 25
10 27
9 17
7 10
10 22
7 23
12 21
1 24
17 19
3 13
8 11
2 10
8 30
4 25
8 17
14 20
6 12
4 20
19 20
11 12
25 28
7 9
15 17
10 28
12 15
21 22
13 14
2 21
1 27
12 26
3 8
18 29
1 8
3 29
2 15
8 27
