30 30 174
14 7 1 12 6 27 17 5 9 11 19 25 26 2 3 10 4 24 21 30 20 13 29 8 22 28 15 16 23 18 
3 6 26 10 23 28 20 13 1 15 12 11 29 17 4 18 27 7 24 8 22 14 9 2 5 21 16 19 25 30 
22 14 29 19 16 26 23 7 17 4 27 20 3 1 11 18 21 24 30 8 25 2 28 12 6 5 10 13 9 15 
3 9 18 1 13 4 25 29 26 27 16 12 2 20 21 14 22 24 23 8 28 7 11 19 5 15 6 30 10 17 
16 14 15 7 25 12 1 4 24 18 23 22 13 10 19 9 28 27 29 6 21 17 20 2 3 26 5 11 8 30 
29 23 18 26 28 16 21 9 13 25 20 6 2 7 11 8 14 15 24 12 19 4 17 10 30 27 3 22 5 1 
21 25 26 15 9 23 20 7 16 30 5 14 2 27 24 18 13 29 12 8 6 10 3 1 17 4 28 19 22 11 
30 12 26 27 14 22 5 8 16 19 29 4 1 24 15 17 3 7 18 9 23 13 10 25 2 28 21 20 11 6 
5 16 9 2 8 11 25 18 12 28 17 23 1 24 19 22 26 27 3 6 10 29 13 14 4 7 15 21 30 20 
20 19 22 27 8 6 15 21 24 29 4 10 16 11 9 1 17 3 5 28 7 18 14 25 2 13 30 26 23 12 
15 16 20 29 24 14 3 13 2 5 30 26 19 27 6 22 25 1 11 23 10 17 12 8 7 4 28 9 21 18 
17 20 26 11 1 21 30 12 2 16 6 5 3 8 9 19 25 23 28 22 18 24 15 27 10 13 29 7 14 4 
29 18 5 20 12 21 11 30 15 9 24 13 23 14 6 10 4 25 19 7 16 17 1 28 8 27 26 2 3 22 
20 15 21 29 4 9 10 7 28 8 17 14 2 12 22 18 6 1 30 3 19 5 11 27 13 16 23 24 26 25 
3 27 24 16 14 12 10 8 4 18 13 22 29 21 20 6 19 23 7 2 15 17 11 26 5 30 1 25 28 9 
29 4 26 5 30 2 25 18 9 11 27 12 19 10 20 28 6 16 8 23 3 1 14 7 22 21 15 17 24 13 
5 15 21 2 7 22 26 23 4 9 30 16 11 14 19 13 1 20 24 3 8 6 25 10 28 29 17 27 18 12 
11 20 23 5 29 7 21 2 1 6 18 9 30 15 10 19 25 17 28 16 26 3 12 22 14 24 27 4 8 13 
2 23 16 15 6 14 30 3 1 21 22 8 20 5 4 7 29 26 13 18 17 11 28 24 9 10 27 25 19 12 
28 10 11 18 9 17 4 12 30 24 23 8 21 29 26 19 27 7 5 13 16 6 14 25 20 1 3 2 15 22 
19 6 30 10 28 18 26 8 27 22 20 5 9 15 1 13 29 4 16 17 25 3 7 11 14 2 24 12 23 21 
21 6 22 4 1 27 15 29 26 10 18 7 16 19 3 30 12 11 2 25 9 13 17 28 20 14 24 8 5 23 
10 30 6 7 23 3 25 26 28 18 5 17 13 14 21 1 20 24 16 15 12 2 22 19 29 27 11 9 8 4 
13 28 29 15 30 7 18 14 10 9 3 21 23 20 4 25 16 22 11 2 5 12 1 24 17 6 27 19 26 8 
13 11 12 26 4 25 20 29 16 14 22 19 8 9 7 3 23 24 21 6 27 28 18 10 17 15 1 30 5 2 
29 2 22 1 30 16 14 6 10 9 13 3 27 21 8 24 7 25 20 11 12 26 17 23 5 4 15 18 19 28 
14 26 19 8 25 24 10 2 21 3 27 29 11 28 15 20 1 7 16 18 22 9 13 4 23 17 30 12 5 6 
29 15 22 11 12 6 26 21 27 17 30 16 2 19 14 9 3 23 8 1 24 20 18 25 13 5 4 28 10 7 
27 22 20 21 24 2 7 1 15 18 23 12 10 13 4 29 17 3 5 19 11 25 30 9 8 6 28 26 16 14 
23 17 3 21 16 10 5 20 25 2 7 22 15 13 24 26 9 12 14 19 6 8 18 29 1 11 28 30 27 4 
20 25
10 17
15 20
21 28
11 28
26 28
17 25
2 5
5 8
3 24
15 30
5 18
20 30
11 22
6 25
11 27
17 23
22 28
13 20
12 28
8 15
9 14
29 30
3 23
8 21
14 24
5 24
10 24
15 29
11 21
2 17
22 25
1 12
8 12
4 15
4 26
3 18
10 14
9 30
5 27
4 21
19 23
10 29
7 8
15 16
22 23
1 26
17 29
3 11
8 9
3 28
5 30
7 15
6 29
12 13
16 29
7 24
12 24
13 29
3 6
3 27
8 25
4 28
24 28
14 19
5 17
16 23
26 30
16 26
13 19
12 29
2 24
18 21
17 27
5 10
4 6
3 22
8 22
5 7
4 17
24 25
5 20
10 20
16 20
6 27
12 23
11 25
1 30
2 29
1 3
8 13
4 8
4 27
3 21
4 22
15 19
11 19
16 17
1 25
13 25
2 30
1 14
4 13
2 13
8 29
9 24
20 27
19 21
25 29
7 14
6 18
15 22
12 14
11 30
16 30
21 23
12 25
2 20
1 4
3 9
18 28
4 29
24 29
10 16
15 21
1 18
2 25
1 7
4 7
3 25
14 30
5 6
6 21
5 19
25 27
12 16
7 29
27 29
4 9
2 9
9 15
3 20
10 12
9 28
8 20
14 27
4 23
19 25
11 18
10 22
16 18
7 23
12 21
2 16
22 24
13 24
18 24
8 11
1 13
4 14
3 30
9 10
8 17
14 20
25 28
7 9
20 23
12 15
1 22
13 14
17 30
3 8
8 27
4 30
