30 30 43
5 11 25 3 27 17 18 19 21 4 14 28 6 9 29 2 15 12 26 22 8 23 10 13 24 16 7 1 20 30 
8 29 7 25 18 14 4 24 21 27 2 23 6 12 16 3 30 28 9 20 13 19 17 22 10 15 11 5 1 26 
20 6 17 22 1 29 10 7 27 24 26 12 19 30 28 15 3 18 21 5 4 11 14 16 9 23 25 13 8 2 
15 27 11 19 12 9 6 29 22 17 26 5 14 25 30 1 2 16 3 10 23 13 28 4 24 21 7 8 20 18 
6 26 1 10 25 30 24 4 17 12 28 27 3 19 23 20 14 21 29 8 5 13 18 16 11 7 9 2 22 15 
9 6 14 10 5 16 22 27 12 13 25 26 24 2 11 19 4 17 21 1 30 18 8 20 7 23 15 29 3 28 
16 10 11 29 15 26 25 22 6 1 7 5 23 8 28 17 27 24 12 3 4 21 9 13 20 19 30 18 2 14 
23 13 22 6 17 1 30 10 2 16 26 24 18 4 25 20 21 9 3 15 19 12 5 11 7 27 29 14 28 8 
20 10 22 24 30 7 2 27 25 13 14 28 11 8 12 1 19 15 17 16 18 21 5 26 29 6 4 9 3 23 
1 16 5 29 4 12 17 9 7 13 28 30 20 21 24 19 6 3 18 8 15 25 11 22 27 26 14 2 23 10 
20 21 24 7 18 16 9 22 3 14 19 28 5 4 2 26 27 13 30 11 6 17 15 29 25 1 12 23 10 8 
8 13 10 19 22 7 20 4 27 6 26 18 1 12 30 25 15 9 14 21 5 2 11 16 17 3 24 28 23 29 
21 24 4 5 7 2 14 9 23 3 12 1 11 25 8 29 30 18 22 19 26 13 10 16 17 20 27 6 28 15 
6 18 23 24 1 21 20 15 7 26 10 25 11 19 30 5 2 13 22 29 27 9 28 17 12 4 3 8 16 14 
18 12 24 2 26 25 21 7 4 28 16 29 17 11 20 9 23 5 15 8 27 19 22 13 14 10 6 30 3 1 
26 20 15 4 7 11 13 6 25 24 5 22 9 16 10 12 17 2 29 27 30 18 14 1 21 3 23 8 28 19 
14 24 1 11 25 9 29 2 5 3 30 10 21 27 8 7 22 23 16 20 19 15 4 17 18 12 28 26 6 13 
7 19 15 12 27 26 30 18 20 28 22 25 29 21 1 10 24 23 3 9 11 17 6 13 4 14 16 8 2 5 
18 28 5 29 20 6 19 2 23 21 10 9 8 12 16 26 24 17 15 13 7 4 25 22 30 1 14 3 11 27 
19 8 11 1 20 24 28 2 30 15 10 5 21 13 23 4 18 14 17 29 6 26 7 9 25 22 16 3 27 12 
22 7 2 29 27 1 25 18 21 11 6 26 17 14 3 9 13 16 20 5 15 23 10 8 19 28 4 24 30 12 
17 20 8 2 30 14 16 1 13 27 25 26 4 18 12 28 6 24 11 5 23 10 22 3 21 7 29 15 9 19 
20 25 3 5 12 28 18 1 15 19 9 24 13 7 2 10 26 23 17 6 30 4 27 11 29 14 8 21 22 16 
7 8 10 25 16 18 24 27 15 1 14 5 22 28 13 23 4 19 9 12 26 11 6 20 3 29 21 2 17 30 
14 19 9 4 30 15 2 26 27 16 11 7 25 24 29 12 22 5 8 21 23 10 28 17 13 6 3 20 1 18 
11 6 3 26 15 27 24 14 25 10 29 5 9 23 4 20 2 7 17 12 19 21 1 16 18 8 13 30 28 22 
18 16 12 19 7 24 23 30 14 20 21 29 1 11 28 5 9 17 22 15 4 2 25 13 6 26 8 27 3 10 
29 7 25 20 13 26 18 2 27 16 1 17 4 12 30 22 19 8 10 21 5 11 3 9 28 14 15 24 23 6 
3 18 30 6 19 4 13 26 8 29 23 27 9 1 22 10 12 14 11 25 7 21 15 5 28 16 24 20 17 2 
6 20 15 26 14 9 27 3 29 8 5 21 18 4 28 25 7 11 1 17 19 2 10 16 12 13 24 23 30 22 
5 9
1 3
10 11
4 8
7 12
6 21
7 25
18 26
11 23
5 23
15 26
12 20
6 7
25 30
6 29
9 15
20 30
11 22
25 26
4 23
12 17
16 25
9 24
12 28
6 11
1 13
13 15
7 18
12 18
9 16
5 15
22 29
14 20
24 29
8 12
2 21
19 27
6 20
7 30
18 29
12 23
4 30
19 30
