30 30 217
7 3 22 28 18 12 13 8 5 20 24 21 14 19 29 17 2 25 27 1 6 9 11 23 16 30 4 10 15 26 
1 5 7 12 15 18 20 26 8 6 30 3 24 9 17 21 28 14 25 10 29 27 23 4 11 19 22 16 13 2 
14 12 5 22 18 20 27 6 21 4 25 8 1 11 3 28 13 9 10 30 17 7 24 23 16 19 15 29 2 26 
30 8 6 12 2 4 19 10 27 23 29 5 11 26 13 14 16 25 20 22 1 24 28 9 15 7 3 21 17 18 
10 14 26 5 13 9 21 24 8 3 16 6 27 18 7 12 30 28 17 20 19 29 23 4 22 2 25 11 1 15 
25 13 23 12 6 3 21 15 29 9 14 22 26 17 18 5 24 7 1 10 4 30 19 16 8 11 27 2 20 28 
18 15 2 21 3 23 29 10 4 8 1 7 26 27 20 17 16 12 13 9 5 14 24 19 30 22 11 28 25 6 
5 19 30 1 26 28 21 22 11 25 7 14 2 15 23 18 6 8 29 3 17 4 27 12 20 24 9 10 16 13 
28 16 18 27 3 8 30 6 29 21 12 4 15 7 13 25 1 10 20 26 11 2 24 17 14 22 9 19 5 23 
5 29 3 17 20 25 26 16 12 13 4 8 11 23 27 28 24 21 9 30 18 7 1 2 6 19 10 15 14 22 
6 4 17 2 5 30 27 20 26 18 3 19 12 1 21 16 9 29 22 14 8 11 24 28 25 10 13 7 23 15 
4 20 17 26 19 22 12 13 9 1 23 29 8 25 30 18 24 28 21 10 16 27 11 5 7 15 14 3 2 6 
15 16 13 24 20 17 27 6 22 11 4 5 2 25 29 12 23 14 19 10 3 28 18 21 8 26 7 30 1 9 
16 7 23 6 22 18 10 8 21 17 11 1 25 4 9 26 28 5 30 3 2 13 29 19 20 14 24 12 15 27 
17 30 9 23 2 7 8 18 6 24 26 15 5 13 20 22 19 14 1 28 16 11 4 3 21 12 29 25 10 27 
11 14 17 5 30 20 12 24 26 3 2 4 19 15 16 18 8 7 25 27 21 23 22 6 9 13 1 29 28 10 
14 29 17 19 2 15 27 10 3 8 5 1 22 9 12 11 30 21 20 7 28 16 18 25 4 26 13 6 24 23 
22 30 28 19 17 27 15 16 13 21 5 7 2 3 29 1 18 24 4 20 11 10 25 9 26 12 6 8 14 23 
6 10 23 9 25 28 14 26 15 4 19 16 12 21 27 17 13 22 29 1 2 3 20 18 5 11 8 30 7 24 
9 11 5 27 2 29 6 1 23 24 13 21 18 30 14 3 20 17 16 19 8 7 28 26 25 4 15 22 12 10 
10 4 27 5 30 21 2 14 26 20 29 28 8 6 19 7 12 22 1 3 23 9 18 15 24 13 25 17 16 11 
5 22 19 6 26 24 8 15 16 13 23 7 18 11 29 17 2 27 9 4 21 3 30 12 10 1 28 14 25 20 
2 8 18 27 20 11 17 10 29 24 6 13 19 9 15 7 25 28 22 14 21 3 4 1 30 5 12 26 16 23 
22 6 30 28 27 9 4 8 2 17 20 7 12 13 19 15 1 29 23 14 16 25 3 21 26 5 24 18 10 11 
20 30 10 7 12 18 23 8 13 2 11 28 22 1 26 6 3 15 16 24 9 19 5 4 14 21 27 25 17 29 
9 8 28 6 10 23 20 21 13 11 3 7 27 4 18 12 1 17 24 25 19 26 5 16 22 2 14 30 15 29 
15 16 1 9 10 28 30 6 27 5 8 17 29 22 14 18 23 3 25 19 4 24 20 26 12 13 11 2 7 21 
8 4 26 25 18 5 15 19 2 23 10 12 11 28 27 16 22 17 14 21 13 9 24 1 6 30 3 20 29 7 
21 9 11 23 7 25 8 13 19 29 14 3 30 15 26 27 1 16 28 22 17 2 4 24 12 5 20 10 18 6 
14 20 8 22 9 13 3 12 17 30 16 19 21 5 27 1 7 26 15 29 18 24 6 11 28 23 10 4 2 25 
9 26
15 27
14 17
20 25
10 17
7 12
6 28
21 28
11 28
16 28
13 17
2 22
18 19
1 6
13 30
2 5
3 24
8 24
4 19
9 21
15 30
6 10
24 27
5 18
11 22
25 26
7 19
6 25
17 23
22 28
12 28
27 28
18 20
23 25
4 10
2 6
29 30
3 23
10 13
8 21
14 24
5 24
4 16
9 16
15 29
11 21
17 18
13 23
3 12
18 25
1 12
23 28
4 15
2 11
5 14
3 18
10 14
9 30
14 21
21 24
1 21
2 18
3 11
1 15
18 26
8 9
4 12
8 28
15 26
14 22
6 14
5 30
25 30
7 15
6 29
20 21
26 29
2 23
17 24
13 29
3 6
3 27
14 28
4 28
19 28
9 20
14 19
6 11
5 17
11 26
16 26
22 29
17 27
3 5
9 13
5 10
3 22
14 25
5 7
4 17
19 27
20 28
11 20
10 20
6 27
12 23
11 25
1 30
13 22
3 15
2 29
18 22
8 13
5 13
4 27
3 21
10 15
9 29
14 26
5 26
4 22
11 14
10 26
9 18
15 19
7 11
5 23
11 19
7 20
2 19
1 25
17 28
22 27
3 10
18 27
4 13
9 11
9 24
8 16
14 23
20 27
15 22
6 18
21 26
12 14
1 23
13 15
21 23
1 4
1 9
18 28
9 27
15 24
6 8
24 29
20 24
5 16
21 29
1 18
13 18
12 30
2 25
27 30
17 26
23 27
5 9
3 25
10 11
14 30
4 18
19 26
9 22
24 26
6 21
20 29
10 21
6 24
7 29
13 21
27 29
8 14
4 9
2 9
5 12
10 12
9 28
8 20
19 25
9 17
7 10
5 22
11 18
10 22
7 23
16 18
2 16
1 24
13 24
3 13
18 24
9 10
5 15
3 19
8 17
6 12
25 28
21 25
12 15
26 27
21 22
2 21
13 27
18 29
1 8
3 29
4 30
19 30
