30 30 217
4 21 20 22 11 6 9 23 18 2 8 29 25 5 26 15 27 13 10 7 19 17 30 16 3 14 1 24 28 12 
12 15 2 11 1 30 8 6 5 24 13 4 10 20 28 23 26 7 16 18 14 22 17 9 21 29 19 27 25 3 
13 3 27 23 28 5 17 10 2 12 21 14 4 8 11 15 29 22 16 6 30 20 24 18 19 9 26 1 7 25 
5 11 17 12 22 23 13 26 15 19 4 24 28 27 8 20 18 25 6 10 1 14 2 21 9 16 3 7 30 29 
1 15 11 2 16 29 5 19 14 13 30 28 24 8 23 3 6 18 10 22 26 7 9 20 12 27 17 21 4 25 
22 20 16 10 11 25 30 13 27 23 3 21 26 28 29 1 9 14 7 24 18 2 15 5 4 19 17 12 8 6 
23 8 24 13 30 28 17 2 10 21 16 1 4 29 15 5 9 7 19 3 26 27 18 6 20 14 12 11 25 22 
18 7 1 26 25 13 28 11 3 20 27 2 8 17 19 14 29 15 22 12 9 23 24 5 21 10 6 4 16 30 
18 20 21 30 19 2 24 28 26 11 8 25 4 5 15 29 6 3 10 16 14 27 17 7 13 23 12 9 1 22 
6 25 16 8 5 3 15 17 26 27 14 22 2 4 30 23 10 18 24 21 28 29 12 9 13 19 1 11 7 20 
12 20 14 24 21 22 13 7 30 11 4 10 16 6 17 9 3 1 15 5 29 2 27 19 8 18 23 25 26 28 
11 27 10 28 18 22 6 16 5 29 3 12 20 24 25 1 9 17 4 30 23 19 8 21 2 7 13 14 15 26 
15 24 21 2 11 19 17 1 13 25 12 5 30 7 16 3 14 28 23 26 29 8 10 20 27 22 9 6 4 18 
14 21 4 16 17 7 22 8 9 26 13 6 25 24 10 23 30 20 28 11 1 2 5 18 27 19 12 3 15 29 
5 16 10 19 27 2 23 9 22 15 25 13 1 7 26 30 24 18 17 14 8 28 11 4 3 21 20 6 29 12 
13 24 15 26 19 3 23 2 1 5 14 11 10 4 17 18 8 27 7 22 9 20 16 28 12 30 6 21 29 25 
27 21 14 15 28 26 12 22 8 24 10 13 17 19 30 23 20 25 16 9 29 3 2 7 1 18 6 11 5 4 
19 12 18 20 17 25 5 7 10 8 21 13 6 27 23 22 30 26 9 14 4 16 24 15 2 11 29 1 28 3 
4 17 7 8 14 22 2 1 29 26 9 6 25 23 13 3 19 24 5 27 10 20 30 16 12 28 21 11 18 15 
25 2 10 3 26 9 5 21 24 12 28 13 14 27 6 11 4 30 23 16 29 19 17 18 22 8 7 1 15 20 
18 20 30 9 23 4 17 26 14 15 12 22 13 7 1 29 2 25 10 21 6 5 8 27 19 3 16 24 28 11 
1 12 19 29 20 22 3 18 13 24 23 7 8 27 21 6 9 10 15 14 30 16 5 11 28 17 4 2 25 26 
27 11 17 6 3 23 25 5 22 14 30 29 28 10 18 8 9 1 24 16 21 19 2 26 12 13 7 20 15 4 
15 29 14 18 11 25 16 2 23 30 27 20 9 22 4 21 3 24 28 7 8 5 17 12 6 13 26 10 1 19 
4 14 25 24 11 10 18 7 21 5 19 22 23 16 12 15 30 2 26 9 28 17 3 1 27 29 8 6 13 20 
16 18 21 11 15 14 1 23 2 17 24 13 26 27 22 7 6 29 25 9 19 30 5 4 20 8 28 10 3 12 
1 24 15 5 2 25 8 21 12 3 29 7 23 6 22 20 30 17 28 9 10 13 27 18 14 19 26 4 11 16 
9 6 5 7 20 14 26 30 13 28 2 29 3 4 12 19 25 24 1 21 15 17 10 11 16 8 22 18 27 23 
21 4 24 5 8 26 3 28 25 29 22 17 15 6 10 30 19 27 12 11 7 14 13 9 2 18 23 16 1 20 
2 29 21 4 16 18 15 23 26 6 7 8 12 24 11 10 28 13 14 27 19 20 17 3 22 5 25 9 30 1 
24 30
14 17
20 25
7 12
6 28
11 28
1 17
26 28
7 25
16 28
2 22
18 19
13 30
3 7
2 5
5 8
3 24
8 24
6 7
9 21
24 27
6 10
5 18
20 30
15 30
10 18
14 18
7 19
16 22
6 25
11 27
7 28
12 28
2 27
18 20
4 10
9 14
5 24
4 16
10 24
9 16
15 29
14 15
6 23
5 21
11 21
10 23
16 19
6 26
12 22
2 17
17 18
22 25
18 25
8 12
4 26
10 14
8 18
6 13
5 27
14 21
1 21
7 21
22 23
12 27
1 26
17 29
3 11
1 15
18 26
8 9
9 25
6 14
5 30
20 26
14 22
15 23
21 27
20 21
7 24
13 16
2 23
17 24
13 29
1 10
8 25
14 28
4 28
19 28
9 20
15 25
24 28
1 19
17 22
16 26
22 29
17 27
4 11
2 7
9 13
5 10
4 6
3 22
14 25
4 17
10 25
15 28
24 25
5 20
11 20
1 30
22 30
13 22
2 29
2 8
5 13
14 26
19 22
10 26
9 18
15 19
5 23
11 19
7 20
12 20
2 19
17 28
2 30
18 27
9 11
4 24
8 16
6 15
5 29
20 27
7 14
12 14
1 23
16 30
13 15
12 25
2 20
1 4
13 28
2 3
18 28
15 24
24 29
5 16
20 24
14 16
6 8
7 13
21 29
12 19
1 18
17 21
13 18
2 25
1 7
3 4
2 4
4 7
3 25
5 6
19 26
9 22
6 21
11 23
10 21
25 27
12 16
7 29
13 21
2 26
1 2
8 14
27 29
4 9
28 30
5 12
3 20
9 28
4 23
19 25
9 17
15 18
10 22
16 18
22 24
13 24
1 13
23 29
4 14
3 30
9 10
3 19
8 17
14 20
5 28
4 20
11 12
10 28
25 28
15 17
6 12
21 25
20 23
1 22
26 27
7 26
2 21
1 27
17 30
13 27
1 8
2 15
