30 30 87
28 12 15 27 19 23 20 11 9 25 10 29 21 26 1 24 18 30 8 16 17 14 6 22 3 5 4 13 2 7 
24 26 30 14 4 19 16 29 13 20 7 15 22 11 17 21 28 3 2 9 1 5 23 27 25 18 12 10 8 6 
8 15 30 16 26 24 9 10 29 18 28 25 5 13 20 17 27 22 19 12 2 14 11 4 1 21 3 7 6 23 
5 3 25 27 17 19 23 20 8 4 1 11 15 13 7 18 24 12 28 22 21 16 30 2 6 14 9 29 26 10 
12 20 22 4 15 13 26 3 19 14 2 21 28 9 24 27 5 6 30 16 1 18 23 10 17 7 11 25 8 29 
15 9 17 10 4 2 11 30 6 12 24 20 7 5 29 8 19 22 14 27 21 28 16 3 1 23 26 25 18 13 
8 9 1 17 26 24 18 29 6 27 21 14 16 23 20 12 22 3 10 7 28 19 5 11 25 4 13 2 30 15 
4 6 2 25 26 19 29 23 30 3 8 14 1 12 5 20 10 17 16 24 13 11 21 18 28 15 22 9 27 7 
10 13 27 30 12 15 20 14 28 25 19 8 3 17 29 6 23 5 26 24 4 22 7 11 21 9 2 18 16 1 
21 15 26 5 28 12 13 17 10 24 16 29 11 20 8 7 25 2 23 9 30 27 3 18 19 6 14 4 22 1 
18 30 16 24 1 28 23 21 22 11 29 20 26 5 13 6 7 3 9 25 8 17 19 12 14 15 2 10 27 4 
11 26 1 20 30 9 6 16 28 3 14 5 27 29 25 15 10 17 7 22 21 4 2 19 13 23 12 18 8 24 
4 17 23 11 6 7 19 18 10 9 20 16 2 13 24 8 22 30 1 21 14 28 26 12 27 3 29 25 5 15 
3 8 25 1 4 7 17 23 6 19 26 27 18 13 14 20 15 12 11 10 21 24 30 28 29 9 5 2 16 22 
25 17 3 30 12 22 7 15 4 2 9 1 8 28 18 11 24 14 6 27 13 10 21 16 23 5 29 19 20 26 
12 24 28 25 10 23 22 17 13 6 21 8 19 11 18 2 29 14 1 5 9 15 7 30 3 27 20 26 16 4 
4 7 22 27 26 30 21 10 11 5 29 14 24 17 20 3 25 15 13 8 28 6 18 23 1 9 16 2 19 12 
29 6 7 10 18 13 16 4 24 20 21 30 15 5 3 19 12 14 22 28 8 25 2 17 1 9 27 26 23 11 
8 29 5 3 14 17 1 20 7 27 4 25 26 23 10 13 18 6 15 22 30 9 11 19 16 2 24 12 21 28 
26 11 3 29 30 5 17 12 21 25 16 14 7 4 22 27 28 24 15 10 9 2 20 18 1 8 13 19 6 23 
2 24 4 5 23 25 12 19 22 8 30 20 27 26 6 14 16 28 17 11 18 10 9 3 21 1 13 7 15 29 
18 8 26 12 14 9 11 4 27 5 17 15 30 2 28 1 29 10 20 6 25 22 19 23 13 16 3 21 24 7 
6 10 16 2 26 20 24 23 13 17 25 29 22 14 28 12 3 4 9 30 21 5 27 8 19 15 1 11 7 18 
18 3 22 5 9 27 4 11 30 28 1 2 17 24 23 13 8 26 14 16 19 6 21 7 10 20 12 29 15 25 
2 12 29 4 19 15 25 27 3 5 30 7 28 17 9 6 21 10 13 1 11 18 16 8 22 24 20 23 14 26 
18 15 4 30 14 17 24 13 7 29 5 27 6 8 19 12 10 22 3 25 20 2 23 16 28 11 26 1 21 9 
5 29 16 14 19 6 17 11 24 25 10 8 28 7 15 21 13 22 26 1 27 9 30 12 23 4 3 18 20 2 
25 2 13 4 29 18 21 6 27 7 24 11 15 16 10 19 17 12 28 20 9 26 22 5 1 30 3 8 14 23 
6 13 22 8 17 11 16 2 29 10 18 15 28 20 23 24 1 12 21 5 26 27 14 3 25 7 30 19 4 9 
14 23 1 4 6 28 13 16 18 21 22 5 26 12 3 17 29 7 19 9 30 25 10 24 2 8 20 27 15 11 
20 25
10 17
21 28
13 17
19 29
20 30
10 18
22 28
8 15
23 25
3 23
10 13
14 24
9 16
14 15
10 23
2 17
3 18
8 18
14 21
5 27
1 21
2 18
1 26
3 28
9 25
13 16
1 5
10 19
12 18
16 26
4 11
9 13
5 10
3 22
10 25
7 17
13 22
4 27
3 21
10 15
5 26
10 26
16 17
22 27
18 27
4 13
9 24
14 23
25 29
7 14
12 14
21 23
1 4
1 9
15 24
7 13
23 27
9 12
4 7
24 26
12 16
7 29
4 9
3 20
9 28
19 25
15 18
6 22
5 22
7 23
12 21
2 16
17 19
18 24
4 25
8 17
11 12
15 17
12 15
11 17
7 26
1 27
13 27
18 29
2 15
8 27
