30 30 87
11 14 15 5 29 7 10 27 2 30 21 1 6 28 16 3 19 23 9 13 17 22 25 18 24 20 26 12 4 8 
18 12 16 1 9 14 23 29 15 13 11 21 5 17 24 26 10 6 7 25 22 8 20 2 19 4 3 28 27 30 
2 16 28 21 15 19 7 5 25 14 27 13 20 4 22 30 18 26 8 23 17 10 6 3 1 29 11 24 9 12 
5 16 29 6 11 12 26 4 30 7 13 18 20 24 17 28 25 27 21 10 23 22 9 2 8 3 15 14 1 19 
28 5 13 1 29 11 17 18 9 15 7 8 10 24 25 21 12 22 23 30 2 6 3 14 19 4 27 20 26 16 
6 23 11 7 24 5 14 28 18 12 2 13 19 25 20 22 29 9 1 27 15 21 3 26 17 8 10 4 16 30 
15 11 18 8 27 5 4 2 19 16 6 14 23 7 28 22 20 24 17 21 9 3 13 25 12 10 26 1 29 30 
29 11 21 4 2 26 17 30 27 23 24 18 28 6 20 19 5 1 12 8 16 22 15 14 13 10 3 7 25 9 
8 11 12 15 7 22 10 6 24 26 27 21 20 29 28 14 25 4 5 9 16 19 2 23 13 17 3 18 1 30 
9 21 27 6 14 15 24 28 12 17 20 5 23 30 8 25 13 22 4 7 2 26 3 29 11 19 10 1 18 16 
8 26 30 19 3 16 14 9 13 6 1 4 11 2 27 15 25 18 17 24 21 5 28 29 20 12 22 23 10 7 
26 9 15 11 5 14 4 17 12 1 6 2 8 19 28 21 13 16 3 22 23 18 24 29 27 10 7 20 25 30 
15 27 9 5 25 13 16 6 3 8 24 22 29 12 10 17 11 21 23 14 4 2 20 30 7 28 1 19 26 18 
23 14 8 11 3 2 21 19 7 18 28 10 24 16 1 13 5 4 29 15 12 6 30 27 17 26 20 9 22 25 
21 8 3 5 15 13 10 11 18 17 23 27 12 20 30 14 26 28 6 16 7 24 9 29 25 1 22 4 19 2 
11 8 28 2 13 3 10 22 4 5 30 14 18 15 24 27 12 23 9 1 26 25 6 16 29 20 17 21 7 19 
6 8 3 20 12 21 4 24 16 26 17 28 10 22 25 30 18 23 1 5 29 11 19 14 7 27 9 2 13 15 
11 6 20 10 24 3 25 18 5 8 12 13 9 7 16 27 1 21 22 30 15 14 17 19 23 2 26 28 4 29 
7 14 11 19 20 9 3 25 4 23 6 24 21 13 22 10 16 15 12 30 1 28 2 17 27 8 18 5 26 29 
9 18 28 30 1 7 11 23 14 3 22 17 12 20 16 4 24 15 27 26 29 8 25 2 21 5 19 13 6 10 
27 14 15 22 8 28 29 26 11 6 1 9 2 7 18 30 10 3 4 17 13 21 23 16 12 19 24 20 25 5 
17 30 26 1 18 21 3 8 6 16 29 7 10 12 5 4 11 19 15 23 13 25 24 20 2 28 27 9 14 22 
19 2 29 26 23 17 18 12 21 22 16 9 7 11 20 27 8 30 28 10 3 4 6 13 25 24 5 15 14 1 
29 19 27 1 11 22 30 7 3 2 18 21 15 10 16 13 28 20 26 14 24 5 8 17 4 25 6 23 12 9 
29 23 2 14 30 20 26 8 16 6 11 7 18 27 12 22 25 17 28 5 10 21 3 4 19 9 13 1 15 24 
10 7 29 14 28 1 26 17 19 24 25 5 3 9 13 22 23 8 4 12 15 30 21 11 6 18 16 20 27 2 
26 29 22 28 1 17 9 27 4 12 21 7 13 20 30 23 25 14 11 19 6 24 8 5 3 10 15 2 16 18 
21 17 14 8 12 20 10 4 19 11 15 1 18 5 22 25 6 7 9 24 13 23 2 28 29 27 16 3 26 30 
11 15 10 5 12 22 21 27 4 23 29 13 17 18 19 28 2 30 24 1 3 20 25 9 26 6 16 7 14 8 
11 16 3 26 7 23 18 8 13 22 9 12 15 27 28 17 14 21 5 19 10 6 20 29 4 25 1 30 2 24 
9 26
10 17
7 12
6 28
21 28
3 7
18 30
8 24
6 10
5 18
6 25
22 28
2 27
23 25
2 6
9 14
3 23
14 24
4 16
10 23
13 23
8 12
5 14
7 21
2 18
3 11
1 15
15 26
20 26
20 21
7 24
12 24
13 29
6 11
5 17
7 18
6 30
1 19
16 26
2 7
9 13
14 25
24 25
6 20
5 20
6 27
13 22
2 29
8 13
5 13
15 19
1 25
2 30
4 24
3 16
20 27
20 22
7 27
1 4
6 8
14 16
21 29
16 27
27 30
4 18
24 26
5 19
20 29
11 24
23 30
9 15
3 20
5 25
7 10
6 22
5 22
11 18
3 13
4 14
8 30
5 15
8 17
11 12
19 20
11 17
2 15
19 30
