30 30 130
14 30 17 27 23 13 25 4 5 12 6 1 9 29 8 24 11 18 10 15 20 7 22 26 21 19 2 16 28 3 
10 1 11 12 23 5 28 2 3 14 4 27 16 21 29 26 6 8 13 20 7 24 25 30 18 22 9 15 17 19 
8 23 6 17 24 10 3 11 1 16 26 20 28 12 4 21 29 18 30 7 5 9 22 15 14 19 2 27 13 25 
10 20 5 24 3 1 25 18 9 22 15 13 30 26 8 2 19 11 17 27 14 4 7 16 6 23 12 28 21 29 
25 19 30 13 20 7 23 29 27 4 10 2 14 6 11 24 18 17 9 8 1 26 12 22 16 5 28 3 21 15 
29 27 17 1 6 16 26 5 3 13 8 30 2 4 20 12 28 11 9 10 18 25 23 21 15 19 7 14 24 22 
25 15 22 29 11 16 7 9 8 30 26 5 18 14 2 28 17 12 27 4 21 6 1 3 24 13 10 20 19 23 
11 29 2 21 13 20 14 22 6 7 8 19 10 5 16 23 17 25 26 1 12 28 9 24 4 30 3 15 18 27 
19 18 8 21 7 30 23 28 1 4 2 11 15 9 25 5 14 13 17 6 22 26 20 12 10 29 16 24 27 3 
11 16 6 25 28 3 17 9 23 30 19 29 27 10 24 22 15 12 5 21 14 2 1 20 26 4 13 7 18 8 
18 16 20 13 9 5 25 22 3 17 1 26 2 6 4 19 21 28 27 24 11 7 14 15 30 23 29 10 8 12 
23 17 21 1 29 3 28 5 7 30 14 11 20 10 22 9 13 26 25 8 16 6 18 19 27 2 12 24 4 15 
19 1 11 17 26 9 6 13 5 21 24 27 14 3 18 30 29 16 15 4 22 25 7 12 20 23 10 8 2 28 
9 17 19 1 30 18 29 6 15 13 4 28 3 11 14 12 20 26 16 24 23 10 8 21 2 27 25 22 5 7 
26 15 25 10 19 14 21 28 11 3 7 22 24 17 13 4 18 23 30 20 8 27 16 9 29 12 2 6 1 5 
24 23 13 11 25 9 6 2 19 18 12 17 10 1 27 21 22 3 16 4 14 20 15 26 30 28 7 29 8 5 
24 1 28 2 30 4 14 26 3 13 8 23 20 7 18 27 19 10 15 22 12 25 5 6 16 11 9 17 29 21 
17 21 28 19 5 27 25 20 10 13 18 4 3 23 1 29 30 26 14 6 12 16 7 8 9 15 22 11 2 24 
2 6 14 27 13 29 21 25 17 5 16 19 28 20 1 11 26 12 15 4 7 9 24 30 22 23 10 18 8 3 
4 24 6 18 26 15 11 17 25 5 28 12 7 16 19 23 21 22 1 20 9 13 14 10 8 29 3 27 30 2 
19 15 4 1 23 21 12 18 17 5 6 22 16 25 20 28 10 9 30 27 14 7 13 2 11 26 24 8 3 29 
4 30 29 23 15 6 25 27 22 17 8 18 16 7 20 11 24 2 5 28 9 3 1 19 12 14 10 21 13 26 
14 9 26 24 10 28 12 19 5 7 23 25 15 21 17 6 18 22 2 1 4 8 29 3 30 20 11 16 13 27 
6 13 7 17 12 22 20 14 15 1 28 11 9 2 16 19 8 21 4 5 10 27 25 23 29 18 26 24 3 30 
10 6 29 24 7 18 30 19 12 3 20 17 22 14 11 23 9 8 21 4 16 26 27 28 13 2 25 15 5 1 
2 30 15 14 26 18 8 4 23 7 17 12 10 27 13 9 29 20 28 25 6 16 5 1 21 3 24 19 11 22 
25 4 15 26 24 16 20 28 8 2 13 1 17 7 11 29 6 9 19 12 23 3 5 18 27 10 21 22 30 14 
16 5 11 25 14 12 9 30 20 29 1 10 24 17 28 23 6 8 4 2 13 22 18 27 19 15 21 3 7 26 
2 25 28 18 21 8 16 24 23 26 12 3 1 20 29 5 11 6 15 30 7 4 9 17 13 14 27 22 10 19 
13 23 22 2 4 29 19 12 11 24 26 20 18 3 17 5 7 21 16 25 14 1 15 28 10 6 30 27 8 9 
9 26
15 20
6 28
2 22
18 19
23 26
13 30
8 24
6 7
24 27
6 10
25 26
7 19
6 25
11 27
16 25
27 28
4 5
3 23
19 24
9 16
6 23
12 22
2 17
18 25
4 26
3 18
10 14
9 30
8 18
6 13
4 21
11 15
10 29
7 8
6 16
21 24
7 21
17 29
13 26
18 26
3 17
25 30
15 23
6 29
20 21
26 29
7 24
13 16
2 23
13 29
19 28
24 28
5 17
21 30
26 30
1 19
16 26
13 19
4 6
8 22
14 25
4 17
10 25
9 23
15 28
20 28
7 17
1 30
22 30
13 22
18 22
4 8
28 29
3 21
15 19
6 17
22 27
1 14
2 13
9 11
8 29
3 16
8 16
19 21
15 22
6 18
2 20
3 9
15 24
21 29
13 18
12 30
27 30
1 7
17 26
23 27
3 4
2 4
5 9
4 18
24 26
20 29
11 23
25 27
6 24
16 24
13 21
2 26
8 14
4 9
28 30
5 12
10 12
8 20
14 27
7 10
16 18
1 24
13 24
8 30
5 15
8 17
20 23
11 17
21 22
1 27
3 8
18 29
3 29
