30 30 130
1 27 9 30 28 19 29 4 7 8 16 15 22 12 17 24 2 6 21 14 13 20 5 11 25 18 3 23 26 10 
20 17 25 11 2 29 9 3 19 28 6 12 24 8 22 21 27 1 26 15 16 14 4 10 23 30 18 7 5 13 
10 9 2 21 22 19 15 25 13 28 20 23 5 12 18 24 27 14 26 6 30 1 29 17 11 4 16 7 3 8 
9 1 2 19 10 11 13 14 6 4 29 30 5 27 17 20 16 7 21 24 18 12 22 15 28 25 8 26 23 3 
14 23 17 26 2 8 16 7 30 4 9 11 20 28 5 6 18 3 22 24 13 29 10 25 21 27 15 1 19 12 
10 5 4 29 27 22 23 8 16 14 11 9 3 18 7 28 30 21 1 2 13 20 19 6 25 12 15 17 26 24 
23 22 19 10 1 6 7 17 18 28 12 9 2 27 13 29 11 16 15 8 30 20 26 24 4 3 21 25 5 14 
11 28 8 21 22 9 12 16 14 2 10 15 27 30 17 18 7 26 23 19 20 25 29 6 3 24 13 4 1 5 
26 29 5 21 23 6 19 4 18 24 13 3 20 2 22 28 9 1 7 11 10 8 27 14 15 30 25 16 17 12 
3 21 30 6 4 23 15 20 14 13 1 8 27 19 18 11 9 7 12 5 2 16 29 24 25 26 17 10 22 28 
6 19 21 1 15 13 12 26 24 2 20 14 18 23 10 8 5 17 11 16 4 22 27 9 30 28 25 7 29 3 
24 6 30 23 17 7 14 16 11 22 4 12 13 8 10 19 28 15 2 25 29 21 3 5 9 26 18 27 1 20 
6 1 26 24 14 20 7 17 3 28 4 5 16 2 9 15 13 30 29 11 22 25 23 27 21 12 10 18 8 19 
24 2 7 30 25 6 8 14 18 28 19 26 10 23 16 21 22 20 1 9 3 12 11 5 29 27 15 13 4 17 
28 1 21 24 4 20 10 13 23 3 6 7 18 19 16 5 8 26 30 22 14 2 25 9 12 17 15 11 29 27 
23 9 6 19 14 13 25 11 21 1 2 12 8 30 4 24 3 5 22 10 27 20 7 15 16 18 28 26 29 17 
19 29 14 30 17 8 15 5 12 10 7 4 3 20 18 24 13 9 11 21 25 22 28 27 2 6 16 26 1 23 
26 17 9 4 12 3 1 5 10 28 29 20 24 11 21 18 13 8 7 2 14 25 30 6 19 22 15 23 16 27 
13 2 19 6 4 18 27 26 20 23 22 12 21 8 29 3 25 15 24 16 9 14 7 30 17 1 11 28 10 5 
22 5 12 6 25 24 1 9 18 30 14 4 27 3 11 20 21 7 2 8 15 28 13 19 23 10 17 26 29 16 
25 12 9 24 13 15 11 10 22 30 17 14 3 27 19 4 18 16 5 2 8 29 23 1 28 7 26 21 6 20 
23 15 17 20 6 18 26 24 28 9 30 5 19 8 4 12 2 22 16 11 7 29 27 1 3 21 14 25 13 10 
7 28 15 16 4 25 6 13 11 19 26 8 5 2 27 14 29 30 23 20 12 1 3 21 24 18 9 17 10 22 
9 10 20 25 6 24 17 19 2 21 13 26 28 22 11 8 7 15 4 3 1 27 16 29 18 5 23 12 14 30 
3 22 30 8 14 24 12 7 27 9 5 29 4 15 1 2 20 28 21 10 13 16 23 18 17 19 6 25 11 26 
5 30 19 14 15 18 28 13 12 6 29 21 1 23 24 17 27 20 9 11 16 3 10 26 8 7 2 4 25 22 
23 27 11 29 22 17 6 9 25 15 4 26 7 5 8 18 12 28 1 24 16 14 2 20 21 19 3 30 13 10 
20 13 21 12 11 10 30 18 29 7 6 27 15 19 28 2 1 14 9 5 3 8 24 22 26 16 25 17 23 4 
26 14 8 4 1 20 3 5 19 28 16 2 25 12 10 27 29 30 6 23 15 24 7 17 22 11 13 9 18 21 
1 28 20 11 4 29 27 2 26 24 13 19 30 23 7 21 17 25 14 15 9 16 12 10 22 18 6 3 5 8 
15 27
6 9
17 20
3 7
1 11
18 30
4 19
19 29
9 21
14 18
23 25
9 14
29 30
5 24
19 24
10 24
5 21
10 23
12 22
13 23
3 12
8 12
3 18
10 14
14 21
5 27
9 19
6 16
1 21
2 18
1 15
18 26
3 28
3 17
14 22
10 30
25 30
1 5
3 6
8 25
14 28
19 28
9 20
24 28
6 11
10 19
7 18
6 30
16 23
17 22
2 24
17 27
2 7
9 13
5 10
8 22
9 23
20 28
10 20
6 27
2 29
1 3
18 22
4 27
9 29
8 19
19 22
10 26
15 19
1 20
2 19
2 30
4 24
8 16
14 23
11 13
6 18
11 30
13 15
2 3
2 14
8 26
15 24
20 24
10 16
11 29
1 18
16 27
13 18
2 25
17 26
3 4
4 7
3 25
8 23
5 19
20 29
11 23
7 16
6 24
11 24
16 24
13 21
3 14
2 9
3 20
8 20
14 27
5 25
19 25
7 10
7 23
12 21
18 24
1 13
4 14
3 30
8 17
6 12
5 28
19 20
7 9
21 25
20 23
1 22
13 27
1 8
3 29
8 27
4 30
