30 30 43
4 28 9 20 2 25 17 18 21 15 8 22 23 5 7 26 11 1 30 24 16 27 13 10 29 6 19 14 3 12 
14 10 25 27 5 30 4 21 20 1 19 9 22 13 16 7 17 24 2 26 8 3 29 23 11 6 15 12 18 28 
3 21 12 2 27 10 26 15 30 9 24 11 16 22 23 18 7 6 20 8 14 1 25 4 5 17 29 13 28 19 
12 2 20 5 11 29 17 14 9 27 30 25 26 18 24 23 15 10 6 19 13 16 8 21 1 4 22 3 28 7 
19 29 14 17 5 12 13 22 1 11 3 8 10 2 20 7 16 28 15 26 4 9 6 30 25 18 24 23 21 27 
18 9 17 12 21 19 1 23 26 16 14 30 11 28 25 6 15 24 8 13 29 4 22 5 7 2 27 10 20 3 
15 2 29 19 24 28 25 21 30 27 10 8 7 26 11 20 6 17 12 3 13 4 16 23 14 22 5 18 9 1 
5 21 26 27 3 22 14 8 17 30 10 4 13 18 7 28 29 1 23 16 9 11 19 24 25 2 12 15 6 20 
12 26 1 18 2 3 25 30 10 15 22 19 8 23 7 27 20 13 28 24 4 6 9 11 17 16 21 29 5 14 
21 14 8 12 6 4 1 2 24 25 27 16 7 19 22 29 20 5 13 9 28 10 15 3 17 18 11 30 26 23 
26 14 4 12 13 3 15 8 30 10 22 25 9 11 20 7 17 2 16 27 18 23 19 6 5 1 29 24 28 21 
28 13 5 24 10 2 7 1 4 23 22 16 9 19 25 21 3 17 15 12 29 27 18 14 26 20 11 8 6 30 
9 19 10 18 28 7 1 17 25 22 20 3 16 15 6 8 24 21 12 27 29 5 11 4 23 26 30 2 13 14 
24 5 6 4 16 9 13 15 30 25 26 1 7 29 8 3 18 19 21 14 11 12 20 22 2 27 10 17 28 23 
26 8 4 15 1 12 6 18 9 16 3 27 28 5 22 11 7 20 21 2 25 17 30 10 23 14 24 19 13 29 
12 10 17 8 29 22 26 5 24 14 6 25 20 11 30 3 23 16 19 1 13 15 9 27 21 4 18 7 2 28 
15 18 19 4 13 21 20 3 30 10 23 12 29 27 9 16 24 8 1 6 14 11 25 7 5 2 17 28 26 22 
10 30 14 6 5 24 15 19 16 2 22 4 1 28 21 13 7 18 11 25 3 12 26 27 23 9 29 17 8 20 
2 30 5 9 28 4 14 21 23 18 19 3 16 15 13 6 27 17 7 8 25 20 26 24 29 22 11 1 10 12 
19 16 8 12 5 7 21 22 13 27 23 18 24 9 28 30 26 1 29 25 14 15 11 10 3 4 6 2 17 20 
18 20 15 2 23 14 29 11 10 5 3 22 27 9 12 6 7 26 1 25 28 19 21 8 16 17 30 24 4 13 
6 20 29 17 12 26 7 30 10 13 21 2 24 27 22 5 23 1 28 19 14 4 8 3 9 25 16 11 15 18 
4 25 6 19 30 5 11 21 3 8 29 17 14 18 16 23 2 1 12 9 22 15 20 10 28 24 13 27 7 26 
6 28 8 30 22 2 20 10 3 21 25 5 17 26 7 19 15 9 29 14 24 18 13 27 12 1 11 4 23 16 
13 21 29 26 22 27 12 9 17 14 1 20 6 5 8 4 3 15 7 28 19 30 2 16 11 10 23 25 24 18 
7 4 13 24 21 10 17 3 28 5 1 14 2 18 12 26 16 9 19 29 15 23 6 27 11 25 8 22 20 30 
12 3 5 19 25 30 14 2 4 24 29 23 6 22 26 8 18 11 1 9 7 21 28 27 15 20 17 10 13 16 
20 9 8 29 3 6 10 16 18 26 15 17 1 19 23 24 30 5 22 12 11 27 2 28 14 7 25 13 21 4 
13 4 27 25 26 7 16 23 8 12 1 6 28 18 17 5 3 30 20 14 9 29 2 22 21 15 10 19 24 11 
7 28 13 20 2 22 11 14 21 12 16 18 5 4 23 9 15 19 26 10 1 3 24 17 27 25 8 6 29 30 
11 16
4 7
7 21
4 18
21 28
24 26
4 27
11 23
1 6
3 17
9 25
2 26
7 20
25 30
7 15
26 29
2 13
17 24
22 28
8 25
3 13
5 11
3 23
2 20
8 30
5 15
6 23
2 3
8 26
12 15
26 27
6 8
10 16
14 25
17 30
12 19
4 26
8 18
10 20
5 27
11 15
10 29
15 16
