30 30 130
17 4 11 13 14 12 18 26 15 8 21 25 16 28 27 22 23 24 2 29 10 9 1 5 6 30 20 7 19 3 
13 14 6 28 25 18 5 21 19 2 16 9 4 8 1 10 22 29 26 20 17 30 7 11 3 24 15 23 27 12 
19 1 28 18 7 4 13 23 6 9 20 2 24 3 21 29 27 25 22 8 26 5 16 17 30 15 12 10 11 14 
19 5 30 21 24 13 20 14 8 11 7 6 29 27 22 10 26 4 18 1 12 15 23 16 3 28 2 17 25 9 
7 18 25 16 1 23 10 12 26 20 30 6 27 15 4 5 29 14 8 3 11 17 22 21 24 28 9 13 19 2 
12 24 21 16 13 10 18 8 9 6 5 15 7 11 28 4 3 26 20 23 30 22 14 2 1 19 27 29 17 25 
25 29 11 19 2 6 16 12 8 18 27 21 20 4 10 1 15 7 23 22 28 13 9 5 3 30 26 17 14 24 
6 24 19 26 10 13 3 23 1 28 4 12 9 22 17 29 14 5 11 2 25 15 18 20 16 30 21 7 8 27 
16 14 26 18 13 9 27 3 7 21 30 20 12 4 5 22 11 29 10 19 17 2 15 1 28 6 24 25 8 23 
28 21 30 10 27 7 13 1 6 17 3 12 4 24 2 9 11 22 29 23 26 5 25 20 15 14 18 16 8 19 
19 23 27 8 24 9 18 26 29 21 14 16 15 3 10 17 22 25 30 20 28 6 2 7 1 12 4 5 11 13 
22 10 14 21 26 17 3 4 7 9 24 8 25 15 1 30 16 6 28 29 13 27 20 12 19 2 11 23 18 5 
21 11 8 3 7 27 24 18 26 25 9 22 16 2 10 6 20 23 5 14 12 19 15 13 17 30 1 29 28 4 
10 20 26 29 13 9 11 17 28 6 24 23 30 21 12 3 8 2 16 27 14 18 22 7 19 15 1 5 4 25 
5 17 14 25 12 30 27 20 2 11 16 7 26 1 18 15 8 24 23 4 9 3 19 21 10 28 22 29 6 13 
1 18 2 28 8 17 6 9 25 24 3 15 27 23 20 4 10 16 14 19 5 30 21 22 7 11 12 26 13 29 
2 8 27 25 19 3 15 21 12 20 30 11 22 16 7 6 9 5 14 13 26 10 18 24 28 4 17 23 29 1 
2 13 23 14 8 7 15 4 12 29 9 10 6 26 21 3 30 19 17 5 28 16 18 22 24 1 20 25 11 27 
9 24 26 12 29 27 30 8 19 17 2 6 13 25 21 4 15 7 20 3 16 14 18 11 28 10 22 1 5 23 
5 18 7 6 21 15 22 4 11 24 26 20 12 23 13 2 25 14 19 28 1 16 9 8 30 27 3 17 29 10 
20 16 3 26 19 25 15 9 29 30 7 28 21 6 14 13 23 2 18 4 27 5 24 22 8 1 12 10 11 17 
23 21 25 12 15 7 5 20 1 3 9 10 13 2 29 8 14 16 22 17 6 30 4 19 11 28 26 27 24 18 
30 11 28 6 25 23 20 27 19 24 26 3 14 16 7 22 18 9 4 8 10 12 21 17 2 29 15 1 13 5 
3 26 15 12 29 21 27 22 17 19 30 8 28 18 20 25 11 6 1 16 2 9 13 10 7 14 23 24 4 5 
4 1 22 16 3 30 17 25 9 15 29 12 28 7 13 20 2 6 24 23 19 11 10 21 14 27 26 18 5 8 
9 3 4 23 20 21 5 24 13 19 16 17 18 29 1 26 10 12 6 11 2 7 30 8 25 22 15 14 27 28 
17 30 12 2 19 21 29 9 11 3 4 26 1 10 8 18 15 25 13 28 20 27 22 14 5 24 7 6 16 23 
23 28 7 30 20 27 16 8 10 6 12 9 18 14 11 4 2 13 19 3 1 15 17 25 24 29 5 22 26 21 
14 28 17 9 18 24 22 6 2 12 4 10 23 5 7 8 27 21 15 16 29 30 1 19 11 20 25 13 3 26 
7 30 22 16 14 20 1 25 12 19 10 24 29 26 27 6 3 15 21 18 2 17 23 4 13 9 8 5 11 28 
15 27
10 17
7 12
21 28
13 17
23 26
18 30
1 11
3 24
9 21
6 10
11 22
16 22
7 19
11 27
1 28
16 25
4 10
2 6
8 21
9 16
15 29
16 19
6 26
23 28
14 21
5 27
11 15
6 16
7 21
17 29
3 11
8 9
10 30
15 23
6 29
20 21
3 6
1 10
9 20
16 23
6 30
17 22
12 29
2 24
17 27
2 7
3 22
5 7
19 27
10 25
6 20
5 20
10 20
16 20
7 17
6 27
2 29
5 13
3 21
5 26
4 22
19 22
7 11
6 17
5 23
22 27
2 30
18 27
2 13
6 15
14 23
11 13
19 21
12 14
20 22
13 15
1 4
13 28
3 9
2 3
18 28
1 9
2 14
8 26
5 16
20 24
12 19
16 27
12 30
2 25
1 7
3 4
10 11
5 6
19 26
6 21
20 29
7 16
12 16
1 29
16 24
2 26
1 2
8 14
10 12
9 28
14 27
5 25
10 27
9 17
5 22
11 18
17 19
18 24
3 30
2 10
8 17
14 20
10 28
25 28
15 17
6 19
12 15
21 22
2 21
17 30
13 27
3 8
1 8
