30 30 43
13 1 6 26 29 5 7 22 19 16 8 15 27 30 21 10 12 23 4 24 2 20 28 14 25 18 17 9 11 3 
10 20 15 14 3 16 11 9 4 21 25 12 29 5 18 13 6 26 28 2 8 27 19 23 17 1 7 24 22 30 
30 16 6 5 11 18 8 14 15 29 9 21 2 4 20 25 28 12 7 19 17 23 24 13 27 3 26 10 1 22 
25 6 12 5 19 1 23 16 3 2 11 9 28 14 17 22 30 24 15 21 4 13 8 10 20 26 7 18 29 27 
29 6 28 25 1 17 27 15 21 8 10 23 7 16 30 24 18 4 5 20 11 2 19 3 26 14 13 9 12 22 
3 27 29 1 13 17 11 4 28 5 19 15 12 7 9 10 26 8 24 18 6 21 2 25 22 20 14 16 30 23 
4 26 28 25 20 27 16 1 14 5 24 12 6 29 22 8 11 15 7 13 21 18 9 2 23 10 19 3 17 30 
4 13 15 21 26 28 18 16 29 1 9 7 11 3 2 30 14 17 10 20 6 23 25 27 22 19 5 12 24 8 
16 27 3 15 28 1 25 19 18 20 26 5 30 23 14 17 24 8 10 13 29 4 22 12 6 2 21 7 9 11 
26 3 19 20 18 16 22 24 25 15 17 11 1 5 8 6 21 30 14 4 2 13 23 12 29 28 9 27 7 10 
21 8 11 30 9 12 24 29 3 28 10 14 1 13 15 17 5 20 4 27 25 19 16 18 7 6 23 22 2 26 
10 28 6 21 24 27 16 13 5 29 25 9 14 1 26 2 17 22 11 8 18 23 20 4 30 19 15 7 3 12 
1 10 28 27 9 23 24 13 19 16 26 8 5 29 22 30 4 21 17 14 3 18 7 15 11 6 12 20 25 2 
8 6 27 14 9 22 10 29 7 3 26 15 23 20 18 24 16 19 17 28 25 11 21 12 1 2 13 5 30 4 
15 20 27 30 13 10 17 3 29 6 5 12 9 1 11 26 28 2 18 23 4 19 21 22 8 24 25 16 14 7 
29 6 8 14 17 13 3 7 19 20 23 5 10 15 1 9 21 12 24 22 2 4 26 27 11 30 16 25 28 18 
30 13 15 26 8 16 20 24 10 25 2 22 28 29 17 19 3 4 18 27 11 1 5 9 7 6 23 21 12 14 
10 24 3 7 8 20 19 23 30 18 17 4 1 25 28 6 12 14 9 2 13 22 11 29 5 21 15 16 26 27 
24 9 10 20 14 2 26 12 28 1 4 13 18 17 3 30 16 7 29 11 15 19 25 27 5 6 22 23 21 8 
25 12 20 24 15 14 13 16 3 17 5 10 1 18 4 22 11 21 27 19 7 8 30 2 6 28 23 29 9 26 
2 1 20 18 25 16 9 23 10 29 24 14 17 15 3 30 27 22 26 8 21 4 6 28 7 13 11 5 12 19 
18 16 8 9 26 7 28 23 10 14 15 25 19 22 3 2 4 5 20 13 6 24 17 30 27 11 29 12 21 1 
26 18 17 5 3 1 16 6 14 7 10 2 12 13 22 4 27 25 20 28 23 30 11 19 29 24 9 21 15 8 
18 9 17 26 15 27 30 21 5 29 19 12 28 24 13 11 25 10 8 3 7 2 4 6 20 16 1 14 22 23 
11 16 26 21 17 6 29 25 13 14 9 27 18 24 20 4 30 8 15 10 19 3 7 1 23 2 5 22 12 28 
26 21 5 10 23 15 19 28 17 16 7 30 13 20 2 27 8 25 4 29 3 18 22 14 12 24 1 9 6 11 
12 22 1 5 8 2 13 11 6 25 16 3 20 4 27 24 14 23 30 18 10 29 21 19 28 7 17 15 26 9 
21 29 27 13 19 10 5 17 1 11 15 2 16 24 3 9 12 7 26 23 30 6 8 28 4 22 25 20 14 18 
6 17 8 19 10 14 22 23 5 16 24 21 11 9 3 27 15 13 25 28 30 29 20 1 4 7 12 26 2 18 
8 25 22 6 4 7 27 18 30 9 29 10 13 3 5 19 2 11 24 26 21 20 15 14 23 28 1 17 16 12 
14 17
3 25
10 11
7 21
1 3
4 8
17 29
6 21
20 29
2 22
19 22
13 30
7 11
12 20
22 27
1 14
8 10
15 18
4 24
16 25
13 20
10 22
14 23
14 28
7 14
3 23
12 25
8 30
9 16
18 28
3 26
6 27
7 26
18 25
8 22
2 11
9 23
16 27
20 28
5 20
27 30
17 26
11 15
