30 30 87
26 6 22 7 2 19 27 14 24 28 4 23 13 25 12 30 1 21 3 9 5 15 29 20 11 8 10 16 18 17 
16 14 27 5 28 26 30 11 1 18 21 29 10 8 6 2 12 7 4 23 15 19 22 25 17 9 13 3 24 20 
20 9 27 25 7 6 3 15 1 19 22 2 21 23 5 4 10 16 30 8 28 11 12 24 29 14 17 13 26 18 
25 10 17 11 29 26 5 20 9 13 1 15 16 6 24 12 21 28 2 18 22 19 7 27 4 3 30 14 8 23 
2 29 3 7 23 18 6 21 5 10 14 19 12 22 16 8 1 26 15 17 13 20 25 9 4 11 27 24 28 30 
29 15 25 12 21 4 30 1 14 10 20 26 24 22 27 16 19 3 28 5 8 7 9 13 18 6 17 2 23 11 
8 29 16 22 11 24 6 21 30 10 25 20 3 2 26 5 4 7 12 15 1 17 18 27 23 9 13 19 28 14 
15 26 25 3 16 9 28 20 4 18 8 1 5 19 23 10 21 12 7 30 14 24 27 6 17 13 2 29 22 11 
29 5 21 4 6 1 14 11 15 3 12 23 10 24 27 28 22 13 30 26 9 16 19 20 17 7 25 2 18 8 
25 12 2 22 23 29 5 18 10 4 19 11 13 9 24 7 26 20 6 27 15 30 16 8 17 21 3 1 14 28 
20 23 26 28 29 14 10 12 24 22 30 11 5 25 13 27 16 9 1 6 2 3 18 15 8 7 4 17 19 21 
16 4 14 6 17 2 23 9 21 19 30 10 7 22 1 15 20 28 8 25 27 11 24 26 3 29 12 18 13 5 
11 25 26 27 29 6 16 24 19 15 7 14 20 12 1 22 21 30 2 13 23 17 4 9 3 28 10 8 18 5 
12 10 6 4 13 21 18 11 27 30 26 1 7 22 17 24 3 20 28 5 16 8 2 19 23 9 25 14 29 15 
8 27 7 15 17 28 23 10 11 6 29 25 20 26 18 12 5 1 4 16 22 21 3 30 2 9 24 14 13 19 
6 28 24 27 11 2 3 15 16 12 14 20 23 26 21 7 1 13 4 18 25 19 30 9 8 5 22 17 29 10 
10 27 13 22 3 16 24 11 4 9 20 28 25 29 21 26 18 23 14 2 7 19 30 6 1 15 17 8 12 5 
27 12 15 19 22 29 17 26 5 13 25 18 3 28 14 21 30 16 23 10 8 2 1 7 20 24 4 11 9 6 
23 12 30 11 3 20 15 29 14 26 19 8 18 9 10 1 4 7 24 13 16 21 17 27 25 22 2 28 6 5 
4 8 20 5 11 13 22 19 7 12 16 28 10 23 21 6 1 18 26 27 3 2 25 17 29 14 24 30 9 15 
23 13 3 8 12 9 2 18 5 26 27 20 21 7 11 30 4 1 24 29 25 28 19 22 6 15 17 14 16 10 
15 1 21 14 7 25 28 3 17 11 24 19 6 26 27 12 20 4 5 22 23 29 18 30 2 16 10 9 8 13 
7 21 26 18 14 16 3 6 19 22 27 29 2 5 17 25 13 15 28 8 11 20 12 4 30 24 1 23 9 10 
30 29 6 3 10 1 28 21 15 20 19 9 8 17 26 4 24 16 14 12 25 22 5 27 7 13 18 11 23 2 
14 7 26 10 16 17 30 2 23 11 9 5 27 29 4 21 20 24 22 28 13 19 8 18 25 6 3 15 1 12 
29 24 11 6 7 20 21 14 8 18 12 2 10 1 28 27 4 25 23 17 3 5 30 15 26 13 22 9 16 19 
19 6 12 10 24 7 11 15 17 2 1 23 22 18 9 16 27 3 14 21 30 26 20 5 8 25 13 29 4 28 
7 21 28 5 2 25 8 23 29 18 12 16 13 6 14 30 27 17 4 1 15 10 24 19 3 11 26 9 20 22 
19 21 1 8 24 30 11 10 3 23 25 26 2 4 28 13 18 27 16 5 12 6 14 29 17 22 7 20 9 15 
29 17 16 9 22 30 3 13 20 23 2 14 18 6 12 15 7 8 21 19 5 11 28 25 4 26 10 1 24 27 
10 17
6 28
26 28
2 22
18 30
9 21
6 10
7 19
16 22
11 27
7 28
14 24
4 16
19 24
9 16
15 29
6 23
13 23
3 12
18 25
23 28
6 13
5 27
15 16
6 16
22 23
1 26
17 29
3 28
2 12
8 28
5 30
25 30
12 13
7 24
2 23
1 5
3 6
1 10
3 27
8 25
4 28
12 18
16 26
13 19
2 24
3 22
14 25
16 20
10 15
9 29
5 26
19 22
6 17
16 17
3 10
2 13
5 29
20 27
19 21
13 15
2 20
3 9
4 29
24 29
6 8
14 16
21 29
12 19
13 18
1 7
23 27
5 9
4 7
10 11
7 16
1 29
8 14
9 15
10 12
9 17
13 24
19 20
7 9
17 30
1 8
8 27
