30 30 130
22 4 3 1 11 25 28 26 29 6 20 14 9 2 10 19 15 21 13 27 8 16 24 23 18 30 7 12 17 5 
9 10 11 3 29 21 4 20 1 18 8 6 22 17 25 28 24 26 30 5 23 16 27 13 7 15 12 19 2 14 
11 19 5 12 3 28 29 24 25 8 7 20 13 14 4 1 6 15 27 9 30 26 17 21 16 2 22 23 18 10 
12 19 8 28 27 5 16 21 7 10 6 11 3 14 1 18 15 2 29 13 23 9 24 17 25 26 4 20 22 30 
17 27 21 4 18 6 16 22 26 7 28 25 2 20 3 9 13 30 24 23 15 11 19 5 8 29 1 12 10 14 
30 1 17 29 4 7 27 24 6 11 12 22 21 5 19 25 18 10 2 14 3 23 13 20 28 15 26 9 16 8 
11 27 13 17 16 2 10 8 24 26 20 25 18 15 12 28 3 9 1 30 21 29 22 6 7 14 4 23 5 19 
29 11 21 19 28 8 4 3 10 20 16 22 1 25 18 24 26 7 9 17 27 6 12 15 14 2 13 30 5 23 
16 29 15 3 12 25 26 7 10 14 11 18 8 24 21 20 1 9 22 27 6 5 17 19 4 23 2 28 30 13 
12 25 4 9 8 27 5 23 14 13 2 24 26 10 30 6 21 28 19 22 16 17 3 18 20 29 7 1 15 11 
9 14 6 22 5 16 24 7 12 26 3 13 17 2 8 21 20 30 1 4 23 19 27 28 11 18 29 15 25 10 
12 8 11 3 15 23 22 14 26 18 2 16 28 9 13 1 17 20 5 10 24 6 30 25 19 27 7 4 29 21 
10 18 23 16 25 14 28 24 3 17 30 20 29 2 21 7 12 8 26 15 27 1 19 11 13 9 22 6 4 5 
12 5 4 18 26 7 22 6 27 15 28 2 29 3 25 17 30 16 20 11 21 8 23 14 1 13 9 19 24 10 
2 17 29 5 26 25 14 22 21 18 10 7 19 20 12 23 30 16 8 13 9 4 15 27 3 11 6 1 24 28 
18 23 30 22 5 2 19 1 10 13 16 12 28 11 29 9 26 3 25 14 27 24 17 15 20 8 4 6 21 7 
16 19 7 5 9 30 22 10 15 23 4 25 13 21 28 26 11 18 14 3 8 6 20 27 12 24 2 29 17 1 
4 17 12 5 19 11 29 24 7 27 26 6 8 3 9 25 22 28 1 23 20 13 18 30 14 15 21 16 2 10 
16 5 10 11 1 7 13 30 12 24 25 4 2 8 21 23 20 28 17 9 18 15 22 29 26 14 3 19 27 6 
30 22 7 9 17 21 29 3 14 25 1 18 8 10 16 4 2 28 20 27 15 6 23 5 13 26 19 12 24 11 
17 14 25 4 3 2 27 12 1 21 10 28 30 26 16 23 7 24 8 18 20 13 11 6 19 15 22 9 5 29 
30 4 26 13 6 14 9 24 17 22 2 16 7 10 8 3 12 27 19 1 28 23 21 25 15 11 29 18 20 5 
1 18 2 3 25 21 27 5 9 13 26 24 11 28 20 19 12 6 16 4 8 22 30 29 23 17 10 15 14 7 
14 11 30 13 4 22 2 6 3 23 25 20 21 19 26 15 1 12 24 8 17 7 10 5 27 16 9 29 18 28 
14 2 28 13 10 15 1 4 17 26 27 11 16 7 22 18 9 19 29 23 25 8 30 3 5 12 24 21 6 20 
25 19 18 2 3 1 10 28 9 5 27 17 22 4 11 16 13 24 30 8 23 21 7 20 29 12 15 26 14 6 
5 2 7 6 16 25 11 19 13 22 27 12 4 8 1 18 15 30 23 9 26 3 10 14 28 29 24 21 20 17 
7 25 28 20 30 24 15 1 22 12 19 27 9 26 14 8 29 21 18 16 11 23 3 10 2 6 17 5 4 13 
8 5 20 1 23 14 22 26 11 17 4 16 27 2 3 25 24 7 9 18 21 29 13 19 30 12 6 15 28 10 
17 27 1 5 28 20 4 7 15 29 16 13 24 18 19 3 26 6 2 25 21 30 12 23 11 14 9 10 22 8 
10 17
21 28
26 28
1 17
7 25
23 26
8 24
6 7
4 19
9 21
15 30
11 27
13 20
2 27
8 15
2 6
5 11
29 30
3 23
10 13
8 21
5 24
9 16
14 15
6 23
5 21
11 21
7 22
6 26
12 22
17 18
3 12
8 12
9 30
8 18
4 21
19 23
10 29
7 8
1 21
8 9
4 12
9 25
15 26
20 26
10 30
25 30
7 24
16 29
17 24
1 10
14 19
26 30
17 22
22 29
12 29
18 21
17 27
23 24
9 13
3 22
14 25
24 25
5 20
20 28
7 17
16 20
6 27
1 30
18 22
2 8
10 15
5 26
4 22
9 18
7 11
6 17
11 19
1 20
16 17
7 20
12 20
13 25
3 10
2 30
1 14
4 13
4 24
9 24
8 16
5 29
15 22
12 14
21 23
12 25
1 4
18 28
2 14
14 29
9 27
5 16
15 21
7 13
17 21
16 27
12 30
2 25
27 30
3 4
3 25
11 23
11 24
3 14
2 26
9 15
14 27
4 23
10 27
15 18
7 10
7 23
1 24
8 11
23 29
11 12
12 15
21 22
1 27
18 29
8 27
