30 30 174
4 26 24 15 20 14 11 6 10 7 13 19 17 18 30 8 25 5 1 21 3 16 23 28 22 2 29 9 27 12 
8 3 23 9 7 4 20 30 26 29 18 14 5 13 28 12 6 22 2 24 21 19 16 11 25 27 15 10 17 1 
1 29 16 22 12 20 13 30 4 19 3 28 24 27 21 11 17 18 26 14 10 25 5 8 7 6 15 9 2 23 
25 8 9 1 28 12 19 29 5 2 15 22 6 11 24 13 26 4 16 7 3 27 14 21 18 20 23 17 10 30 
18 4 28 15 30 5 22 9 12 20 10 26 21 14 8 2 25 17 13 11 23 6 3 1 27 7 24 19 16 29 
3 20 27 23 17 22 2 29 21 28 16 1 6 10 19 13 9 12 5 11 7 25 18 14 26 30 15 24 4 8 
3 13 8 12 6 7 26 24 10 27 28 29 4 23 2 14 21 11 5 16 15 30 17 19 9 25 22 1 20 18 
22 4 12 16 24 27 28 7 6 2 25 9 20 5 29 17 10 14 1 8 11 23 26 30 15 13 3 19 18 21 
21 23 12 7 5 13 15 20 25 1 26 6 24 3 16 10 22 27 17 9 19 29 11 8 30 18 14 2 28 4 
10 16 17 8 5 2 26 4 1 25 15 30 9 19 23 28 6 13 20 21 24 18 7 29 22 12 27 14 11 3 
25 2 12 15 21 20 6 13 30 9 16 19 8 29 26 11 28 24 10 7 1 14 4 5 22 18 3 23 17 27 
6 19 8 16 17 3 10 21 2 26 5 11 7 13 25 28 12 1 15 9 23 20 30 4 29 24 22 14 18 27 
23 5 18 27 3 7 20 10 15 6 21 26 30 2 19 14 28 29 8 4 12 9 11 24 22 17 1 16 13 25 
11 28 16 4 22 12 19 15 17 29 5 23 2 26 20 25 8 30 1 9 6 14 24 10 18 13 3 27 7 21 
7 25 13 9 15 27 26 21 23 28 4 3 5 24 10 22 12 16 17 30 14 2 6 19 20 1 18 11 29 8 
10 27 13 30 9 22 18 14 7 1 4 12 3 11 19 8 23 5 25 29 26 17 24 15 20 2 28 16 6 21 
25 29 21 19 4 3 24 17 13 30 22 20 16 2 23 9 28 5 1 6 27 18 8 14 7 12 11 10 26 15 
3 5 13 19 2 9 10 29 30 7 6 22 21 4 28 27 23 16 15 20 17 12 24 25 11 1 14 18 26 8 
16 22 20 17 28 14 26 5 21 6 13 19 3 11 29 12 9 4 23 1 25 10 7 27 24 30 15 18 8 2 
27 26 13 4 23 18 21 1 30 3 15 7 22 8 2 28 11 25 5 16 14 17 29 9 19 12 24 20 6 10 
2 8 10 4 16 9 18 29 6 19 14 11 22 26 3 30 12 5 28 23 7 25 15 17 1 24 20 21 13 27 
26 10 13 24 7 12 3 9 23 20 1 8 14 27 6 22 11 28 4 16 5 15 17 29 2 18 19 25 21 30 
26 27 5 21 7 16 20 11 13 9 15 12 4 18 30 28 23 22 19 2 6 14 10 1 25 24 8 3 17 29 
13 9 22 23 27 17 30 11 5 7 15 12 16 29 8 19 18 20 3 2 6 1 4 26 28 21 14 25 24 10 
28 29 9 15 24 11 26 12 7 4 6 30 27 13 5 8 21 16 23 18 19 2 1 14 3 22 25 20 17 10 
20 21 9 14 23 27 25 2 3 17 28 10 8 5 30 13 18 7 24 15 19 11 22 4 1 12 6 29 16 26 
9 17 29 20 8 2 26 28 13 30 15 3 16 23 10 7 21 1 19 6 18 5 14 4 12 24 27 22 11 25 
9 24 19 11 12 5 21 4 28 8 6 18 25 15 2 13 30 10 27 26 17 16 1 22 20 3 23 7 14 29 
13 15 23 12 7 11 26 2 5 14 6 27 22 17 19 25 4 18 8 3 16 29 1 28 30 10 20 9 24 21 
16 9 13 19 6 1 24 8 14 26 21 23 27 17 15 25 18 29 2 10 12 3 22 11 7 20 30 4 5 28 
24 30
10 17
6 28
11 28
7 25
13 17
18 19
3 7
1 11
5 8
24 27
14 18
16 22
7 19
12 17
11 27
12 28
4 10
2 6
3 23
14 24
5 24
10 24
15 29
11 21
10 23
7 22
22 25
3 12
8 12
5 14
9 30
14 21
9 19
15 16
11 16
7 21
22 23
12 27
1 26
22 26
4 12
8 28
3 17
15 26
14 22
25 30
7 15
15 23
21 27
12 13
20 21
26 29
16 29
2 23
1 5
17 24
13 29
3 6
1 10
3 27
4 28
19 28
24 28
14 19
5 17
21 30
1 19
26 30
22 29
12 29
2 24
23 24
9 13
14 25
4 17
19 27
6 20
11 25
22 30
1 3
5 13
4 27
5 26
4 22
19 22
9 18
7 11
6 17
5 23
11 19
1 20
7 20
12 20
1 25
17 28
22 27
3 10
1 14
8 10
4 13
8 29
4 24
8 16
20 27
19 21
11 13
21 26
16 30
12 25
2 20
18 28
1 9
2 14
8 26
9 27
14 16
20 24
21 29
12 19
11 29
17 21
7 30
13 18
12 30
27 30
1 7
23 27
3 4
4 7
3 25
4 18
9 22
24 26
10 21
16 21
6 24
12 16
11 24
7 29
1 2
8 14
18 23
4 9
28 30
2 9
5 12
10 12
9 28
8 20
19 25
10 27
15 18
6 22
7 10
11 18
2 16
1 24
13 24
3 13
4 14
3 30
4 25
8 17
14 20
5 28
4 20
15 17
21 25
7 26
2 21
3 8
8 27
4 30
