30 30 87
8 13 19 29 24 23 2 15 12 14 9 20 17 18 22 10 16 11 5 28 4 26 25 21 6 30 27 3 7 1 
28 2 17 14 20 6 22 1 13 25 12 9 19 27 30 8 15 26 4 7 11 10 21 5 23 3 16 18 29 24 
28 22 5 19 1 21 8 9 10 18 20 27 29 24 23 12 2 6 3 30 16 17 7 14 11 25 13 15 4 26 
1 13 9 10 19 8 11 26 4 27 18 30 29 20 24 21 22 2 23 17 12 28 16 14 25 5 15 6 7 3 
15 23 16 18 6 13 3 20 17 21 7 19 1 9 5 12 10 14 8 29 2 4 24 28 30 25 26 11 27 22 
30 6 29 7 26 24 15 8 10 4 12 14 3 17 16 21 27 9 5 22 28 1 23 20 25 18 13 11 19 2 
1 17 10 13 7 18 6 26 20 14 9 2 3 19 21 23 11 24 16 15 28 25 12 22 29 30 4 8 5 27 
27 10 18 6 2 5 4 22 1 7 13 3 30 28 21 17 16 19 9 20 25 24 15 8 12 29 23 14 11 26 
8 12 17 29 10 28 25 27 4 18 9 11 22 19 6 13 5 15 2 20 3 1 26 7 21 24 14 30 16 23 
23 9 26 11 18 29 22 16 19 10 13 17 7 2 8 21 28 27 14 25 4 12 15 6 3 20 24 1 30 5 
2 20 23 21 22 1 30 27 24 5 15 25 28 13 4 16 14 3 11 29 18 6 26 7 19 17 8 9 10 12 
7 14 11 21 4 15 19 17 6 18 26 16 22 29 24 5 25 2 28 12 13 9 30 23 1 10 8 27 20 3 
4 13 25 2 23 8 7 30 6 29 9 21 19 5 11 27 28 26 22 3 16 24 12 15 20 18 1 10 14 17 
14 3 23 24 1 16 8 10 17 27 26 25 4 12 13 2 11 15 22 20 7 18 6 29 28 30 21 9 19 5 
21 23 16 10 12 6 3 14 13 24 17 2 18 1 26 7 8 22 5 29 25 30 28 4 19 15 27 11 20 9 
22 21 15 10 18 28 11 1 16 30 3 26 7 13 19 20 23 27 5 14 25 8 6 4 24 17 29 12 2 9 
10 14 2 9 21 12 28 1 15 18 8 26 30 19 6 7 29 23 25 11 20 5 3 22 17 24 16 4 13 27 
19 9 21 25 7 23 1 18 29 11 27 6 5 26 17 15 24 4 28 22 8 16 10 12 30 20 2 13 3 14 
2 4 18 10 20 3 12 14 28 30 11 27 1 19 9 15 5 17 7 29 24 8 25 6 22 21 16 13 23 26 
8 10 19 13 12 14 23 4 28 22 21 26 11 15 9 7 2 3 20 1 24 5 18 27 25 30 29 6 16 17 
13 27 25 28 10 8 22 7 9 16 29 4 15 6 26 24 5 30 1 23 12 2 11 14 20 18 3 21 19 17 
1 5 9 20 10 22 11 19 12 21 17 3 8 15 18 14 29 13 7 26 6 4 25 16 30 23 28 27 2 24 
16 30 15 1 11 4 20 23 12 29 2 21 7 24 25 9 28 8 14 5 6 22 26 19 27 3 18 17 13 10 
27 7 20 28 5 15 23 16 14 10 2 18 19 3 25 4 8 22 29 13 26 24 21 6 17 11 9 30 12 1 
21 20 23 7 17 29 30 22 11 6 2 18 25 26 14 12 13 27 3 9 28 5 24 4 10 15 8 1 19 16 
19 22 23 29 21 17 1 9 27 5 7 24 15 3 14 30 13 2 26 10 28 6 16 25 20 4 18 11 12 8 
26 6 12 19 29 17 16 4 2 3 23 30 28 24 5 15 25 9 18 14 11 13 21 20 1 10 7 8 27 22 
13 20 22 24 1 23 29 17 25 11 4 15 5 10 2 6 27 30 19 9 7 26 18 14 12 21 16 28 3 8 
18 19 23 3 14 7 20 21 24 8 25 2 22 16 5 15 28 6 10 13 27 29 12 1 17 26 11 9 4 30 
5 15 16 11 24 18 19 30 27 21 8 9 4 22 25 12 28 6 23 29 10 3 7 1 2 14 13 17 20 26 
9 26
20 25
10 17
1 17
17 20
13 17
23 26
13 30
1 11
18 30
6 7
15 30
20 30
25 26
7 19
1 28
7 28
12 28
18 20
8 15
9 14
4 5
3 23
10 13
10 24
9 16
15 29
12 22
2 28
14 21
4 21
9 19
12 27
1 26
1 15
14 22
5 30
10 30
7 15
26 29
12 24
1 10
6 30
17 22
22 29
17 27
3 5
10 25
20 28
2 29
14 26
5 26
4 22
10 26
7 11
11 19
2 19
17 28
22 27
8 29
3 16
5 29
7 14
1 23
7 27
13 15
2 14
9 27
14 16
16 27
12 30
2 25
1 7
27 30
9 12
6 21
25 27
12 16
10 12
4 23
19 25
2 10
5 15
10 28
11 17
26 27
2 21
