30 30 87
22 26 21 23 9 13 25 5 7 3 4 1 30 6 28 17 19 16 12 29 18 8 20 11 2 10 27 15 14 24 
6 3 8 16 4 30 13 22 15 2 23 7 5 25 9 11 10 21 1 26 19 24 27 28 20 12 18 17 29 14 
6 20 28 23 21 29 10 17 22 15 25 14 19 8 3 27 30 5 24 7 18 9 4 13 1 12 26 2 11 16 
30 29 20 28 21 17 27 25 18 26 15 2 9 12 23 11 7 5 3 19 13 22 4 1 16 6 14 8 10 24 
13 5 10 21 29 7 27 11 23 24 20 22 25 6 17 1 9 19 12 28 2 18 3 30 4 26 14 16 8 15 
25 15 7 3 12 13 17 18 26 23 10 28 19 30 4 14 24 6 5 27 11 1 21 16 22 29 2 9 20 8 
22 2 27 6 29 12 16 5 25 30 4 1 14 11 17 15 21 9 28 24 7 20 10 18 19 23 8 3 26 13 
16 17 29 23 9 3 14 21 25 24 15 22 30 5 6 2 1 8 19 26 27 11 4 18 7 20 13 10 12 28 
21 7 22 17 3 20 6 19 9 1 29 26 13 5 2 10 24 27 4 30 16 23 15 18 8 14 25 11 12 28 
25 3 19 24 17 16 7 2 29 11 8 12 21 4 22 27 14 18 9 23 28 26 13 10 1 20 5 30 15 6 
28 1 21 26 4 14 6 2 9 17 25 29 22 23 12 10 15 16 24 5 18 13 3 11 20 27 30 8 7 19 
20 8 24 22 15 19 18 1 21 26 25 17 11 3 2 30 13 14 27 5 12 7 29 9 28 23 6 4 16 10 
27 6 12 28 30 8 16 17 29 19 15 26 5 10 4 18 1 20 13 22 24 7 14 3 2 23 21 25 9 11 
11 29 19 23 6 14 2 24 13 9 8 25 30 27 7 17 21 18 12 16 4 3 20 26 1 15 5 22 28 10 
29 17 15 20 9 18 28 4 6 23 5 27 8 12 25 19 22 21 26 30 7 14 11 16 13 1 2 24 3 10 
28 25 22 21 12 17 26 20 13 5 2 1 30 11 23 8 7 29 10 4 18 6 3 24 15 16 9 14 19 27 
20 18 22 2 8 5 28 4 1 25 6 15 7 9 24 21 13 19 23 17 11 16 29 30 14 10 12 3 26 27 
25 7 22 1 27 29 19 15 30 12 24 14 21 28 4 13 18 10 6 20 3 17 8 26 23 11 9 5 2 16 
24 13 5 23 3 11 6 10 17 29 30 12 14 26 25 16 8 21 9 7 27 18 1 4 22 28 19 15 20 2 
5 10 3 7 13 27 29 16 8 4 19 6 9 25 17 18 22 21 23 20 12 26 11 14 30 2 28 1 15 24 
9 3 23 14 17 12 29 27 20 19 6 5 18 8 2 1 16 7 15 24 26 10 25 30 4 21 22 13 28 11 
12 20 13 11 18 23 25 2 1 22 9 8 7 15 27 26 4 17 3 24 5 16 29 30 28 10 14 6 19 21 
19 7 11 27 10 25 26 23 5 1 9 16 15 12 17 20 14 4 24 18 13 6 28 3 21 8 30 29 22 2 
30 17 12 18 9 22 29 14 2 25 5 27 20 7 28 10 3 19 21 1 24 8 6 23 13 26 16 11 4 15 
4 11 22 12 21 15 17 24 28 2 14 5 16 6 18 25 8 30 23 1 27 7 9 19 26 10 3 29 20 13 
7 4 15 17 9 20 22 5 11 26 19 18 16 27 1 24 8 28 3 13 14 10 30 21 23 2 29 25 6 12 
20 17 3 4 9 24 29 14 16 18 10 7 15 28 1 27 21 26 8 12 30 25 11 23 22 19 13 6 2 5 
13 14 17 30 20 24 7 4 2 26 15 12 3 16 1 22 5 8 6 28 21 25 11 23 27 29 9 19 18 10 
15 16 23 22 27 28 1 24 11 18 30 25 17 2 4 14 26 9 6 8 3 19 10 13 7 20 21 29 5 12 
9 7 25 11 18 24 2 29 27 26 30 14 20 4 12 15 16 19 21 28 3 1 23 13 22 10 8 5 6 17 
17 20
13 30
18 30
6 10
5 18
14 18
10 18
1 28
2 27
4 5
8 21
14 24
9 16
6 23
6 26
22 25
1 12
8 12
3 18
2 18
1 15
6 14
20 26
25 30
15 23
1 16
16 29
13 29
1 10
6 30
21 30
16 26
13 19
23 24
4 11
3 5
8 22
20 28
7 17
12 23
11 25
13 22
2 29
8 13
9 29
8 19
19 22
10 26
9 18
2 19
17 28
13 25
2 30
4 13
9 11
5 29
7 14
6 18
12 14
7 27
13 15
1 4
3 26
9 27
24 29
14 16
16 27
13 18
4 18
19 26
24 26
12 16
3 14
23 30
28 30
2 9
11 18
2 16
22 24
13 24
4 25
8 17
25 28
7 26
13 14
1 8
19 30
