30 30 43
10 11 9 30 12 17 24 27 14 13 28 1 3 29 5 8 2 4 25 7 19 16 15 23 21 22 18 20 26 6 
4 28 24 15 30 9 18 16 8 13 25 5 20 22 26 12 17 6 29 10 1 23 2 27 3 14 21 7 11 19 
26 13 10 30 3 16 4 24 7 23 2 28 6 8 12 22 18 11 21 15 29 14 9 1 17 20 19 5 25 27 
25 10 6 13 22 9 28 29 4 23 11 21 14 24 19 2 30 26 12 18 5 20 3 15 27 1 8 7 17 16 
11 2 25 27 30 16 10 26 12 23 3 17 8 15 7 20 18 14 1 6 4 24 19 13 21 22 29 28 5 9 
24 19 29 16 13 6 22 26 3 8 25 11 15 28 12 1 20 23 14 17 7 27 9 18 30 10 5 2 4 21 
10 30 3 27 28 20 9 12 1 2 5 8 7 11 14 19 29 25 6 22 15 24 17 21 13 16 23 4 18 26 
29 14 30 21 12 15 10 11 23 17 22 18 5 13 26 20 25 6 9 28 4 1 27 3 2 16 8 24 7 19 
22 3 1 24 29 7 17 25 4 14 13 6 19 8 10 27 30 21 23 2 16 20 15 28 9 11 12 18 5 26 
15 20 11 19 7 23 13 30 8 6 28 26 29 5 21 14 10 17 1 27 2 24 25 18 9 4 16 22 12 3 
15 25 30 18 21 28 14 2 11 17 22 7 3 20 23 16 1 5 4 12 27 19 26 13 9 10 29 6 24 8 
17 20 4 25 10 22 2 7 18 19 8 12 11 3 30 13 29 26 23 16 27 15 5 6 14 9 24 21 28 1 
28 25 29 16 18 5 14 4 7 21 1 10 9 30 22 3 19 15 24 12 2 8 11 13 27 23 6 20 17 26 
24 20 9 2 25 23 17 7 22 6 19 26 13 21 16 5 29 10 27 12 15 8 18 3 1 28 11 30 14 4 
30 16 3 13 14 25 22 15 8 11 26 5 18 2 19 10 7 23 12 9 6 1 28 17 21 24 29 4 20 27 
7 2 10 4 18 8 5 28 9 17 20 15 30 23 12 22 6 13 16 26 27 29 21 11 24 14 3 1 19 25 
14 8 28 9 17 22 3 30 16 6 10 1 13 27 15 20 23 7 4 11 12 5 26 25 29 21 24 19 18 2 
22 24 18 6 10 29 16 15 2 9 23 4 25 13 1 20 28 7 26 30 3 12 8 21 17 19 27 5 14 11 
22 27 5 17 9 2 30 10 18 12 19 11 1 14 26 7 24 6 8 13 29 16 28 3 15 21 20 23 4 25 
12 26 28 4 3 10 29 21 17 16 5 24 8 14 1 30 20 23 7 22 25 11 13 27 6 18 15 2 19 9 
13 23 11 2 6 10 25 17 1 7 20 14 15 8 26 24 22 19 5 4 12 18 9 27 28 29 21 3 16 30 
26 30 8 25 20 14 7 1 9 23 10 19 18 27 22 3 15 24 17 2 5 16 4 28 13 11 29 6 21 12 
26 27 15 11 21 2 24 1 6 16 28 13 18 8 12 23 10 29 17 20 22 9 19 3 7 30 4 5 14 25 
6 23 4 14 18 1 20 26 28 11 19 7 17 27 30 5 29 10 24 2 16 15 8 12 13 9 21 22 3 25 
27 14 1 17 5 29 2 15 3 8 7 9 21 12 6 19 11 30 25 4 28 23 26 20 22 16 24 10 18 13 
27 26 30 9 4 28 25 3 29 11 2 13 21 6 23 5 22 17 7 12 20 19 8 10 16 18 1 14 15 24 
27 26 23 20 25 29 30 8 11 17 10 13 22 3 28 24 4 19 18 6 5 14 7 21 2 9 12 16 1 15 
23 3 6 17 26 21 8 7 28 30 1 13 25 29 22 9 27 16 15 2 12 18 20 24 10 11 19 4 5 14 
16 10 12 20 27 22 9 5 7 18 15 29 25 6 4 2 13 23 14 3 26 1 17 19 11 8 30 21 28 24 
14 5 9 16 1 28 30 10 13 22 8 26 24 6 12 15 3 17 18 29 11 23 20 25 4 27 7 21 2 19 
4 27
1 6
16 21
4 22
13 30
6 17
13 21
8 14
20 26
9 21
10 12
6 25
9 11
15 18
11 18
10 22
18 20
7 23
23 25
14 28
2 6
9 14
15 25
14 19
10 19
3 30
6 30
1 4
16 23
14 15
13 19
25 28
17 18
8 12
8 22
14 25
13 27
24 25
4 26
17 21
13 18
5 27
9 19
