30 30 217
24 2 19 18 30 23 22 20 28 14 21 13 4 6 26 16 8 10 17 7 9 27 15 12 3 25 5 11 1 29 
28 7 19 17 26 20 14 11 13 4 15 21 24 22 10 9 27 3 5 8 18 1 30 23 25 12 29 2 6 16 
25 28 3 27 17 1 20 24 5 21 30 29 16 12 4 11 10 14 9 23 2 13 22 18 19 6 26 8 15 7 
14 17 4 21 8 26 25 11 28 29 2 3 15 20 12 5 24 27 10 23 22 16 1 30 18 13 7 6 9 19 
21 1 17 24 15 11 23 20 16 7 8 30 4 13 26 28 22 29 9 19 18 10 25 3 6 12 2 5 27 14 
8 19 27 17 10 11 30 28 22 20 23 3 4 29 15 1 26 25 7 12 6 13 18 21 9 24 2 14 16 5 
21 13 4 20 27 8 14 18 28 2 22 10 30 12 29 16 17 5 3 25 15 7 6 1 26 23 11 24 19 9 
3 27 4 15 24 20 12 6 7 11 5 9 28 14 13 26 22 25 1 16 2 8 29 19 10 21 30 17 18 23 
15 19 27 10 24 2 14 6 3 5 30 11 25 29 28 8 9 17 26 1 21 7 22 23 20 12 18 16 13 4 
9 1 10 29 30 28 20 13 17 11 12 16 8 15 4 14 26 7 5 2 3 23 24 18 22 6 19 25 27 21 
1 5 10 15 30 21 8 2 27 17 23 26 13 11 29 12 18 6 25 3 24 22 9 14 19 28 20 4 7 16 
21 8 25 14 5 2 30 17 9 15 11 27 1 29 16 18 7 26 10 28 12 4 22 20 19 23 6 24 13 3 
4 3 22 27 2 13 15 6 11 25 12 20 5 14 21 29 24 16 17 8 9 23 26 1 30 18 7 19 10 28 
18 27 10 29 28 15 3 19 17 13 25 12 22 2 26 7 30 8 11 21 9 24 16 6 20 5 1 14 4 23 
1 5 18 15 28 14 23 20 19 27 30 4 26 21 22 6 24 11 9 2 7 12 16 13 25 3 8 29 10 17 
6 7 30 20 11 23 13 22 24 17 26 12 29 27 9 25 16 28 18 5 3 1 10 15 19 4 8 21 2 14 
4 28 21 22 13 15 17 16 29 24 2 8 7 11 10 30 19 6 26 9 5 25 1 20 18 14 3 12 27 23 
7 25 1 28 10 8 4 30 9 24 11 2 27 23 5 19 22 3 18 21 16 14 12 29 26 13 15 6 17 20 
15 7 26 21 23 29 22 27 20 16 10 1 14 2 24 6 13 12 18 9 28 4 5 17 3 11 25 30 8 19 
26 4 10 12 6 16 30 9 23 11 25 29 2 22 7 17 28 20 21 1 5 18 19 14 24 8 3 13 27 15 
3 11 26 9 14 22 17 18 5 4 29 1 6 2 28 12 15 24 25 21 7 19 23 30 20 16 8 10 27 13 
5 10 28 22 2 26 9 14 24 18 11 21 4 20 27 25 7 12 30 8 19 23 6 3 1 15 17 13 16 29 
11 16 4 1 27 25 30 18 17 7 9 21 23 12 19 3 29 28 22 6 24 20 14 5 10 13 26 2 8 15 
5 7 13 8 16 18 1 12 15 17 27 9 24 14 25 30 3 26 4 29 19 21 10 6 11 23 28 2 22 20 
18 7 19 3 1 27 28 22 12 2 26 10 20 13 30 17 6 24 5 11 16 8 15 29 14 4 23 21 9 25 
14 3 12 20 9 24 8 26 22 29 2 4 18 6 21 25 15 30 7 16 17 1 13 10 27 11 28 23 19 5 
26 7 20 27 14 18 2 30 16 8 22 6 23 3 17 5 13 25 29 4 11 24 12 9 15 19 28 10 1 21 
12 19 1 9 11 21 7 2 22 29 30 4 25 5 16 24 18 17 13 15 3 27 26 8 23 28 6 14 10 20 
22 4 19 25 24 11 1 18 20 12 7 13 10 23 8 9 15 26 28 3 29 6 27 2 16 21 17 30 5 14 
23 5 12 26 19 17 24 22 16 27 2 29 25 18 14 1 4 8 11 15 30 3 10 20 6 9 28 21 7 13 
15 27
20 25
10 17
11 28
26 28
1 17
13 17
2 22
1 6
17 25
23 26
13 30
3 7
1 11
5 8
4 19
19 29
6 10
20 30
11 22
25 26
6 25
12 17
11 27
1 28
7 28
13 20
12 28
27 28
2 27
8 15
4 10
2 6
4 5
8 21
4 16
10 24
15 29
5 21
10 23
7 22
6 26
13 23
3 12
18 25
23 28
4 15
4 26
3 18
8 18
14 21
5 27
9 19
11 16
1 21
12 27
2 18
22 26
13 26
3 11
18 26
1 15
2 12
8 28
3 17
9 25
20 26
10 30
25 30
15 23
7 15
12 13
1 16
12 24
1 5
17 24
8 25
4 28
19 28
24 28
15 25
5 17
10 19
6 30
26 30
17 22
16 26
22 29
12 29
4 11
3 5
9 13
19 27
10 25
15 28
6 20
20 28
11 20
7 17
16 20
12 23
11 25
1 30
22 30
13 22
2 29
2 8
10 15
8 19
5 26
19 22
9 18
15 19
7 11
11 19
1 20
7 20
12 20
2 19
1 25
1 14
8 10
4 13
2 13
9 11
8 29
4 24
9 24
8 16
6 15
5 29
11 13
25 29
7 14
20 22
1 23
16 30
21 23
2 3
18 28
3 26
2 14
9 27
24 29
14 16
20 24
10 16
7 13
21 29
12 19
1 18
7 30
13 18
12 30
2 25
1 7
17 26
23 27
3 4
2 4
9 12
4 7
3 25
8 23
14 30
5 6
9 22
6 21
20 29
11 23
10 21
12 16
11 24
1 29
3 14
27 29
1 2
8 14
2 26
4 9
28 30
2 9
5 12
10 12
9 28
8 20
5 25
4 23
19 25
6 22
11 18
10 22
16 18
3 13
1 13
8 11
4 14
3 30
8 30
4 25
6 12
14 20
4 20
11 12
10 28
19 20
12 15
20 23
7 26
13 14
2 21
1 27
17 30
1 8
18 29
3 29
2 15
