30 30 174
15 28 27 10 8 29 4 21 20 30 7 22 3 26 16 2 25 6 18 1 11 13 17 5 14 19 12 23 9 24 
3 28 19 1 10 20 7 26 5 22 4 15 2 11 29 14 23 18 6 12 24 13 17 8 30 16 9 21 25 27 
24 14 26 25 22 20 8 5 10 9 27 15 21 28 18 19 23 16 3 4 29 2 30 6 7 12 1 17 11 13 
23 11 18 30 25 28 13 20 6 16 4 26 12 17 2 8 22 7 10 9 5 14 15 24 21 19 29 27 1 3 
4 9 24 10 26 1 20 2 6 25 17 11 22 23 19 27 5 18 14 15 12 7 8 3 21 16 29 28 13 30 
19 29 23 15 11 21 2 10 5 18 7 24 8 17 25 22 14 28 9 12 6 26 13 16 4 1 20 3 30 27 
20 2 6 15 30 1 4 5 23 26 13 3 7 29 28 16 17 27 19 25 9 24 10 11 14 22 8 18 12 21 
17 19 9 13 5 4 8 16 26 23 15 18 29 30 20 2 11 7 6 3 22 21 10 28 25 27 24 14 12 1 
29 10 6 12 28 16 23 17 20 25 22 4 30 7 15 3 2 11 8 27 21 18 5 13 9 1 24 26 14 19 
22 10 25 3 11 20 30 23 26 17 21 6 14 8 29 15 19 18 7 9 12 5 13 24 1 27 28 2 4 16 
19 16 21 12 7 4 5 27 22 25 30 15 20 3 11 17 26 23 8 28 1 24 2 9 6 13 14 10 18 29 
4 9 1 5 7 12 11 17 8 29 15 6 28 27 20 25 16 10 26 21 23 2 14 18 3 13 22 24 30 19 
16 9 19 6 29 17 1 13 8 4 22 11 7 30 18 23 2 20 15 21 24 25 5 3 12 10 27 26 28 14 
21 15 17 2 28 7 19 26 4 9 24 30 11 5 12 16 25 1 23 8 6 13 18 10 3 14 29 27 22 20 
25 27 4 22 8 6 12 14 20 19 24 17 16 1 9 3 2 13 28 23 5 11 21 18 30 26 7 10 29 15 
20 4 9 26 13 6 3 8 28 2 16 15 29 17 11 21 7 10 22 24 19 30 27 23 18 14 1 12 5 25 
13 21 28 29 16 18 27 11 26 8 14 20 3 5 17 1 23 24 4 30 6 12 9 19 25 10 7 2 15 22 
30 9 23 3 26 20 11 5 28 29 13 25 21 12 2 1 15 4 24 17 8 6 7 22 16 19 27 10 18 14 
17 10 9 11 23 19 27 22 2 26 14 16 1 25 13 4 21 30 28 3 15 7 12 8 24 20 5 18 6 29 
3 18 22 7 16 30 15 14 13 27 10 19 8 11 20 1 24 6 23 21 4 5 2 26 9 29 28 17 25 12 
14 24 23 18 21 15 22 4 11 3 7 28 20 26 6 1 25 10 30 13 5 16 12 2 9 29 27 8 17 19 
27 28 25 29 2 11 4 1 8 22 26 6 7 3 16 20 9 5 17 18 23 12 14 21 24 10 19 13 30 15 
4 27 8 11 14 13 1 5 10 19 17 30 23 20 22 28 18 9 16 12 2 3 21 25 29 7 6 26 24 15 
1 25 10 8 17 12 22 26 9 29 4 5 15 7 11 28 21 19 18 23 6 2 27 30 14 3 20 16 13 24 
12 6 20 9 23 29 3 1 27 30 14 24 13 25 21 19 15 18 10 17 22 7 28 5 2 11 16 26 4 8 
19 7 21 23 24 6 26 15 29 16 4 8 13 30 1 20 28 17 11 5 12 25 2 18 9 22 10 14 3 27 
14 1 28 22 24 30 12 19 10 8 9 18 25 3 2 26 6 17 13 11 27 7 4 20 16 21 5 29 23 15 
16 11 13 17 5 10 24 4 22 28 12 19 21 14 2 8 27 23 20 9 1 6 7 15 25 26 29 18 30 3 
28 19 2 23 22 13 16 10 25 12 27 7 30 24 8 4 3 5 11 1 21 18 17 20 9 26 14 29 6 15 
10 17 7 8 12 22 9 13 3 15 25 28 14 29 24 2 27 21 4 1 26 11 20 23 30 16 5 19 18 6 
26 28
1 6
18 19
23 26
17 25
13 30
3 7
5 8
3 24
15 30
6 10
5 18
11 22
25 26
7 19
1 28
16 25
22 28
27 28
9 14
29 30
3 23
4 16
6 23
10 23
12 22
2 17
22 25
1 12
23 28
4 15
2 11
4 26
3 18
10 14
8 18
4 21
11 15
6 16
1 21
12 27
1 26
17 29
13 26
18 26
8 28
3 17
14 22
20 26
10 30
15 23
12 13
26 29
7 24
16 29
13 16
12 24
2 23
3 6
3 27
14 28
15 25
5 17
10 19
16 23
17 22
16 26
18 21
23 24
4 11
2 7
5 10
4 6
3 22
8 22
14 25
5 7
4 17
6 20
7 17
6 27
12 23
11 25
22 30
1 3
4 8
10 15
4 22
11 14
10 26
9 18
1 20
7 20
2 19
17 28
3 10
1 14
8 10
18 27
9 11
8 29
3 16
9 24
5 29
19 21
7 14
21 26
12 14
16 30
7 27
13 15
1 4
13 28
3 9
2 3
18 28
14 29
24 29
6 8
15 21
12 19
11 29
16 27
7 30
23 27
2 4
9 12
4 7
5 6
4 18
19 26
24 26
6 21
20 29
11 23
16 21
6 24
12 16
11 24
16 24
7 29
3 14
27 29
28 30
9 28
8 20
5 25
4 23
7 10
6 22
11 18
10 22
7 23
2 16
17 19
3 13
1 13
3 30
9 10
8 30
5 28
4 20
11 12
19 20
10 28
7 9
6 19
21 25
11 17
12 26
1 27
13 27
1 8
18 29
