30 30 130
22 5 10 16 1 8 29 25 24 7 3 19 23 13 14 12 18 4 28 9 26 21 6 20 27 17 2 30 11 15 
25 13 28 11 10 21 24 22 16 9 7 12 1 3 6 30 29 27 4 15 20 17 2 14 26 23 8 19 5 18 
2 12 19 16 27 7 24 18 6 5 20 1 3 8 11 26 15 23 10 25 29 4 13 21 14 30 9 28 17 22 
21 5 27 3 18 22 29 15 9 20 4 7 16 1 6 8 17 14 25 24 12 23 10 30 11 19 13 26 2 28 
5 10 4 11 14 22 3 29 24 7 20 13 15 16 1 8 6 28 21 2 25 26 27 23 9 19 17 30 18 12 
17 20 28 4 2 5 11 19 6 24 23 8 7 14 15 1 25 30 12 16 22 10 27 9 26 21 29 18 3 13 
4 12 10 21 7 11 2 15 28 8 16 19 1 3 24 27 13 25 22 26 9 6 20 18 23 29 30 14 17 5 
2 28 19 11 17 15 9 21 10 18 24 22 29 5 25 26 20 14 30 23 1 16 6 13 12 3 7 4 27 8 
12 26 7 29 17 6 19 5 23 13 27 20 10 24 3 1 16 9 4 2 15 28 8 11 21 22 14 25 18 30 
29 14 19 16 9 27 6 25 5 21 15 2 12 22 8 17 1 30 23 13 10 4 7 18 3 28 26 20 24 11 
28 16 3 27 8 6 9 26 5 11 1 30 4 12 7 21 13 23 17 2 10 14 22 19 15 24 20 25 18 29 
6 21 19 16 4 20 23 30 22 13 9 24 29 15 11 10 3 2 1 14 27 28 25 18 12 17 26 5 7 8 
21 19 16 13 4 25 26 7 3 11 15 17 24 10 6 29 1 18 12 14 28 30 22 20 23 9 5 2 27 8 
18 11 3 27 14 30 9 25 28 16 24 4 6 29 15 19 26 23 2 17 13 12 5 10 20 21 22 8 1 7 
22 20 24 12 10 9 4 14 28 3 15 5 17 26 18 6 29 19 23 16 25 2 13 30 7 1 27 21 11 8 
10 16 18 12 20 11 9 14 15 29 27 17 2 4 28 7 19 5 21 24 1 6 26 25 30 23 8 22 13 3 
28 13 25 12 15 14 6 16 30 5 1 29 7 20 3 4 9 18 17 8 2 23 10 24 21 11 22 27 19 26 
16 4 27 1 11 7 5 15 30 8 13 29 10 9 24 19 22 3 12 17 26 6 14 23 21 2 20 28 25 18 
6 15 24 19 18 29 14 27 3 5 20 10 21 17 9 1 30 25 23 4 22 13 2 7 11 16 26 12 8 28 
18 11 12 28 24 7 3 5 22 8 6 2 19 30 27 21 29 23 14 25 20 26 4 10 17 15 9 1 16 13 
13 27 26 8 7 6 18 11 16 28 2 21 4 29 17 10 25 19 5 22 14 3 23 20 24 15 12 30 9 1 
13 16 19 3 28 4 5 15 24 18 23 7 11 25 30 22 27 20 17 21 8 1 10 29 12 2 9 6 26 14 
23 14 16 27 8 5 30 4 24 15 2 12 3 13 29 20 9 7 6 17 1 26 11 28 21 18 22 19 25 10 
3 30 1 21 15 14 11 23 22 19 27 18 4 9 25 24 7 10 13 16 8 6 2 26 17 29 20 28 5 12 
13 22 20 29 17 12 5 21 1 2 11 14 7 3 28 19 26 10 6 8 15 25 4 23 27 30 16 24 18 9 
26 3 15 14 19 21 22 4 23 5 30 18 29 13 6 12 1 16 25 20 7 8 28 2 27 17 10 9 24 11 
26 25 11 27 21 16 10 20 17 3 29 12 5 1 15 8 4 28 9 23 18 22 6 19 7 13 2 30 24 14 
29 9 15 14 2 30 17 22 12 10 19 11 23 26 1 5 16 3 8 28 6 27 24 25 18 4 21 13 20 7 
14 21 29 9 18 27 19 24 8 26 22 3 12 13 10 5 23 1 4 17 6 2 15 16 25 30 28 11 7 20 
4 3 14 25 9 26 12 28 7 30 11 10 22 8 15 13 19 16 24 27 2 6 18 29 21 20 5 17 23 1 
14 17
10 17
21 28
13 17
18 19
17 25
2 5
1 11
5 8
4 19
15 30
6 10
5 18
10 18
7 19
6 25
12 28
2 27
4 10
5 11
4 5
3 23
5 24
10 24
10 23
22 25
3 18
10 14
8 18
19 23
15 16
11 16
7 21
12 27
2 18
22 26
13 26
3 11
1 15
8 28
3 17
9 25
15 23
21 27
26 29
1 16
16 29
1 5
19 28
24 28
15 25
10 19
16 23
17 22
17 27
4 11
2 7
9 13
14 25
4 17
24 25
20 28
7 17
4 8
28 29
9 29
8 19
5 26
11 14
10 26
15 19
5 23
7 20
16 17
2 19
1 25
17 28
22 27
3 10
2 30
3 16
20 27
11 13
19 21
7 14
6 18
21 26
12 14
1 4
3 9
18 28
15 24
20 24
11 29
2 25
17 26
10 11
14 30
4 18
5 19
10 21
1 29
18 23
4 9
28 30
2 9
3 20
10 12
19 25
9 17
5 22
7 23
17 19
3 13
8 11
23 29
4 14
3 30
8 17
4 20
19 20
11 12
10 28
12 15
13 14
21 22
2 21
13 27
8 27
4 30
