30 30 174
4 19 30 16 8 14 15 22 29 26 7 17 11 12 20 21 10 24 2 25 23 27 9 3 6 18 1 5 28 13 
10 19 8 7 15 28 27 21 12 18 14 16 3 9 4 23 22 13 30 25 11 24 17 1 2 29 26 5 6 20 
16 11 19 13 28 3 20 29 8 27 5 9 4 12 17 6 30 18 25 10 26 21 2 1 22 7 24 23 15 14 
28 12 24 7 18 3 14 1 19 5 25 29 17 10 4 27 8 21 26 13 20 11 6 9 23 22 30 15 16 2 
24 22 2 8 17 4 12 6 7 28 26 20 25 14 27 23 30 29 18 15 3 16 5 21 13 1 10 9 11 19 
12 1 8 28 17 10 26 16 29 5 25 4 15 22 18 27 3 6 20 23 19 13 11 7 21 14 2 9 30 24 
28 10 9 24 19 12 25 17 23 14 27 30 8 20 4 11 13 26 7 5 2 3 18 22 16 15 6 1 29 21 
16 7 1 18 24 5 26 10 3 19 2 29 15 6 13 21 30 14 27 9 4 11 28 17 25 23 12 20 22 8 
20 15 8 16 17 13 22 24 29 30 23 2 19 5 21 25 1 26 9 18 10 3 28 27 6 12 14 11 4 7 
16 2 14 23 30 28 15 10 21 4 20 1 6 8 3 25 7 9 18 5 13 24 19 27 26 22 17 12 29 11 
12 4 11 25 13 1 24 10 18 8 16 5 14 27 9 19 21 28 17 20 2 3 30 22 6 26 7 29 15 23 
14 22 26 6 20 18 13 8 11 16 12 29 1 3 5 15 24 2 25 19 27 9 23 21 30 17 4 10 7 28 
28 13 27 14 1 30 4 29 20 23 25 11 6 21 12 15 26 9 3 24 5 22 2 18 17 7 10 19 16 8 
20 24 10 11 22 18 27 7 8 23 21 30 13 26 14 29 28 25 2 16 4 17 6 1 19 12 3 15 5 9 
4 13 5 3 26 24 1 10 21 28 29 12 30 18 9 23 16 19 27 6 15 20 8 17 11 7 2 22 14 25 
9 24 10 25 22 16 1 18 7 3 2 21 6 19 27 12 14 4 13 5 20 30 11 23 26 28 8 15 17 29 
11 25 2 22 18 9 10 24 28 20 17 6 1 15 16 21 12 27 7 29 26 14 4 19 23 5 13 3 30 8 
20 13 18 17 23 19 3 29 1 25 22 2 24 4 9 30 10 28 6 16 27 11 15 5 21 26 8 7 12 14 
18 2 28 9 6 13 29 27 24 26 12 14 8 20 5 25 15 4 10 16 22 21 30 11 17 3 23 19 7 1 
4 13 15 7 11 29 30 25 23 1 14 18 20 3 24 21 22 16 2 8 19 17 5 27 28 10 9 26 6 12 
16 11 29 7 22 23 9 19 3 12 24 2 1 5 10 15 17 8 30 18 25 26 27 6 4 14 28 13 21 20 
20 8 7 1 12 27 13 21 29 11 6 30 28 26 9 16 25 14 4 22 24 23 17 5 18 10 3 15 2 19 
22 29 1 12 4 3 13 16 8 2 20 30 11 24 25 26 21 19 15 9 7 23 27 17 18 5 28 6 14 10 
9 8 15 10 27 7 14 20 26 16 18 24 30 23 12 4 19 2 5 3 13 25 6 17 29 28 1 22 21 11 
10 1 24 29 28 17 25 8 21 3 14 4 19 26 20 12 5 18 13 22 23 9 7 6 27 2 30 11 16 15 
8 26 9 6 28 30 21 19 16 15 1 4 24 20 25 10 14 3 5 18 17 7 27 11 12 13 29 22 2 23 
16 25 17 23 30 22 18 11 28 8 6 24 5 21 19 27 9 3 14 15 26 12 29 1 10 13 4 2 20 7 
24 22 2 18 15 30 11 8 5 10 25 9 13 16 19 14 29 20 27 3 21 6 12 23 28 7 17 26 1 4 
9 2 27 22 6 10 18 13 20 12 28 1 5 4 25 29 19 16 7 8 24 15 3 26 21 30 14 11 23 17 
27 6 18 26 10 14 24 5 25 28 21 8 12 4 17 3 7 16 2 22 15 29 13 9 20 11 23 19 1 30 
9 26
24 30
6 9
10 17
7 12
6 28
21 28
15 20
11 28
1 17
26 28
16 28
7 25
13 17
17 20
2 22
17 25
2 5
1 11
18 30
6 7
4 19
19 29
15 30
12 17
1 28
16 25
2 6
9 14
29 30
10 13
14 24
5 24
19 24
10 24
16 19
12 22
2 17
17 18
22 25
13 23
3 12
8 12
23 28
3 18
10 14
9 30
8 18
14 21
4 21
10 29
9 19
7 8
6 16
15 16
7 21
1 26
18 26
1 15
3 28
2 12
3 17
9 25
15 26
20 26
15 23
6 29
20 21
13 16
12 24
17 24
14 28
6 11
7 18
6 30
12 18
17 22
22 29
13 19
2 24
23 24
4 11
8 22
24 25
6 20
15 28
5 20
16 20
6 27
3 15
1 3
8 13
28 29
8 19
11 14
10 26
19 22
6 17
5 23
11 19
1 20
7 20
16 17
12 20
2 19
3 10
1 14
4 13
4 24
8 16
14 23
5 29
19 21
11 13
6 18
21 26
16 30
13 15
12 25
2 20
1 4
18 28
8 26
14 29
20 24
10 16
15 21
12 19
1 18
17 21
7 30
16 27
17 26
2 4
4 7
3 25
10 11
8 23
5 6
4 18
11 23
10 21
16 21
6 24
16 24
3 14
2 26
18 23
1 2
23 30
8 14
3 20
5 25
9 17
6 22
7 23
1 24
13 24
4 14
3 30
8 30
5 15
8 17
10 28
15 17
21 25
12 15
11 17
12 26
1 27
17 30
3 29
2 15
19 30
