30 30 43
20 13 26 14 19 8 3 4 12 18 22 9 27 16 30 24 29 7 2 6 10 15 23 28 17 5 21 11 25 1 
30 22 25 7 28 14 19 29 23 10 27 9 26 2 20 3 6 4 17 11 13 16 8 5 12 24 21 15 1 18 
20 29 6 26 27 1 14 28 9 3 16 30 18 13 7 12 17 10 23 8 4 11 24 25 19 22 21 2 5 15 
5 18 25 23 11 22 13 6 12 1 14 30 20 4 16 19 8 10 29 15 26 24 9 17 7 28 21 2 3 27 
14 27 29 24 11 7 30 25 10 2 8 22 16 1 26 9 12 21 6 15 23 13 19 17 18 4 3 5 20 28 
3 8 21 9 5 23 20 4 25 15 11 27 10 13 28 7 22 18 30 16 6 19 26 14 1 24 12 29 2 17 
15 24 17 28 1 27 21 30 14 20 23 19 11 22 26 16 2 13 18 4 8 12 6 10 29 7 3 25 5 9 
28 26 1 25 23 15 10 5 9 30 27 17 12 7 3 22 6 16 29 8 24 18 4 2 21 19 14 11 20 13 
21 13 19 24 2 7 3 11 29 6 18 5 25 20 9 16 28 23 22 26 27 1 30 10 4 14 17 12 15 8 
1 19 30 24 17 26 2 28 8 29 20 13 18 22 10 27 12 3 6 7 4 9 5 23 25 21 15 11 14 16 
27 15 3 30 1 6 13 11 10 25 19 9 21 17 23 2 28 8 16 7 20 18 4 24 26 12 14 22 29 5 
14 21 3 30 13 28 20 10 19 18 22 9 5 24 15 6 25 8 1 4 17 2 12 11 7 29 23 27 16 26 
28 22 12 10 2 16 9 20 17 13 14 6 24 3 7 30 26 8 27 29 23 4 15 21 11 19 1 5 18 25 
12 14 28 21 3 23 24 15 20 17 5 25 30 10 11 9 13 1 6 8 19 2 29 18 26 27 7 22 16 4 
17 5 4 14 30 22 3 11 16 28 12 24 18 10 6 21 29 26 19 27 7 1 13 2 25 15 23 8 20 9 
21 4 1 5 15 8 18 9 30 13 16 10 23 14 7 2 12 17 28 19 25 26 27 11 29 22 20 3 24 6 
30 13 1 19 4 2 28 3 26 20 25 22 8 9 23 12 27 18 11 24 14 10 17 29 6 21 7 15 5 16 
29 23 24 8 3 15 30 18 2 14 11 20 10 19 6 25 16 28 4 21 7 13 1 9 5 22 17 27 12 26 
12 3 25 6 2 10 24 28 20 13 16 17 26 11 22 18 8 27 9 15 30 7 23 1 19 21 5 14 29 4 
19 8 16 7 15 20 4 1 26 29 28 22 2 12 10 25 27 11 13 9 24 5 3 6 30 18 17 23 14 21 
9 30 5 25 23 16 27 24 17 4 15 14 1 22 28 10 26 8 7 2 6 29 19 3 21 20 18 11 13 12 
16 4 15 24 14 26 27 20 5 3 28 9 25 21 11 2 18 22 23 19 29 17 1 6 10 30 7 8 12 13 
30 21 12 19 24 15 22 11 17 18 28 23 29 16 7 14 26 1 4 10 8 13 5 6 2 20 9 25 27 3 
14 16 3 24 11 1 10 25 13 7 2 22 29 15 12 23 9 19 5 26 18 30 8 4 6 20 17 28 21 27 
7 5 29 22 16 4 6 28 15 24 25 12 30 21 13 2 14 3 23 27 19 20 8 18 1 11 10 17 9 26 
28 24 8 1 30 7 2 14 23 20 4 25 22 3 5 12 29 6 10 26 27 9 13 18 16 11 17 19 15 21 
9 18 30 25 22 8 3 14 20 21 28 15 23 6 5 29 19 24 12 10 13 2 7 11 26 1 16 27 17 4 
24 15 7 11 28 10 21 26 2 8 17 27 6 9 29 13 16 5 4 1 20 22 14 18 19 3 23 12 25 30 
9 13 21 3 24 25 15 18 26 30 8 20 1 12 17 4 16 14 5 27 6 19 7 2 29 11 23 10 28 22 
13 3 29 18 8 7 30 12 1 9 10 15 25 27 16 24 11 5 28 26 2 17 14 20 19 4 23 21 22 6 
24 30
14 17
7 12
11 23
7 16
23 26
8 28
9 25
3 14
5 8
20 26
12 20
6 7
6 29
19 29
18 27
13 16
1 5
11 27
7 23
14 28
15 22
17 19
20 22
12 14
10 13
10 19
7 18
21 30
13 28
16 26
1 9
8 17
2 24
2 14
23 24
10 28
3 5
12 15
7 26
6 13
2 15
15 16
