35 35 238
17 6 19 13 14 33 15 1 23 11 29 9 26 12 2 21 25 35 32 31 24 3 22 7 28 34 8 4 10 27 30 5 18 20 16 
16 5 20 28 12 3 32 25 33 14 19 23 17 18 27 6 2 11 21 13 31 7 24 10 35 8 34 26 15 1 4 9 30 29 22 
31 21 33 30 22 15 18 13 1 8 35 25 5 16 9 27 17 6 3 23 34 2 29 20 11 14 10 28 26 4 12 32 24 19 7 
14 11 33 24 23 2 30 6 4 18 20 29 9 5 16 12 1 26 19 27 7 25 13 10 8 3 35 21 22 15 32 28 34 17 31 
9 28 10 23 29 34 7 30 17 22 1 16 3 14 33 2 20 32 4 24 12 25 21 13 15 19 11 26 31 27 5 18 8 35 6 
26 12 30 25 33 23 15 22 35 6 9 19 7 16 4 17 8 2 18 13 31 20 11 1 3 5 29 28 21 27 34 32 14 10 24 
26 31 35 34 25 23 14 19 7 17 33 8 24 22 9 30 5 28 4 13 12 16 32 3 2 10 6 29 1 21 15 18 11 20 27 
20 24 25 29 27 28 10 14 13 33 21 19 11 18 4 8 1 5 26 12 30 15 32 9 6 34 23 35 31 16 22 7 17 2 3 
8 32 35 21 7 26 16 29 3 6 4 5 22 14 11 20 15 33 28 19 34 24 9 13 31 1 23 25 2 27 12 18 30 10 17 
6 32 34 10 7 5 28 31 35 27 21 25 26 16 11 30 3 13 22 23 4 9 14 2 12 29 20 17 24 8 1 33 19 18 15 
28 30 32 6 16 33 15 19 1 34 4 3 9 8 7 20 5 14 35 22 26 21 18 12 31 24 13 11 25 10 27 2 23 29 17 
32 30 5 29 18 31 20 33 13 3 14 11 2 10 7 28 26 6 4 1 35 9 16 22 17 23 15 25 19 21 34 27 24 8 12 
28 21 2 19 16 13 9 31 26 5 12 6 18 25 14 20 22 10 30 11 3 4 17 34 8 33 7 23 32 24 29 1 15 35 27 
16 9 5 20 35 8 6 26 29 28 11 7 21 25 23 31 34 19 10 22 12 17 27 30 15 32 18 1 24 33 13 4 2 3 14 
11 5 22 25 9 1 26 17 8 15 35 24 32 31 28 29 4 7 34 3 2 10 30 21 14 13 23 18 19 6 16 27 33 12 20 
23 10 11 22 19 14 26 33 21 5 18 31 16 3 13 32 35 24 17 27 9 28 29 12 7 34 15 2 1 8 30 25 20 6 4 
11 18 2 25 28 21 17 8 20 31 32 19 10 5 12 15 34 35 30 23 9 4 24 6 27 22 7 14 13 16 33 29 1 26 3 
16 10 29 13 35 19 34 6 1 7 28 30 3 9 33 8 20 22 2 12 15 17 24 5 23 18 31 26 25 14 4 21 11 27 32 
29 1 18 20 24 30 25 21 26 23 16 4 7 35 28 10 17 2 32 34 13 8 22 31 5 33 3 11 9 12 19 6 15 27 14 
34 16 4 3 8 31 32 20 15 5 17 18 26 35 9 6 19 25 29 21 22 11 2 33 23 24 14 30 28 10 7 1 27 12 13 
2 34 35 12 26 14 4 21 17 32 10 24 33 27 29 1 31 13 28 20 15 16 23 11 8 5 3 19 25 7 18 6 22 9 30 
30 19 5 21 16 32 13 25 35 17 15 34 1 6 14 33 8 11 2 31 22 4 9 3 28 24 27 23 7 18 29 26 20 12 10 
18 6 9 5 28 19 12 20 31 30 33 23 15 13 8 35 7 2 11 1 16 17 10 27 3 24 4 26 34 25 29 21 22 14 32 
4 10 32 5 1 33 14 28 8 15 26 18 25 3 34 20 35 6 9 7 22 31 11 27 13 30 21 24 12 16 23 17 19 2 29 
29 2 11 21 8 19 4 28 32 31 34 12 24 6 3 25 16 1 15 14 23 17 22 27 7 35 26 10 13 18 20 30 9 33 5 
13 27 12 20 19 7 26 31 11 14 30 5 8 18 34 25 16 15 22 32 1 4 21 2 33 6 17 35 23 3 9 10 28 29 24 
31 20 4 35 15 33 21 27 19 25 9 14 10 30 7 12 22 2 17 23 5 11 32 6 26 34 18 16 1 28 29 24 13 8 3 
16 33 10 20 30 18 19 31 7 5 6 22 34 11 26 9 29 27 23 1 21 2 3 35 25 15 12 28 8 32 13 14 4 17 24 
4 30 20 22 31 24 10 14 29 13 5 12 2 34 28 21 7 9 35 27 19 32 3 8 6 16 17 15 23 1 33 26 25 18 11 
29 10 23 28 3 21 24 34 1 19 20 22 26 16 15 18 4 31 33 17 13 14 25 32 7 9 2 27 12 5 11 8 30 35 6 
15 16 28 20 23 24 29 27 5 13 17 33 11 4 2 3 34 14 19 9 26 18 31 7 25 8 6 1 35 21 22 32 30 10 12 
35 1 30 5 9 3 4 32 25 19 24 6 16 20 14 21 17 13 15 10 27 18 34 29 33 28 23 11 31 12 2 8 22 26 7 
26 18 21 23 1 19 9 20 34 27 6 29 32 7 5 2 10 33 15 22 31 17 35 30 3 28 25 4 13 8 16 24 11 14 12 
34 32 6 28 1 2 8 21 16 13 5 24 27 18 26 11 29 17 10 15 7 4 12 9 3 14 30 19 35 22 31 23 33 20 25 
7 17 16 22 6 5 20 19 13 11 29 18 24 1 30 9 15 10 14 23 21 28 33 2 35 31 32 4 3 34 27 26 12 25 8 
15 27
14 17
6 9
24 30
3 35
21 28
11 28
26 28
16 28
6 35
13 17
2 22
1 6
23 26
13 30
3 7
2 5
1 11
5 8
3 24
8 24
6 7
20 35
9 21
15 30
6 10
21 34
10 18
25 26
16 22
23 35
11 27
17 23
16 25
31 35
13 20
18 20
23 25
12 34
28 31
2 6
4 10
10 13
14 24
20 32
4 16
9 16
6 23
11 21
10 23
7 22
6 26
32 35
1 31
33 34
7 35
22 25
13 23
3 12
1 12
18 25
23 28
4 15
2 11
15 33
4 26
10 14
14 21
5 27
11 15
27 34
9 19
7 8
10 29
11 16
1 21
12 27
2 18
9 34
1 26
16 35
22 26
3 11
8 9
17 34
14 33
4 12
24 33
19 33
3 17
6 14
12 13
8 32
16 29
13 16
2 23
17 24
16 32
3 6
18 31
3 27
15 25
14 19
10 19
7 18
16 23
29 33
26 30
7 31
31 34
10 32
2 24
3 5
2 7
13 34
4 6
8 22
5 7
15 28
20 28
28 33
10 20
11 20
23 33
6 27
7 17
12 23
5 33
22 30
13 22
2 29
1 3
8 13
2 8
4 27
9 29
14 26
5 26
7 11
15 19
6 17
7 20
9 33
1 25
11 34
3 10
18 27
9 11
8 29
3 16
8 16
11 13
10 31
15 22
6 18
11 30
8 33
7 27
16 30
2 20
17 31
16 33
11 33
2 3
14 29
1 35
24 29
14 16
6 8
3 32
7 13
29 32
26 31
7 30
13 18
2 25
3 4
2 4
18 33
5 9
10 11
4 18
19 26
9 22
24 26
26 35
21 35
20 29
28 34
11 23
25 27
16 21
6 24
7 16
12 16
11 24
1 29
7 29
31 32
27 29
12 33
28 30
9 15
29 31
9 28
14 27
5 25
7 10
15 18
5 22
10 22
16 18
12 21
33 35
7 32
13 24
1 13
2 10
8 30
4 25
11 12
10 28
25 28
7 9
6 19
12 15
11 17
7 26
16 31
13 14
30 35
21 22
1 27
17 30
13 27
18 29
17 35
3 29
