35 35 178
10 20 7 6 4 8 17 14 11 24 16 22 2 18 28 3 19 13 25 29 35 21 27 23 32 33 5 31 34 30 9 1 15 26 12 
29 7 17 13 28 3 22 30 8 2 15 20 21 11 6 1 23 33 26 25 32 5 34 18 14 12 16 9 10 27 31 19 4 35 24 
14 21 23 28 25 8 29 31 10 17 2 15 4 9 20 18 7 1 13 24 5 3 33 19 11 22 6 12 16 26 32 30 35 34 27 
28 20 17 24 14 18 29 33 25 7 19 23 26 27 32 4 34 13 22 9 2 12 6 35 5 3 15 30 31 8 11 16 21 10 1 
11 7 10 18 23 1 25 3 8 30 27 34 12 22 35 14 20 9 4 33 16 26 15 5 21 28 6 31 19 24 13 2 32 29 17 
29 13 32 3 19 24 10 7 14 21 1 8 35 25 4 12 26 30 11 17 22 28 5 34 33 23 20 6 9 18 31 2 27 15 16 
16 14 23 12 9 13 20 18 6 28 29 34 3 10 4 8 35 19 22 32 30 11 25 24 17 31 7 21 2 33 15 5 27 26 1 
35 16 20 2 13 6 31 28 5 14 12 8 26 18 27 7 17 3 23 11 29 1 10 22 24 19 15 34 21 9 32 25 30 33 4 
31 29 30 25 5 14 32 33 1 16 35 19 2 24 27 22 18 20 13 26 7 34 28 21 3 11 15 6 4 23 17 10 9 8 12 
26 33 10 25 15 11 20 35 7 21 9 24 31 34 27 28 4 16 8 14 13 5 32 2 23 18 19 6 30 29 22 3 1 17 12 
30 13 6 8 12 32 25 14 23 22 1 28 27 26 24 21 16 33 17 10 34 9 11 7 15 18 3 19 5 2 4 29 20 31 35 
18 4 13 26 25 22 30 24 32 23 8 29 14 28 7 27 1 9 31 19 11 20 16 2 5 15 34 12 21 35 3 17 10 6 33 
20 6 34 5 22 28 35 1 16 23 31 27 12 26 2 19 7 32 14 13 24 21 10 33 29 9 17 4 3 30 25 15 8 18 11 
20 8 13 26 25 4 30 21 22 23 33 1 34 27 24 31 9 15 10 18 28 6 2 7 17 29 14 3 5 19 32 11 16 12 35 
29 33 18 3 23 34 10 20 2 28 16 1 15 32 4 35 17 7 12 31 27 22 14 24 9 30 26 19 25 13 21 5 11 8 6 
17 13 20 24 14 4 35 16 7 25 32 11 12 26 8 30 23 27 10 3 28 31 19 9 1 34 6 5 33 15 21 18 29 22 2 
6 29 13 35 2 21 10 20 5 34 25 11 33 32 15 16 30 7 23 1 17 3 14 26 31 8 27 22 24 4 19 9 18 12 28 
4 10 23 6 29 13 19 2 26 5 30 16 14 28 11 3 1 12 18 9 31 27 32 33 8 7 21 17 20 35 24 25 34 15 22 
31 15 17 16 27 5 22 21 8 20 9 18 1 35 26 10 25 24 13 29 28 32 4 23 12 33 19 11 14 30 2 6 34 3 7 
20 4 30 6 28 26 29 17 1 21 23 3 34 11 14 2 22 24 15 7 35 13 31 25 32 33 19 27 10 9 5 18 16 12 8 
7 5 35 21 26 6 23 25 30 27 15 32 29 3 34 19 2 20 31 13 17 8 11 10 4 24 1 12 16 28 18 33 22 9 14 
21 30 23 6 16 34 19 31 26 3 29 1 13 24 28 15 5 33 7 10 35 8 22 32 4 17 9 27 18 12 14 11 2 20 25 
26 27 20 21 17 9 15 28 8 31 7 13 35 29 14 12 5 19 24 25 23 30 4 1 6 33 2 16 11 32 34 10 18 22 3 
33 22 17 12 8 24 32 7 34 1 3 19 25 9 2 4 21 15 31 28 5 23 29 27 18 30 6 20 16 13 26 10 11 35 14 
5 11 10 8 32 3 22 33 26 31 12 34 4 15 21 18 16 35 17 9 25 6 28 19 14 23 29 7 1 2 30 20 13 24 27 
30 14 11 16 26 5 2 9 22 29 20 15 25 23 1 35 32 21 31 3 6 17 28 27 13 7 24 4 34 10 8 18 12 33 19 
1 21 27 32 22 23 4 19 13 12 24 34 28 31 14 16 35 9 10 5 11 26 6 25 30 7 20 29 17 3 2 33 15 18 8 
1 21 15 4 32 7 2 27 14 33 18 29 23 28 34 6 35 30 12 10 11 31 19 13 24 20 16 17 25 9 26 3 22 5 8 
16 1 14 4 21 27 24 31 30 8 15 29 7 9 10 35 33 26 18 3 34 6 32 19 12 11 17 23 25 13 22 20 2 5 28 
27 10 20 4 13 5 28 18 15 11 34 23 2 19 14 31 7 12 1 32 29 22 3 6 26 17 24 25 30 21 8 35 16 33 9 
6 30 25 35 10 1 21 7 22 4 33 26 19 34 23 15 20 24 17 29 8 2 16 14 28 27 18 5 32 9 13 11 31 3 12 
30 32 33 10 12 13 20 19 8 4 31 35 25 1 28 14 22 5 6 21 11 27 7 17 29 9 24 26 2 15 34 18 3 23 16 
8 21 34 1 26 18 33 12 29 24 27 30 17 6 2 32 22 19 23 28 35 5 31 15 9 11 14 16 25 4 20 10 3 7 13 
6 13 28 14 21 23 33 30 5 7 24 16 1 22 2 18 4 29 12 3 31 35 25 20 27 9 32 8 19 34 11 17 26 15 10 
22 4 23 3 17 15 9 18 34 27 20 12 26 19 13 1 33 11 10 5 29 16 24 7 14 31 2 32 6 21 35 30 8 28 25 
9 26
1 34
14 17
5 31
24 30
15 20
6 28
17 20
16 28
18 19
8 24
14 31
24 27
15 30
21 34
28 35
11 22
21 31
29 34
11 27
1 28
17 23
31 35
13 20
12 28
2 27
10 35
22 28
28 31
4 5
10 13
32 35
33 34
13 23
3 12
1 12
8 12
19 34
5 27
22 32
6 16
11 16
1 21
7 21
2 18
1 26
13 26
1 15
24 33
3 34
10 30
27 33
15 23
6 29
21 27
12 13
11 31
26 29
6 32
16 32
18 31
3 27
14 28
9 20
15 25
6 11
5 17
21 33
7 18
6 30
21 30
29 33
1 19
12 29
27 31
2 24
12 35
2 7
9 13
4 6
10 25
15 28
5 20
12 23
3 15
4 27
10 15
8 19
4 22
19 22
2 34
15 19
7 11
7 20
16 17
7 33
11 34
17 33
2 13
8 29
24 34
4 24
3 16
14 23
10 31
25 29
22 34
7 27
2 20
16 33
2 3
3 26
2 14
8 26
4 29
19 31
9 27
15 24
3 32
7 13
6 31
7 30
6 34
12 30
2 25
2 4
5 9
3 25
10 11
26 35
5 19
21 35
11 23
10 21
25 27
7 16
11 24
1 29
16 24
22 31
27 29
10 34
18 23
1 2
15 35
29 31
3 20
5 25
4 23
10 27
9 17
7 10
5 22
32 34
7 32
13 24
1 13
18 24
2 10
24 35
9 31
8 17
6 12
14 20
11 12
27 35
22 35
26 27
8 34
16 31
13 14
2 21
9 35
11 32
18 29
17 35
14 32
19 30
