35 35 238
10 33 11 7 27 13 24 25 35 26 12 16 1 17 18 6 34 5 28 22 15 9 32 14 3 23 30 29 31 19 8 2 21 20 4 
20 29 32 31 30 15 18 35 3 24 28 4 2 26 21 34 23 1 8 12 11 33 16 7 10 13 19 9 25 22 27 17 6 5 14 
6 1 13 21 32 34 31 24 27 25 22 33 4 11 35 5 19 17 26 18 16 23 15 14 8 7 2 12 3 28 10 9 30 29 20 
26 33 29 19 8 25 22 12 13 30 23 15 6 4 28 20 18 24 34 21 27 9 2 14 35 11 7 32 5 16 10 3 17 1 31 
33 29 5 1 9 8 21 27 2 30 32 6 23 28 26 17 11 10 20 22 18 4 25 7 19 16 3 14 34 24 12 35 13 31 15 
26 28 34 3 30 1 23 6 5 10 2 31 35 11 9 14 21 8 32 19 29 7 18 15 16 33 24 17 27 13 12 22 4 25 20 
7 29 26 23 17 19 32 11 14 18 6 25 20 30 12 4 1 34 15 33 22 28 8 31 27 9 21 35 13 10 3 16 24 2 5 
31 9 18 3 32 16 1 34 24 5 8 19 4 25 21 29 35 33 2 13 15 22 27 30 14 10 11 17 28 26 20 6 23 7 12 
11 28 31 5 19 32 33 6 7 26 10 17 2 3 22 4 27 34 13 12 29 8 15 24 14 16 18 1 21 9 25 23 20 30 35 
25 8 26 28 30 13 33 9 20 19 18 15 17 6 11 35 2 29 5 7 10 21 3 14 12 31 23 1 16 24 4 32 34 27 22 
35 28 24 33 15 5 26 19 11 16 7 23 1 30 13 20 25 17 31 22 21 34 12 4 2 9 6 32 14 29 18 27 8 3 10 
17 32 19 6 2 7 22 33 28 18 1 29 15 11 21 12 8 23 27 14 20 5 30 35 34 9 26 25 16 31 24 10 4 3 13 
6 30 31 27 12 11 16 32 13 4 2 5 15 17 9 19 14 23 25 1 10 29 34 35 18 3 8 22 26 28 21 7 24 33 20 
2 32 30 13 4 3 23 28 8 19 24 16 9 15 25 12 14 10 22 29 5 17 34 11 31 27 33 7 35 21 20 18 1 26 6 
33 6 35 13 26 10 15 2 8 31 9 21 12 14 11 18 27 3 28 16 19 34 24 29 25 1 23 20 7 30 22 32 17 4 5 
8 25 1 11 17 27 33 19 22 35 20 26 30 5 21 18 16 24 34 23 14 29 2 7 12 13 10 6 15 32 9 28 3 31 4 
10 29 31 2 35 19 30 7 15 13 5 34 1 17 25 33 21 3 14 12 9 32 4 22 26 8 20 23 16 18 24 28 11 27 6 
12 19 13 21 8 31 4 18 28 15 34 23 14 35 7 17 25 9 11 32 16 1 22 6 27 20 2 30 26 3 29 5 33 24 10 
7 4 1 35 8 17 23 16 34 5 30 2 10 21 25 19 18 29 15 33 3 26 28 22 32 11 27 20 24 31 14 12 13 6 9 
30 17 9 15 29 23 28 2 21 31 13 8 27 22 19 5 7 33 10 3 26 25 16 24 32 20 1 6 18 14 4 11 12 34 35 
22 2 31 13 17 18 23 20 27 4 1 6 5 33 15 28 25 26 8 32 21 14 29 7 10 11 24 3 12 9 19 30 16 35 34 
32 3 30 23 29 10 18 9 16 4 2 17 19 22 15 6 26 20 1 28 8 21 34 11 13 14 7 31 27 33 12 25 24 5 35 
21 10 17 15 6 19 32 18 28 4 3 22 16 12 13 8 24 25 1 5 33 29 31 30 26 27 7 34 35 14 2 11 23 20 9 
1 18 33 6 12 9 27 11 17 24 30 14 10 26 32 2 13 8 5 15 21 29 34 35 22 31 23 3 16 4 20 25 7 28 19 
4 26 9 17 13 3 27 6 11 7 34 28 25 23 1 20 12 22 15 29 21 16 33 35 30 18 24 8 5 10 14 19 32 2 31 
20 34 30 9 5 18 11 13 31 8 16 33 19 25 24 35 12 23 32 14 28 29 21 1 4 2 27 3 10 6 26 15 7 22 17 
34 30 5 29 21 19 33 9 7 12 2 11 6 26 1 24 27 25 23 15 18 3 28 4 31 16 14 8 35 22 32 13 20 10 17 
25 34 20 35 15 2 16 14 29 30 27 31 12 3 7 1 21 4 26 6 5 19 10 22 28 8 33 13 32 23 11 9 17 24 18 
8 17 13 11 10 30 16 5 19 35 6 2 31 23 32 9 12 34 3 7 14 4 22 29 15 25 18 26 20 33 21 28 27 1 24 
15 22 29 10 21 20 12 19 8 28 11 1 7 3 26 31 2 14 35 33 4 9 16 34 30 17 24 5 6 25 23 13 32 18 27 
15 22 7 3 16 19 27 28 18 2 32 11 29 12 10 5 17 6 25 23 8 33 30 20 35 26 24 21 14 13 9 4 34 31 1 
23 34 32 2 5 18 1 31 29 17 8 19 33 15 16 14 9 7 12 10 28 6 4 22 20 24 35 11 26 13 3 21 30 27 25 
32 5 11 15 7 6 27 19 22 24 16 26 20 33 13 29 8 1 30 28 21 4 3 18 31 25 17 10 34 12 2 14 23 35 9 
27 34 8 18 1 22 32 35 13 2 30 25 23 6 29 11 20 15 31 21 12 19 3 24 28 16 4 14 33 10 17 5 9 7 26 
28 6 19 18 22 26 31 15 24 2 27 4 1 29 32 11 5 17 21 34 20 25 30 3 23 13 12 7 9 35 16 8 33 14 10 
9 26
24 30
20 25
3 35
7 12
11 28
1 17
16 28
7 25
2 22
18 19
5 8
13 32
3 24
6 7
19 29
6 10
14 18
20 30
11 22
10 18
28 35
16 22
7 19
21 31
29 34
11 27
25 26
6 25
1 28
13 20
2 27
18 20
2 6
18 35
5 11
29 30
8 21
5 24
20 32
4 16
9 16
15 29
14 15
11 21
10 23
6 26
12 22
2 11
8 31
15 33
4 26
6 13
14 21
4 21
10 29
7 8
6 16
15 16
4 32
7 21
22 23
30 32
9 34
17 29
22 26
4 12
9 25
15 26
6 14
1 33
20 26
25 30
15 23
6 29
20 21
11 31
26 29
8 32
7 24
1 5
16 32
8 25
19 28
26 33
14 19
6 11
21 33
20 31
5 17
3 33
10 19
11 26
1 19
26 30
27 31
2 24
10 32
2 7
18 32
5 10
14 25
5 7
4 17
19 27
2 33
9 23
26 34
6 20
20 28
11 20
10 20
7 17
16 20
5 33
12 23
11 25
1 30
31 33
18 22
8 13
12 32
28 29
2 8
10 15
9 29
19 22
9 18
15 19
6 17
5 23
32 33
30 33
9 33
1 25
17 28
22 27
13 25
8 10
8 29
3 16
9 24
25 35
6 15
8 16
11 13
19 21
22 34
6 18
1 23
8 33
6 33
21 23
13 15
12 25
1 4
17 31
30 34
21 34
3 9
11 33
14 35
2 14
14 29
4 29
1 35
24 29
5 16
21 32
6 31
21 29
29 32
12 19
26 31
17 21
12 30
17 26
2 4
18 33
9 12
4 7
3 25
5 6
4 18
24 26
6 21
21 35
11 23
25 27
23 32
6 24
5 32
12 16
11 24
16 24
31 32
13 21
10 34
1 2
27 29
18 23
12 33
15 35
5 12
5 25
19 25
7 10
6 22
15 18
11 18
10 22
16 18
5 35
1 24
33 35
17 19
22 24
7 32
18 24
17 32
8 11
3 30
9 10
8 30
24 35
3 19
21 25
8 34
16 31
7 26
13 14
9 35
17 30
5 18
17 35
3 29
24 32
19 30
