35 35 119
15 22 11 3 6 33 26 4 2 35 30 7 23 1 10 29 20 16 13 18 28 34 8 9 31 27 17 14 32 12 5 19 24 21 25 
16 25 6 21 23 28 24 2 32 9 8 1 26 3 33 17 5 31 18 14 10 35 29 4 19 27 34 12 15 11 7 30 20 22 13 
23 1 28 11 19 27 14 2 9 22 17 29 4 21 7 25 33 8 10 34 16 24 3 30 18 6 5 31 15 13 35 26 12 20 32 
18 1 29 25 32 14 26 15 22 17 35 21 27 19 2 33 10 4 23 12 8 16 11 6 30 34 31 20 13 9 24 28 3 7 5 
28 24 33 12 20 21 2 14 17 22 1 32 30 18 34 31 15 19 23 29 26 7 5 35 8 3 27 11 25 16 13 6 9 10 4 
17 21 9 20 26 35 14 15 7 4 12 23 24 13 22 6 18 10 19 11 5 32 31 1 2 27 25 8 34 28 16 29 3 33 30 
10 25 2 16 26 23 28 35 22 27 4 15 11 24 1 17 20 31 12 33 14 9 5 7 13 30 3 32 8 6 34 18 29 21 19 
14 28 17 6 27 35 9 10 16 1 22 8 7 4 3 13 32 11 25 34 18 12 24 21 31 2 23 30 20 33 15 5 29 26 19 
2 7 20 1 8 5 16 12 4 27 22 34 28 6 32 30 33 26 15 21 23 17 10 14 29 18 19 13 35 9 25 24 31 11 3 
29 18 28 13 8 5 7 19 10 15 16 26 22 33 23 25 31 32 27 4 35 3 6 11 34 17 14 2 1 24 30 12 20 21 9 
10 13 30 23 5 6 2 19 11 8 21 25 28 18 35 12 33 16 15 7 14 24 26 3 32 17 29 9 34 22 4 31 1 27 20 
26 3 27 17 14 20 24 33 8 28 5 32 2 18 16 15 25 19 22 21 11 1 23 29 30 12 10 9 34 6 13 35 7 31 4 
33 22 5 9 24 20 27 32 35 12 8 16 15 25 23 11 6 10 3 31 13 4 34 2 14 29 17 1 26 7 18 21 28 30 19 
18 13 22 25 20 27 12 26 35 29 23 8 30 28 7 14 16 19 1 6 11 17 10 31 33 9 2 4 24 21 32 34 15 5 3 
22 23 3 29 34 6 2 35 28 12 15 24 7 26 9 8 1 14 5 13 20 31 4 19 17 18 32 27 30 10 21 11 33 25 16 
33 22 6 27 4 7 20 12 32 29 24 21 25 11 23 17 2 5 9 19 10 14 34 30 18 28 1 16 26 15 8 3 35 13 31 
4 30 1 10 6 28 11 32 2 7 17 25 14 27 23 26 24 29 3 21 9 19 8 16 5 31 34 33 15 22 18 35 12 13 20 
25 2 31 18 24 20 10 7 13 30 29 16 15 35 3 32 22 34 27 23 8 9 33 28 14 12 6 4 17 21 1 11 26 5 19 
32 10 30 33 22 11 6 26 18 5 14 19 16 2 1 24 27 20 12 7 21 28 4 9 35 34 23 25 31 15 8 17 13 3 29 
22 21 30 3 19 11 16 33 2 20 35 32 15 29 17 1 7 34 10 27 26 8 28 24 25 6 18 12 23 5 9 14 13 31 4 
14 29 27 13 31 6 1 30 23 12 18 8 9 17 21 25 15 3 33 28 20 2 35 22 26 16 34 10 4 5 7 24 11 19 32 
24 27 33 17 11 12 14 34 3 5 23 22 32 21 1 6 25 26 31 9 20 29 28 18 8 2 10 15 35 13 4 16 30 7 19 
25 31 7 10 24 13 29 5 11 16 12 35 14 15 26 18 30 19 20 8 34 21 23 33 28 3 6 9 22 32 4 27 2 17 1 
7 20 19 18 15 30 6 32 8 12 33 1 21 35 4 13 23 2 17 25 22 34 26 24 16 31 5 3 11 10 27 14 29 28 9 
33 32 1 25 3 2 21 27 11 19 34 17 16 30 35 12 15 4 6 10 28 29 5 26 20 24 31 14 9 13 18 23 22 7 8 
21 28 35 6 7 10 11 18 32 1 8 12 29 2 23 19 30 24 14 31 9 26 16 20 3 5 15 27 22 17 25 13 4 33 34 
1 25 10 7 32 18 16 26 5 8 20 4 6 35 12 23 27 30 21 14 2 28 31 19 22 3 13 33 29 9 15 17 34 11 24 
16 11 14 7 35 4 21 15 28 23 33 25 34 29 30 9 31 22 3 1 19 24 10 27 12 26 18 20 8 13 2 5 17 32 6 
11 17 31 7 13 34 26 18 3 2 15 5 19 16 21 14 30 12 23 25 33 9 6 4 1 32 8 27 20 35 28 22 29 24 10 
34 33 27 28 12 22 25 4 31 13 2 20 15 26 19 11 1 24 3 18 35 5 32 30 17 16 21 9 6 23 10 7 8 29 14 
16 27 13 24 18 34 23 26 9 21 14 30 11 20 6 15 8 22 17 5 33 12 10 25 7 28 1 35 32 19 31 3 2 4 29 
33 34 23 18 11 24 20 6 31 5 21 30 35 26 28 10 12 25 17 7 16 32 3 8 22 4 14 29 9 13 15 27 19 2 1 
8 34 26 13 20 24 30 17 15 10 9 3 16 2 27 4 31 35 5 14 12 21 1 25 29 32 18 22 28 19 7 11 33 23 6 
11 4 3 35 18 22 10 29 24 12 20 33 26 8 21 30 6 2 28 32 15 1 7 14 23 16 19 9 5 13 34 17 25 27 31 
23 22 1 20 4 31 10 18 32 9 3 16 7 17 26 21 33 24 14 30 12 19 25 8 2 6 11 29 27 35 34 28 13 15 5 
6 9
5 31
20 25
11 28
7 25
6 35
23 26
2 5
3 24
14 31
20 35
4 19
7 19
23 35
31 35
12 28
18 20
18 35
4 5
14 24
20 32
4 35
11 21
16 19
5 34
12 22
23 28
4 26
19 34
3 18
14 21
10 29
7 8
22 23
16 35
11 35
18 26
17 34
14 33
2 12
4 31
3 17
6 14
10 30
25 30
15 23
6 29
1 16
6 32
2 23
1 5
14 34
9 20
24 28
5 17
6 30
7 31
16 26
2 24
15 28
16 20
5 33
12 23
7 34
18 22
4 27
4 22
9 18
16 17
18 27
17 33
4 13
3 31
2 13
9 24
25 35
6 18
21 26
12 14
22 34
20 22
7 27
16 30
11 33
14 29
15 21
21 29
12 19
16 27
6 34
12 30
27 30
10 33
17 26
23 27
13 31
18 33
12 16
13 21
3 14
4 9
28 30
2 9
29 31
3 20
7 23
12 21
17 19
2 31
9 10
8 30
4 25
6 12
19 20
21 25
21 22
17 30
17 35
8 27
