35 35 238
29 30 34 12 2 14 19 23 35 31 27 18 7 17 5 24 25 28 3 13 10 6 4 8 16 20 9 33 26 22 1 21 11 32 15 
32 19 13 26 23 3 16 9 12 11 31 30 7 33 20 24 4 34 1 15 10 25 22 6 35 21 5 27 29 18 2 8 17 28 14 
14 5 22 15 8 19 33 16 13 11 6 24 2 32 9 3 10 26 29 21 34 18 17 31 4 23 35 25 20 7 12 1 30 28 27 
4 25 29 32 2 11 20 22 6 33 28 12 23 16 24 1 18 7 5 31 34 19 15 10 21 17 26 30 27 9 13 14 3 8 35 
15 34 12 17 28 26 2 27 5 25 32 1 4 8 21 23 14 35 18 29 33 16 11 19 3 6 9 10 7 20 30 31 13 24 22 
6 14 27 5 34 23 28 29 18 16 33 2 21 22 19 4 7 35 15 17 10 24 32 26 31 25 1 9 30 12 11 8 13 3 20 
32 31 25 5 6 15 22 34 13 28 9 11 21 7 12 2 8 4 24 10 14 17 33 23 29 3 35 30 19 18 1 20 16 27 26 
21 4 27 3 7 26 33 5 8 22 10 6 1 9 17 2 23 29 15 16 30 32 14 28 24 19 11 20 35 31 18 12 13 25 34 
31 12 22 24 1 13 10 7 32 3 23 20 26 35 18 15 29 11 21 6 33 34 27 8 14 30 17 28 4 9 16 25 19 5 2 
16 5 8 27 6 3 13 30 25 14 32 23 15 7 31 28 10 29 24 2 22 12 17 20 11 35 18 1 26 9 34 21 33 19 4 
3 22 26 31 6 16 19 9 14 5 23 11 8 15 10 30 25 13 21 7 1 2 32 27 4 33 35 34 29 12 20 17 24 28 18 
13 4 20 32 5 7 30 10 31 21 19 6 28 27 23 17 22 25 3 34 26 29 2 12 15 11 33 8 35 24 18 1 16 9 14 
23 7 24 10 35 9 11 16 26 6 20 30 1 2 15 14 18 13 5 28 32 33 22 3 31 29 12 25 34 17 4 8 19 21 27 
1 33 5 21 12 29 11 3 8 19 34 6 24 31 26 30 16 2 14 17 13 10 35 22 15 4 23 9 20 25 32 18 27 28 7 
33 3 28 13 15 11 27 35 10 19 32 25 2 17 5 26 31 24 20 7 16 18 34 22 4 30 29 12 23 6 9 8 21 1 14 
23 34 4 13 31 2 9 18 8 16 15 27 1 26 12 32 24 22 33 5 25 11 3 14 29 21 30 7 20 19 6 28 17 35 10 
9 30 15 14 26 4 10 19 5 33 11 21 32 16 3 2 35 31 28 20 29 27 12 34 8 24 13 18 25 17 6 23 22 7 1 
25 17 27 4 14 20 5 11 7 3 19 13 34 30 28 23 18 24 15 2 29 9 16 8 12 10 6 21 1 26 33 32 31 22 35 
2 33 18 3 31 20 21 32 30 6 17 35 11 22 7 4 23 26 25 28 5 12 24 34 10 15 19 14 13 29 1 8 16 27 9 
23 24 33 8 18 26 28 15 17 20 5 34 14 29 32 19 12 7 35 9 25 1 3 21 6 10 30 13 4 2 16 31 11 22 27 
6 19 12 20 26 14 5 30 4 24 10 34 17 21 29 25 28 1 3 18 13 27 8 33 7 11 22 35 32 31 23 15 16 2 9 
35 9 5 15 28 18 6 8 3 2 29 33 7 14 19 21 27 32 23 24 25 11 30 13 22 20 31 16 26 17 1 4 10 34 12 
3 27 10 34 28 8 11 20 9 2 22 6 14 24 13 19 5 7 18 23 29 31 35 21 33 26 25 32 12 17 16 15 1 30 4 
17 29 13 7 20 32 14 16 35 6 9 11 10 3 2 28 25 30 22 31 23 4 15 19 5 26 8 18 1 27 12 34 24 21 33 
28 18 10 15 23 16 14 19 21 12 8 34 29 24 13 25 20 33 17 4 31 11 22 32 7 6 26 3 27 2 1 5 30 35 9 
28 9 16 34 29 12 17 27 1 8 19 14 13 3 33 21 18 4 26 5 20 22 6 10 30 2 31 24 15 23 11 32 35 7 25 
21 3 32 17 30 25 16 9 2 33 1 18 35 19 24 7 29 20 14 28 31 26 15 34 6 11 12 4 23 13 27 5 8 22 10 
16 7 15 25 1 2 9 19 11 21 17 29 13 8 33 26 6 12 3 35 24 32 34 10 5 28 30 20 23 27 18 14 31 22 4 
25 35 15 17 13 18 11 14 5 20 28 22 16 9 21 27 34 10 8 3 32 26 33 7 23 2 19 4 31 24 12 30 6 1 29 
9 28 6 18 15 12 16 3 1 23 5 27 25 11 14 35 20 19 31 22 8 13 10 17 34 21 30 29 26 2 33 32 4 7 24 
20 17 12 15 23 2 32 9 3 24 7 6 1 31 26 19 34 18 11 8 35 21 27 16 30 33 5 14 13 29 10 22 25 4 28 
32 12 16 6 34 3 4 25 23 10 5 29 31 11 9 7 14 24 28 2 22 30 8 33 20 21 26 17 27 35 18 15 1 13 19 
27 25 8 12 17 19 26 28 33 20 29 3 6 23 16 1 34 15 2 22 14 24 21 32 18 31 9 5 30 10 7 13 35 4 11 
18 21 22 2 20 13 15 27 11 16 30 25 9 26 7 28 31 29 23 17 35 19 4 12 1 10 3 5 34 32 6 24 14 8 33 
32 25 27 29 26 9 6 2 35 15 18 16 28 12 17 23 10 21 4 31 24 34 7 19 14 20 5 8 30 3 1 33 22 11 13 
6 9
14 17
20 25
3 35
25 31
6 28
21 28
1 17
7 25
13 17
18 19
34 35
23 26
13 30
1 11
3 24
20 30
11 22
10 18
25 26
23 35
29 34
11 27
17 23
31 35
12 28
2 27
10 35
8 15
27 28
23 25
2 6
8 21
2 32
9 16
15 29
14 15
28 32
32 35
16 19
5 34
17 18
3 12
2 28
18 25
8 12
4 15
2 11
5 14
19 34
8 18
14 21
6 13
11 15
10 29
9 19
15 16
6 16
11 16
8 35
7 21
30 32
2 18
17 29
18 26
8 9
14 33
3 28
2 12
24 33
4 31
1 33
15 26
6 14
5 30
20 26
3 34
10 30
27 33
15 23
26 29
1 16
16 29
13 16
2 23
1 5
17 24
16 32
18 31
14 28
4 28
19 28
6 11
3 33
10 19
23 34
21 30
29 33
1 19
17 22
7 31
13 19
2 24
23 24
4 11
12 35
2 7
4 6
20 33
19 27
2 33
9 23
6 20
20 28
7 17
6 27
1 30
7 34
22 30
31 33
3 15
2 29
23 31
5 13
4 27
25 32
4 22
11 14
19 22
15 19
6 17
11 19
1 20
32 33
30 33
3 10
18 27
1 14
3 31
9 11
19 32
25 35
14 23
20 27
19 21
7 14
22 34
15 22
20 22
6 18
1 23
16 30
6 33
30 34
21 23
16 33
13 28
2 3
1 9
14 35
19 31
14 16
5 16
20 24
6 31
11 29
26 31
16 27
6 34
12 30
10 33
27 30
2 25
23 27
17 26
13 31
3 4
18 33
13 33
3 25
14 30
5 6
15 31
6 21
20 29
23 32
16 21
5 32
29 35
12 16
1 29
7 29
22 31
13 21
27 29
18 23
1 2
2 9
18 34
15 35
3 20
10 12
9 28
8 20
14 27
9 17
15 18
6 22
10 22
2 16
9 32
17 19
33 35
3 13
18 24
8 11
17 32
4 14
9 10
24 35
4 25
3 19
19 35
6 12
19 20
27 35
10 28
6 19
22 35
26 27
1 22
7 26
13 14
12 26
2 21
9 35
21 22
17 35
