35 35 59
14 35 8 10 16 27 31 15 9 7 23 4 29 33 28 21 3 24 18 12 25 17 19 5 20 2 6 13 34 1 22 32 11 26 30 
20 11 24 32 35 18 13 8 9 22 2 5 12 34 15 31 7 1 25 17 10 21 27 16 29 6 33 26 28 3 14 4 19 23 30 
13 20 19 31 25 4 15 29 28 11 26 24 22 33 14 18 8 34 5 2 30 12 1 7 6 35 17 10 27 32 23 21 3 9 16 
34 7 25 12 2 14 23 3 30 24 35 1 15 19 20 17 27 22 5 8 18 10 4 16 13 26 33 9 29 31 32 11 21 28 6 
34 35 24 32 11 16 27 26 23 10 8 28 2 7 6 33 4 13 18 14 3 5 31 25 22 12 30 29 21 19 20 1 17 9 15 
25 17 30 13 26 7 3 23 15 9 19 29 20 10 14 6 12 1 5 34 22 8 28 16 31 24 35 21 32 11 2 4 18 27 33 
4 13 27 2 11 35 23 12 1 33 17 31 5 6 14 19 30 7 16 25 3 32 21 20 34 22 10 9 29 26 28 8 18 24 15 
10 4 8 26 13 30 1 21 3 34 23 33 18 29 2 6 12 35 27 31 9 24 32 20 16 11 15 14 5 25 19 7 17 28 22 
30 35 7 25 3 21 23 32 4 13 1 5 29 9 31 34 26 15 6 14 20 17 33 27 11 28 18 24 8 19 12 2 10 16 22 
32 10 26 33 6 29 22 11 35 12 9 14 2 19 25 24 15 1 5 4 30 23 28 21 34 31 18 3 16 27 20 17 7 8 13 
18 3 22 27 5 12 4 19 1 35 34 13 2 6 33 24 8 9 23 11 25 20 15 21 7 30 26 14 16 29 17 32 31 28 10 
13 25 17 1 19 11 35 8 7 30 21 29 32 20 2 3 4 27 6 18 24 16 33 23 10 15 9 22 31 12 14 34 28 26 5 
31 17 35 3 28 5 32 9 8 12 23 22 2 25 15 33 29 27 24 10 34 18 16 19 30 14 26 1 7 20 6 13 21 11 4 
28 15 18 8 12 6 17 21 29 33 3 14 9 2 26 24 31 35 1 19 10 34 20 22 25 13 23 7 16 11 30 27 5 32 4 
28 3 16 34 24 8 27 22 12 23 31 32 17 18 7 11 19 33 13 10 6 5 25 30 2 9 21 4 26 14 20 29 15 1 35 
10 32 23 13 17 29 9 12 27 5 14 16 18 1 4 24 20 35 26 3 11 31 33 8 7 6 2 28 21 25 19 22 15 34 30 
9 28 31 19 15 10 6 1 26 18 33 34 14 5 17 35 13 25 3 20 24 8 12 7 2 21 11 30 27 4 29 16 22 23 32 
33 24 4 19 1 14 9 30 35 25 18 10 3 7 16 12 11 32 26 20 31 5 6 13 28 29 8 34 17 22 23 27 2 15 21 
24 5 30 28 1 32 15 33 17 13 18 22 3 27 26 2 35 9 21 19 23 34 10 4 29 11 8 12 16 6 20 7 31 14 25 
4 5 1 23 2 19 9 25 31 28 30 14 21 24 20 13 32 7 6 27 8 17 11 29 3 33 26 16 34 22 10 18 12 15 35 
20 18 23 4 32 11 17 22 27 14 28 12 31 6 16 3 10 34 24 19 33 1 7 25 9 2 35 8 5 29 30 15 21 13 26 
4 22 19 33 21 26 1 13 31 25 17 6 27 35 8 7 18 32 10 28 14 20 2 15 23 16 34 9 12 30 24 3 5 11 29 
25 17 26 32 8 20 3 27 35 11 12 18 5 16 4 6 14 31 34 24 28 21 15 1 30 2 23 13 29 19 33 22 9 7 10 
32 1 19 10 14 9 26 3 35 8 2 20 5 18 28 31 17 22 4 15 23 6 12 13 7 24 16 33 29 21 25 27 30 11 34 
7 2 6 31 35 17 34 12 1 14 10 29 21 24 28 8 26 18 19 11 13 27 22 5 20 25 32 9 15 16 33 3 4 23 30 
34 10 31 22 17 18 5 26 35 7 16 9 6 11 4 30 14 15 33 32 2 24 19 28 29 12 21 25 27 20 1 23 3 13 8 
9 26 8 23 3 2 28 4 17 32 27 21 19 30 7 34 31 25 1 14 6 12 16 15 24 35 22 13 5 18 29 20 33 11 10 
29 8 11 30 17 18 26 24 31 1 25 35 23 9 19 33 10 16 22 12 32 20 7 2 28 34 27 15 14 4 3 21 13 5 6 
28 24 12 5 17 19 34 30 29 25 35 10 26 11 15 9 20 32 6 31 27 21 8 23 22 16 2 33 1 3 14 18 4 13 7 
12 35 28 32 25 1 5 8 26 19 6 7 22 21 16 29 30 2 27 24 4 31 9 10 3 14 15 23 18 13 34 17 20 11 33 
15 3 21 22 33 1 7 11 23 20 29 14 32 19 27 4 9 6 16 10 30 18 25 28 34 26 8 5 35 12 31 24 17 13 2 
17 6 5 31 9 24 11 22 10 13 33 21 8 3 7 32 25 26 19 28 12 16 34 4 23 20 29 2 27 14 30 35 1 18 15 
31 7 12 1 35 27 5 15 8 30 28 34 13 22 21 19 20 33 17 9 18 25 32 24 16 2 10 29 11 3 6 14 26 23 4 
26 4 3 10 17 22 13 25 21 1 24 16 35 12 6 28 14 33 31 5 30 34 15 32 8 19 29 2 18 7 11 9 27 23 20 
24 33 32 20 17 16 8 26 18 10 6 29 15 25 28 27 34 9 13 12 19 3 35 2 7 5 14 22 23 1 21 30 4 31 11 
15 27
23 31
22 26
24 26
16 28
6 24
5 32
29 35
9 18
15 19
7 11
18 30
8 24
25 30
4 19
22 27
11 31
15 30
20 30
6 32
10 18
2 23
3 31
4 23
11 27
31 35
27 28
32 34
23 25
8 25
27 32
12 34
7 32
21 26
11 30
22 24
24 28
5 17
29 30
3 33
1 23
9 16
31 34
11 21
10 23
16 19
6 26
19 31
20 23
3 12
1 12
21 22
2 21
7 13
8 31
11 29
26 31
6 20
28 33
