35 35 178
11 3 18 25 20 34 12 22 15 27 31 2 1 35 21 14 5 7 23 24 10 19 26 13 29 17 30 6 8 4 28 33 16 32 9 
9 1 28 32 8 30 23 15 11 3 34 26 24 29 7 4 22 10 14 27 18 25 33 17 2 13 12 20 6 16 21 31 5 19 35 
28 11 34 21 4 27 24 16 7 20 12 3 23 8 2 17 31 15 25 5 6 29 30 35 19 33 32 9 10 14 26 13 18 1 22 
10 26 17 3 25 31 33 12 1 34 19 23 22 8 16 29 35 18 28 7 15 32 9 14 5 4 30 20 6 24 27 13 11 21 2 
17 21 2 5 15 29 24 23 16 10 11 34 31 27 6 33 12 9 22 25 3 35 26 30 19 20 13 4 7 18 1 28 32 14 8 
7 11 28 10 20 18 5 33 27 4 16 8 22 34 19 14 31 32 17 30 24 23 13 26 12 2 1 15 21 35 9 3 6 25 29 
4 26 29 7 24 9 32 14 2 34 11 3 15 10 5 30 18 31 25 17 13 20 35 1 8 12 6 19 16 33 23 27 21 22 28 
26 6 5 25 28 4 13 9 14 16 11 19 1 30 20 23 32 17 35 10 29 3 33 34 31 18 27 12 15 7 22 8 21 24 2 
20 35 24 6 22 3 16 12 23 1 26 21 10 31 5 25 7 2 9 15 32 28 19 13 33 29 11 18 17 4 34 30 8 14 27 
11 13 20 1 8 25 17 14 23 18 35 10 26 19 12 28 2 27 5 32 16 34 29 24 31 9 22 6 15 33 7 4 3 21 30 
33 15 29 4 30 16 1 34 25 22 17 24 35 10 11 7 32 21 31 5 23 13 6 3 8 20 9 2 14 18 19 26 12 28 27 
14 16 1 17 28 10 5 30 2 24 34 33 21 6 8 20 22 25 23 35 7 11 32 27 12 18 9 15 29 13 4 3 26 31 19 
4 6 31 1 12 2 3 19 27 34 16 11 18 23 26 33 21 9 30 10 35 8 5 15 28 13 17 32 24 29 7 25 22 14 20 
11 9 18 16 19 17 21 26 15 35 10 4 14 28 23 7 13 30 29 31 3 25 1 33 2 12 20 22 34 27 32 6 5 8 24 
32 11 12 34 6 27 31 20 8 23 16 5 26 30 25 7 22 10 1 14 35 18 9 24 2 28 19 13 21 15 3 33 17 4 29 
28 35 16 23 22 17 12 3 7 15 32 24 33 14 18 20 21 1 25 5 10 29 2 13 9 31 27 8 6 11 4 34 26 30 19 
17 22 34 24 25 15 2 18 13 4 21 28 32 27 11 26 29 12 9 19 16 5 30 1 23 33 14 20 31 10 7 8 6 3 35 
1 5 20 9 4 6 34 24 8 19 15 18 21 3 11 2 10 17 26 35 25 14 29 22 12 30 28 31 33 32 27 7 16 23 13 
3 8 15 1 25 2 20 13 17 10 35 29 21 26 19 7 31 14 22 9 30 12 28 4 32 34 5 27 23 6 18 33 11 24 16 
26 34 4 20 18 16 7 31 6 33 11 2 29 1 12 8 30 21 24 28 14 25 23 3 19 13 32 22 17 10 9 27 5 35 15 
14 34 16 13 17 4 12 9 19 5 25 33 7 26 2 32 18 10 30 11 22 31 35 1 6 29 21 24 3 28 20 15 8 27 23 
2 9 14 34 24 22 12 29 21 35 7 32 28 6 33 23 13 8 16 3 1 17 26 11 19 4 25 15 31 20 27 5 18 30 10 
27 22 35 33 14 15 23 25 30 26 7 29 18 12 31 34 11 2 19 6 9 32 5 21 1 16 3 4 10 8 13 20 28 17 24 
20 22 15 30 17 18 26 33 34 23 12 10 32 19 31 28 27 1 24 6 14 29 21 8 7 25 5 11 35 4 3 2 13 16 9 
18 11 24 3 33 9 32 5 21 28 25 30 13 15 31 26 6 27 17 20 22 12 35 19 4 34 10 1 7 8 14 16 29 2 23 
35 30 27 22 1 20 21 34 23 26 29 31 4 3 25 12 10 16 15 19 14 32 9 7 11 18 5 24 8 28 6 2 33 17 13 
19 28 25 6 8 18 1 22 32 4 9 31 34 30 35 14 29 16 15 21 24 12 3 2 5 23 26 17 13 33 7 20 27 11 10 
34 30 26 14 17 15 9 20 35 24 32 21 31 10 22 19 25 11 7 6 27 28 3 12 13 29 8 2 5 4 33 1 16 23 18 
18 31 24 17 29 33 6 26 34 35 5 10 12 25 21 19 7 30 15 13 16 20 23 14 32 4 27 2 9 28 8 22 11 3 1 
26 24 10 2 12 23 7 8 35 6 32 11 1 9 14 31 20 30 22 33 3 13 29 34 15 17 19 4 28 18 25 27 5 21 16 
6 4 30 3 24 22 5 26 7 27 35 29 31 8 23 17 2 14 28 32 10 9 12 18 33 25 1 11 13 21 19 20 15 34 16 
15 5 9 13 30 4 2 8 10 24 33 28 7 20 18 27 32 22 19 34 17 3 31 12 6 25 14 1 23 16 35 29 26 21 11 
34 7 6 33 5 31 24 10 14 19 8 22 17 32 29 26 23 35 1 4 18 27 25 13 21 28 9 16 11 30 12 2 3 20 15 
1 6 19 2 8 15 4 22 35 10 3 13 33 5 24 21 17 16 25 7 30 34 23 32 18 27 12 14 31 9 28 11 26 20 29 
16 11 29 30 32 17 28 8 26 1 14 6 23 10 18 5 13 19 2 27 33 9 7 20 12 22 24 4 15 3 21 31 25 34 35 
9 26
14 17
11 28
13 17
34 35
13 30
5 8
13 32
6 7
14 31
26 32
15 30
9 21
10 18
21 31
11 27
1 28
7 28
22 28
16 25
27 28
18 20
12 34
4 10
4 5
5 24
2 32
15 29
6 23
14 15
28 32
10 23
17 18
2 28
15 33
5 14
19 34
3 18
6 13
19 23
27 34
10 29
7 8
22 32
21 24
4 32
11 15
9 34
22 26
3 11
17 34
8 9
4 12
9 25
24 31
6 14
14 22
5 30
3 34
20 26
11 31
6 32
13 16
12 24
1 5
16 32
1 10
3 27
8 25
14 28
4 28
26 33
21 33
3 33
10 19
21 30
11 26
26 30
22 29
12 29
10 32
23 24
4 6
3 22
8 22
14 25
24 25
10 20
12 23
7 34
18 22
12 32
4 8
15 32
9 29
25 32
14 26
10 26
9 18
15 19
1 20
32 33
30 33
12 20
17 28
13 25
11 34
8 10
17 33
4 13
2 13
8 29
4 24
20 27
19 21
27 32
25 29
7 14
6 18
12 14
1 23
13 28
2 3
1 9
9 27
14 16
7 13
6 31
29 32
11 29
26 31
12 30
10 33
1 7
13 31
9 12
5 9
3 25
10 11
19 26
24 26
6 21
15 31
10 21
1 29
31 32
8 14
23 30
12 33
9 28
8 20
14 27
19 25
15 18
10 22
16 18
12 21
17 19
7 32
4 14
3 30
19 35
14 20
5 28
27 35
7 9
6 19
15 17
22 35
20 23
7 26
2 21
9 35
16 34
11 32
1 8
14 32
4 30
