35 35 297
14 24 34 1 17 25 11 5 6 22 18 30 35 12 23 7 28 21 8 3 27 20 26 31 15 13 9 16 33 32 29 4 10 2 19 
2 17 10 33 15 3 22 27 7 26 19 18 20 11 23 16 28 14 4 29 34 1 21 25 5 12 35 13 24 9 6 8 30 31 32 
19 14 24 5 22 13 7 29 27 35 23 18 34 6 16 26 1 25 3 21 9 17 32 28 31 2 4 11 15 10 30 12 20 8 33 
7 24 20 1 15 31 33 27 29 3 2 16 23 34 25 14 11 21 35 9 26 28 4 5 8 22 30 32 10 19 6 13 12 18 17 
24 8 29 14 6 10 26 1 9 17 15 32 7 13 19 2 35 21 31 20 16 34 5 3 23 27 22 11 4 12 18 33 30 25 28 
15 26 27 34 35 4 25 5 2 24 10 30 8 22 16 6 3 31 28 29 32 19 9 17 11 7 23 20 1 13 12 18 21 14 33 
1 26 22 2 10 35 17 8 28 29 5 24 4 33 3 7 30 15 31 6 9 19 21 18 25 34 13 32 23 16 12 14 20 11 27 
17 1 27 20 28 3 29 23 24 35 7 33 13 2 18 4 21 32 11 22 34 12 19 15 5 10 9 26 6 14 30 8 16 31 25 
14 6 25 16 19 15 3 32 4 29 20 2 31 26 12 27 13 34 5 22 18 35 21 30 11 9 24 28 23 10 17 1 7 33 8 
16 7 12 19 15 35 10 29 24 4 17 8 9 31 6 11 14 33 32 5 27 30 20 1 2 26 22 21 3 23 34 13 18 28 25 
21 11 33 24 23 18 8 28 14 34 3 35 13 9 1 15 27 4 32 6 10 17 29 5 2 22 12 25 20 16 19 31 30 7 26 
30 5 15 8 33 18 32 10 29 11 20 3 23 17 1 13 14 4 6 28 26 22 9 34 24 21 25 35 19 12 7 2 27 31 16 
23 4 24 6 3 7 25 15 27 22 28 21 1 29 18 31 10 33 5 30 35 16 12 32 19 26 2 9 14 11 17 20 34 8 13 
27 14 17 30 33 32 15 6 20 26 16 11 22 3 4 24 28 1 12 21 8 10 31 13 23 7 34 9 5 35 2 18 29 25 19 
10 14 19 26 6 8 33 25 28 3 13 24 27 11 16 17 34 9 23 21 12 29 18 22 35 30 1 20 32 7 4 2 31 15 5 
2 29 3 20 25 31 35 5 32 30 4 15 22 7 18 23 6 33 24 1 13 12 14 10 17 11 8 34 27 28 21 26 9 19 16 
14 7 3 28 23 13 15 25 24 29 31 11 18 32 9 22 26 8 35 27 10 6 2 33 16 19 21 30 20 1 5 12 4 17 34 
15 3 4 6 22 12 35 5 34 10 20 17 19 31 23 11 8 16 30 28 26 9 24 29 13 21 18 14 32 7 27 2 33 25 1 
34 20 28 23 8 11 9 3 29 33 5 19 35 2 30 12 6 10 7 25 31 22 15 17 1 4 13 14 21 24 16 32 26 18 27 
14 35 13 32 29 15 24 34 1 7 6 17 20 4 2 19 30 25 9 31 33 28 22 23 3 26 11 10 27 21 18 16 12 5 8 
17 31 27 28 35 4 15 10 9 34 12 16 6 29 30 26 7 33 8 22 23 25 18 21 13 1 5 24 3 20 11 32 14 2 19 
31 9 18 28 20 26 6 8 23 24 19 5 1 33 10 7 11 32 30 14 27 29 15 25 22 13 12 2 35 34 21 17 3 16 4 
23 10 27 29 3 26 34 19 6 31 2 9 25 21 16 4 7 33 35 13 11 28 32 18 22 17 8 5 14 12 24 30 20 1 15 
8 35 6 11 31 26 2 21 16 7 14 10 17 23 12 29 19 3 22 34 25 33 32 30 4 27 24 5 28 13 18 15 20 9 1 
17 9 32 18 28 26 5 29 12 35 25 1 27 22 7 21 24 31 2 3 34 10 11 19 23 8 16 6 15 4 13 20 14 30 33 
13 1 11 19 32 35 7 14 20 9 33 31 27 22 15 5 2 18 26 12 8 34 24 4 30 23 17 6 25 16 10 21 3 29 28 
34 31 10 23 17 7 20 27 5 29 11 19 18 3 9 6 16 30 21 35 26 33 32 14 1 24 22 8 12 25 2 13 15 28 4 
35 16 5 9 15 17 26 3 8 32 13 31 34 27 22 12 24 20 7 28 6 33 4 10 30 25 29 11 18 1 14 2 21 19 23 
7 20 6 19 5 24 9 18 31 2 17 11 14 34 35 13 29 21 15 32 8 26 33 23 27 10 22 16 1 12 30 3 4 28 25 
27 14 29 35 34 24 1 6 15 5 32 3 33 23 11 22 18 10 17 9 28 16 4 20 19 21 8 26 13 31 7 30 25 12 2 
2 27 21 3 26 5 22 35 14 33 18 17 13 10 1 25 12 28 9 30 6 23 7 4 15 19 29 34 31 20 8 32 11 24 16 
2 33 8 35 27 22 14 3 34 31 29 18 6 5 9 24 32 20 28 13 21 15 16 12 10 30 19 1 17 11 26 7 4 25 23 
26 6 25 21 1 10 4 27 24 18 9 2 12 11 32 20 22 33 17 35 8 14 29 28 34 15 23 30 3 31 19 5 7 13 16 
32 19 30 22 34 23 12 9 8 33 2 24 6 27 10 26 18 25 11 35 20 4 7 31 21 5 1 16 28 17 29 15 14 13 3 
34 6 25 8 17 19 35 28 14 23 2 9 12 31 18 15 11 10 13 27 32 16 26 3 1 33 7 21 20 5 4 29 24 22 30 
15 27
24 30
5 31
20 25
3 35
10 17
15 20
6 28
21 28
7 12
26 28
17 20
16 28
12 31
2 22
17 25
23 26
13 30
13 32
3 24
14 31
20 35
4 19
26 32
14 18
6 10
20 30
11 22
28 35
11 27
22 28
13 20
12 28
8 15
23 25
4 10
2 6
9 14
18 35
15 34
5 11
29 30
13 35
8 21
14 24
19 24
2 32
9 16
15 29
6 23
5 21
28 32
7 22
6 26
12 22
33 34
17 18
7 35
13 23
3 12
22 25
23 28
4 15
8 31
9 30
25 33
6 13
5 27
4 21
10 29
15 16
11 16
7 21
22 23
17 29
13 26
11 35
1 15
4 12
3 28
4 31
3 17
1 33
9 25
5 30
7 15
6 29
21 27
12 13
11 31
6 32
2 23
1 5
16 32
13 29
3 6
18 31
1 10
14 34
3 27
14 28
4 28
19 28
24 28
6 11
14 19
3 33
16 23
21 30
29 33
12 18
26 30
17 22
16 26
1 19
13 19
2 24
10 32
17 27
23 24
27 31
4 11
3 5
18 32
5 10
8 22
14 25
5 7
20 33
4 17
26 34
11 20
10 20
23 33
6 27
7 17
16 20
11 25
13 22
2 29
18 22
8 13
23 31
12 32
10 15
9 29
25 32
5 26
30 31
19 22
10 26
9 18
4 22
15 19
11 14
4 33
11 19
1 20
16 17
7 20
30 33
32 33
2 19
1 25
17 28
9 33
22 27
12 20
3 10
2 30
18 27
24 34
4 24
3 16
19 32
9 24
6 15
14 23
20 27
19 21
15 22
22 34
7 14
6 18
11 30
1 23
8 33
16 30
6 33
7 27
12 25
2 20
1 4
17 31
13 28
3 9
2 3
3 26
2 14
1 35
15 24
6 8
21 32
20 24
3 32
10 16
7 13
6 31
21 29
1 18
17 21
16 27
7 30
10 33
2 25
23 27
13 31
3 4
9 12
18 33
5 9
4 7
8 23
14 30
5 6
19 26
9 22
15 31
6 21
21 35
20 29
10 21
25 27
16 21
6 24
5 32
29 35
7 29
22 31
16 24
31 32
13 21
3 14
8 14
2 26
1 2
4 9
28 30
9 15
18 34
3 20
10 12
9 28
14 27
5 25
4 23
19 25
10 27
9 17
6 22
16 18
32 34
1 24
33 35
9 32
22 24
13 24
17 19
17 32
23 29
4 14
3 30
9 10
3 19
25 34
8 17
14 20
4 20
6 12
6 19
21 25
12 15
11 17
22 35
26 27
30 35
12 26
13 14
9 35
17 30
13 27
11 32
3 8
18 29
17 35
3 29
24 32
