35 35 238
11 8 28 26 13 23 7 16 33 19 20 24 2 29 1 5 21 27 15 14 22 35 30 17 4 18 32 31 3 34 25 10 9 6 12 
17 15 20 5 7 11 6 10 26 19 29 23 27 21 35 30 12 22 9 4 24 34 3 16 8 31 18 1 33 32 28 13 14 2 25 
27 12 16 32 7 2 30 25 22 11 24 5 18 6 23 29 26 4 20 15 10 14 13 31 1 34 9 8 33 3 28 19 35 17 21 
3 25 20 28 22 29 9 7 8 1 24 23 11 26 21 32 30 35 27 34 14 18 12 19 6 5 10 33 17 2 4 15 31 13 16 
26 11 24 10 34 22 29 25 30 20 1 21 4 17 2 33 13 6 31 23 5 18 35 14 16 32 28 27 7 9 15 8 12 19 3 
25 4 14 12 24 30 13 5 18 28 6 16 7 23 8 26 2 1 31 11 3 22 29 35 33 32 15 17 34 27 20 9 21 10 19 
35 34 17 29 13 21 23 16 8 27 26 3 30 31 33 2 20 14 4 28 7 10 15 9 11 1 24 12 22 25 19 6 5 32 18 
29 11 6 1 21 28 8 31 2 19 26 25 7 5 9 35 20 27 17 13 32 10 14 33 34 30 4 22 12 3 23 18 15 16 24 
19 15 22 8 1 16 11 26 5 3 31 14 27 4 10 6 18 13 35 34 30 29 23 12 7 21 28 9 32 25 33 20 24 2 17 
21 9 22 24 19 7 32 20 33 3 35 10 34 13 30 26 25 16 18 4 31 15 2 8 27 12 5 29 17 14 28 6 11 1 23 
4 34 18 6 2 7 12 8 11 15 3 24 10 25 21 28 13 20 5 31 27 16 22 14 1 19 30 32 23 35 26 17 9 33 29 
6 18 5 13 4 21 15 7 30 2 14 1 16 24 32 20 34 11 17 25 29 8 33 23 3 26 12 22 35 27 10 31 9 28 19 
19 23 15 33 4 29 5 30 2 20 1 7 32 3 26 24 28 21 17 35 25 34 6 16 10 12 14 27 22 9 8 31 18 13 11 
8 10 23 35 13 9 11 33 31 19 14 28 4 2 24 20 6 5 22 16 7 1 29 17 25 3 26 15 18 34 12 32 30 21 27 
13 19 14 9 16 28 5 29 4 23 21 33 27 34 35 24 15 32 17 30 6 18 25 31 26 22 8 12 3 7 11 2 1 20 10 
12 11 25 28 35 33 20 15 3 2 19 9 17 16 31 29 5 4 7 1 8 30 21 6 32 23 24 10 22 27 34 26 18 13 14 
25 19 24 17 9 15 27 5 2 1 33 4 7 6 14 8 10 26 31 32 35 3 22 28 16 29 34 11 20 13 18 12 23 21 30 
15 1 23 4 27 3 33 7 25 16 12 5 8 2 20 28 26 31 29 22 11 19 14 6 18 34 35 9 32 13 30 10 21 17 24 
14 23 22 15 12 28 35 34 16 24 10 31 29 1 21 6 25 18 2 8 19 3 11 30 7 33 4 32 27 9 13 20 26 17 5 
32 28 26 18 34 23 10 35 29 33 21 6 15 12 22 25 17 16 11 9 20 7 13 3 27 1 5 30 14 31 8 19 24 4 2 
9 30 35 16 17 15 3 22 31 11 18 24 8 6 23 29 34 33 21 14 26 32 5 4 7 19 28 27 10 20 13 12 25 1 2 
26 16 14 28 23 6 24 34 20 7 21 33 11 4 25 18 29 19 13 27 2 17 3 10 15 9 22 31 12 5 30 1 8 32 35 
33 12 27 30 28 6 23 31 29 1 4 7 20 34 5 8 15 11 35 17 26 24 3 16 2 14 13 19 25 32 10 18 22 9 21 
35 12 15 25 11 7 8 21 20 9 19 3 26 33 27 22 17 30 18 5 10 6 31 24 13 28 34 23 16 14 2 32 4 1 29 
9 4 7 31 2 12 5 17 6 3 10 21 19 16 33 15 11 28 23 18 13 22 27 20 32 29 25 24 26 35 30 34 8 14 1 
2 3 35 14 26 28 24 34 5 13 7 17 16 8 31 11 20 9 29 18 12 27 21 22 6 15 30 25 10 33 19 4 32 23 1 
22 17 3 11 13 35 25 27 6 33 9 4 20 1 30 2 14 12 8 26 10 19 28 34 15 16 32 23 7 24 21 18 5 31 29 
14 5 1 2 27 32 21 18 31 28 23 10 30 20 16 13 7 22 33 34 15 9 8 3 6 4 19 29 24 11 25 35 26 12 17 
20 26 31 4 33 11 10 8 9 5 13 16 15 24 2 27 14 28 29 34 1 12 18 3 17 35 32 7 25 21 23 22 6 30 19 
28 10 2 33 35 29 15 11 16 19 12 26 18 7 32 4 8 13 3 34 17 20 1 21 23 14 9 22 6 25 30 5 24 31 27 
34 6 29 22 32 16 31 9 21 10 8 26 1 25 5 7 17 3 30 24 18 19 15 28 23 33 12 2 14 13 20 4 35 27 11 
7 26 20 19 14 17 29 11 33 5 28 25 21 31 22 23 24 3 4 32 15 10 9 16 13 6 35 27 18 12 1 30 34 2 8 
15 25 3 7 12 22 13 32 33 17 10 26 24 14 1 35 8 27 2 16 34 29 11 28 18 5 30 23 19 6 4 31 21 20 9 
31 14 23 28 16 18 26 4 25 5 20 3 6 11 35 29 22 21 24 30 7 27 8 9 12 33 13 17 2 1 15 32 19 10 34 
31 8 12 5 11 10 34 26 29 14 15 24 6 27 4 30 17 33 2 22 23 13 19 18 9 16 1 7 35 25 20 32 21 28 3 
24 30
14 17
5 31
6 28
26 28
16 28
6 35
13 17
1 6
17 25
34 35
18 19
3 7
8 24
6 7
14 31
4 19
26 32
15 30
11 22
10 18
28 35
23 35
21 31
12 17
11 27
1 28
12 28
2 27
8 15
4 10
2 6
13 35
29 30
10 13
4 16
10 24
9 16
14 15
28 32
10 23
16 19
5 34
12 22
1 31
33 34
7 35
22 25
13 23
1 12
4 15
15 33
4 26
8 18
6 13
4 21
27 34
7 8
11 16
8 35
1 26
16 35
8 9
17 34
3 28
8 28
19 33
9 25
15 26
7 15
20 21
12 13
1 16
26 29
6 32
2 23
17 24
3 27
8 25
4 28
26 33
24 28
9 20
15 25
16 23
7 18
11 26
17 22
7 31
31 34
10 32
2 24
17 27
4 11
2 7
18 32
13 34
4 17
10 25
2 33
15 28
6 20
20 28
7 17
16 20
12 23
11 25
22 30
3 15
18 22
23 31
12 32
4 8
2 8
15 32
5 13
4 27
25 32
5 26
4 22
11 14
10 26
19 22
22 33
4 33
11 19
16 17
32 33
2 19
17 28
7 33
2 30
17 33
9 11
8 29
25 35
14 23
6 15
20 27
19 21
10 31
25 29
5 29
6 18
21 26
8 33
7 27
6 33
16 30
12 25
2 20
1 4
17 31
2 3
2 14
1 35
24 29
6 8
3 32
10 16
6 31
21 29
29 32
11 29
26 31
7 30
16 27
2 25
1 7
10 33
23 27
27 30
9 12
3 25
10 11
8 23
14 30
4 18
9 22
24 26
6 21
26 35
6 24
1 29
10 34
1 2
27 29
23 30
12 33
28 30
18 34
15 35
29 31
3 20
14 27
5 25
4 23
19 25
10 27
15 18
7 10
6 22
4 34
32 34
9 32
33 35
7 32
17 19
22 24
1 24
3 13
18 24
8 11
2 31
4 14
3 30
2 10
24 35
4 25
9 31
25 34
14 20
5 28
8 17
19 20
22 35
12 15
20 23
21 22
12 26
30 35
17 30
16 34
18 29
17 35
3 29
8 27
19 30
