35 35 178
3 9 11 31 35 29 23 7 10 15 1 5 26 34 28 24 33 27 8 32 4 19 25 14 17 13 22 12 20 18 16 21 30 2 6 
15 10 34 27 4 26 3 22 8 30 13 7 23 5 6 28 12 11 1 35 33 18 20 9 17 16 25 2 21 14 24 31 32 29 19 
25 9 4 17 34 11 2 3 15 1 27 7 10 23 31 28 30 20 19 16 6 13 22 35 5 12 26 18 24 21 29 14 8 33 32 
11 27 26 5 1 19 25 6 14 9 32 29 15 21 17 13 4 20 23 35 28 12 10 34 24 7 2 16 18 30 3 8 22 31 33 
31 18 25 20 7 15 9 32 5 34 19 3 8 24 29 14 28 6 17 22 35 30 26 23 33 16 27 13 21 12 1 11 4 2 10 
24 33 15 6 3 8 5 26 20 13 7 28 1 4 2 27 23 32 16 18 10 19 34 29 12 21 14 25 22 11 35 17 9 31 30 
22 1 13 8 21 34 5 32 23 10 35 3 2 33 27 31 19 16 18 26 6 17 30 20 24 25 15 4 12 28 14 7 29 11 9 
8 29 1 3 5 22 4 21 9 11 26 32 35 14 15 19 24 7 16 34 31 10 2 6 13 12 18 23 33 27 17 28 25 20 30 
35 12 5 22 23 31 20 10 34 11 7 2 33 4 18 29 15 6 26 9 28 16 8 13 14 25 24 21 17 30 19 3 32 1 27 
24 16 4 33 21 8 30 31 7 23 32 6 1 22 10 3 34 5 18 14 2 20 19 35 17 9 25 11 27 26 29 13 28 15 12 
18 35 5 29 23 30 14 13 20 22 33 26 6 7 32 12 15 31 34 1 28 11 4 3 10 19 9 16 25 2 8 24 27 21 17 
26 35 10 15 7 34 27 24 30 2 6 22 18 25 5 8 11 32 12 14 28 3 21 31 1 9 17 19 20 4 16 33 23 13 29 
33 32 35 9 17 29 19 13 30 18 8 12 23 10 5 14 25 21 15 6 4 24 7 31 1 26 16 2 28 22 27 34 11 3 20 
23 4 30 32 25 16 1 8 33 6 9 34 7 22 19 18 35 2 17 14 11 10 28 20 31 29 27 13 26 15 12 24 5 21 3 
26 1 25 11 31 27 35 33 19 10 29 28 24 6 23 15 30 9 16 13 20 34 7 21 22 18 5 8 17 14 2 4 32 12 3 
14 12 3 25 30 24 27 15 29 31 22 34 5 28 17 20 13 6 35 10 4 26 19 21 16 32 2 11 1 33 23 8 18 9 7 
18 3 31 35 16 29 13 2 4 8 11 9 27 33 21 5 19 6 28 1 12 14 23 24 20 17 30 34 25 32 15 7 26 22 10 
27 5 20 17 7 1 8 4 31 29 3 22 23 2 15 19 34 28 32 14 18 11 24 21 10 30 12 25 33 9 35 13 6 16 26 
28 19 29 22 31 10 4 20 21 5 12 3 25 9 26 1 32 34 7 23 30 8 35 11 18 17 2 15 14 6 13 16 24 27 33 
10 16 7 18 22 28 2 24 8 4 9 14 26 19 11 1 21 31 20 34 12 33 32 25 27 6 13 5 17 3 30 15 29 23 35 
6 28 8 26 1 12 11 32 34 2 3 25 18 20 9 17 21 35 30 7 24 31 13 4 15 22 19 14 5 27 33 10 23 16 29 
31 30 28 11 26 8 18 3 12 33 17 22 25 32 2 14 29 35 5 23 20 10 6 9 27 19 21 7 1 4 24 34 15 13 16 
4 33 14 24 21 26 19 7 3 1 25 18 32 13 31 35 15 23 11 27 12 9 30 16 29 2 10 22 5 17 20 6 34 28 8 
23 16 2 3 22 14 21 12 32 24 30 1 10 18 15 13 9 25 28 27 34 33 8 11 19 6 20 31 4 5 7 35 26 29 17 
26 3 31 5 8 12 19 15 33 14 35 20 11 28 6 32 10 4 23 1 18 9 21 30 24 16 34 29 2 13 25 22 17 7 27 
27 6 35 22 14 9 31 26 2 20 12 34 4 5 8 1 19 13 17 10 16 28 25 11 30 15 24 21 29 23 3 32 7 33 18 
29 14 27 19 30 33 12 31 26 34 32 17 1 23 24 5 22 6 3 28 15 4 35 2 16 11 9 25 21 20 13 18 8 10 7 
34 13 21 11 32 10 22 28 20 24 3 6 9 2 29 25 33 16 30 7 35 15 17 18 19 12 14 27 26 1 8 5 4 23 31 
16 8 26 7 32 14 9 23 27 2 33 22 35 18 25 21 11 17 20 1 34 12 19 30 31 3 6 24 28 13 10 29 15 4 5 
26 4 12 35 27 20 23 6 31 18 24 9 22 32 13 19 17 28 33 7 15 21 34 16 2 30 3 29 1 8 5 11 14 10 25 
6 8 11 10 25 31 22 21 3 33 32 2 35 23 13 17 7 12 26 4 27 24 34 19 9 30 20 15 5 16 1 28 14 29 18 
13 28 21 19 25 10 22 15 24 18 2 17 16 32 4 29 11 27 8 14 5 35 23 9 20 6 26 7 1 34 31 33 30 12 3 
13 2 5 4 24 28 31 3 14 17 34 33 7 15 26 8 21 10 12 23 1 32 30 27 18 20 6 29 25 35 9 22 19 16 11 
2 35 25 9 6 33 29 28 4 7 13 27 31 12 8 32 30 5 11 17 15 1 14 10 20 18 3 26 19 34 24 21 23 22 16 
12 28 7 24 17 9 26 22 3 31 16 20 32 18 6 4 2 33 19 29 34 13 27 30 21 15 1 25 11 10 5 35 14 23 8 
24 30
14 17
7 12
21 28
1 17
7 25
6 35
1 6
2 5
18 30
5 8
8 24
14 31
6 7
24 27
5 18
7 19
6 25
11 27
13 20
12 28
15 34
29 30
4 5
10 13
14 24
2 32
4 35
28 32
16 19
2 17
7 35
13 23
1 12
3 18
6 13
7 8
6 16
21 24
22 32
11 16
8 35
12 27
1 26
16 35
8 9
14 33
4 12
9 25
24 31
15 26
20 26
3 34
27 33
25 30
1 16
8 32
7 24
6 32
12 24
1 5
17 24
3 6
14 28
4 28
26 33
15 25
5 17
20 31
3 33
21 30
12 18
11 26
17 22
16 26
12 29
27 31
18 21
2 24
3 5
2 7
9 13
13 34
3 22
14 25
10 25
24 25
5 20
20 28
10 20
23 33
7 34
22 30
13 22
2 29
1 3
18 22
2 8
3 21
22 33
16 17
17 28
22 27
11 34
17 33
4 13
2 13
9 11
4 24
1 32
14 23
6 15
7 14
22 34
20 22
11 30
1 23
8 33
16 30
6 33
13 15
21 23
1 9
1 35
24 29
14 16
21 32
5 16
7 13
29 32
17 21
2 25
3 4
18 33
4 7
20 34
19 26
21 35
5 19
11 23
6 24
29 35
11 24
1 29
7 29
13 21
10 34
9 15
18 34
10 12
5 25
4 23
9 32
17 19
8 11
4 14
24 35
5 15
25 34
6 12
27 35
7 9
15 17
12 15
11 17
1 22
8 34
16 31
20 23
30 35
16 34
13 27
3 8
18 29
17 35
14 32
3 29
4 30
