35 35 238
17 7 15 34 33 23 6 10 30 25 2 9 13 35 4 20 14 26 28 31 18 22 32 12 5 19 21 8 16 29 27 11 1 24 3 
34 4 9 7 24 1 33 23 14 22 5 25 19 11 3 20 6 12 32 35 28 2 31 10 30 21 29 26 18 8 13 15 16 17 27 
31 7 13 26 1 23 30 20 9 19 32 3 4 22 12 10 28 8 24 18 11 17 14 25 29 6 34 16 5 35 15 27 21 2 33 
20 4 1 21 11 14 34 25 17 12 28 33 9 3 30 32 10 6 27 31 15 19 5 35 23 7 13 22 2 24 8 18 16 29 26 
15 31 18 24 4 23 1 5 13 22 34 16 30 27 33 19 6 11 3 28 7 20 12 26 25 10 9 14 8 35 17 32 21 29 2 
7 16 23 6 32 31 21 24 18 14 29 22 5 34 8 35 11 2 20 13 28 30 9 17 10 33 25 3 27 26 4 12 1 19 15 
2 12 16 15 22 20 10 6 7 23 26 14 1 24 18 35 25 33 21 19 5 32 9 28 34 27 31 29 17 8 30 4 3 11 13 
9 10 25 23 31 21 4 20 12 14 2 26 30 3 5 34 16 6 24 11 28 22 18 15 27 1 33 7 17 13 29 35 8 32 19 
25 31 14 4 17 27 1 18 20 13 2 23 8 34 28 29 33 12 15 22 10 24 30 26 32 7 19 5 3 9 35 21 16 6 11 
2 12 21 9 28 33 29 14 15 25 35 34 27 8 22 11 1 19 18 24 16 5 4 6 13 26 7 20 3 32 23 31 10 17 30 
22 18 23 7 19 16 14 11 9 5 35 29 31 13 25 32 26 1 34 15 6 33 2 8 28 4 27 24 30 3 12 17 10 20 21 
6 29 31 18 11 21 23 28 13 15 3 24 1 27 5 10 8 4 33 22 30 12 25 9 34 19 35 7 16 2 17 14 32 26 20 
15 21 4 8 7 5 29 18 35 28 14 26 19 2 11 24 22 34 32 20 16 9 33 30 6 25 3 1 12 10 31 23 27 17 13 
33 14 25 35 17 15 13 34 27 29 30 11 32 10 12 7 19 20 2 28 23 22 24 21 6 31 18 5 16 8 4 26 3 9 1 
20 33 25 35 10 34 28 22 26 13 14 11 30 29 7 6 18 4 15 32 24 31 2 17 19 21 1 16 12 9 27 8 23 3 5 
30 34 21 24 26 9 11 23 29 3 13 18 7 10 20 4 5 6 1 19 28 27 31 17 2 12 32 35 16 8 25 14 22 15 33 
25 31 21 18 34 24 4 8 19 3 9 11 26 13 32 6 28 14 5 23 27 17 30 2 29 35 1 16 33 7 22 20 15 10 12 
9 28 19 26 31 22 8 4 21 30 5 6 29 16 2 27 15 34 24 25 14 13 20 18 33 10 17 12 23 32 7 11 3 1 35 
2 10 15 18 34 25 11 35 6 19 5 32 27 4 20 30 29 3 28 17 24 21 23 14 22 33 9 26 8 7 31 1 12 13 16 
17 1 20 15 27 16 18 12 11 8 34 24 19 2 4 30 28 7 26 10 6 29 21 31 14 13 33 32 35 23 9 5 22 25 3 
1 20 6 5 23 2 24 27 25 21 33 10 17 31 16 28 29 26 11 19 7 4 3 12 8 32 35 9 15 30 14 18 13 22 34 
20 30 28 3 8 19 21 10 25 12 24 32 22 4 16 14 9 7 2 29 15 13 31 35 11 27 23 26 17 18 5 6 34 33 1 
11 25 16 26 7 13 10 15 34 1 4 8 24 2 35 28 30 32 31 27 21 18 5 12 19 3 20 14 9 29 33 6 23 22 17 
28 32 19 3 12 14 10 22 31 33 4 5 1 18 9 2 16 27 17 30 26 15 21 24 35 20 8 7 29 6 13 25 34 11 23 
13 7 6 32 15 4 14 20 12 24 5 31 19 1 8 34 27 10 30 26 35 29 33 17 18 9 16 2 21 23 11 28 22 3 25 
19 31 22 16 29 13 24 27 34 7 21 17 32 5 12 28 1 33 20 11 4 30 6 14 15 10 26 2 35 25 9 8 18 3 23 
4 25 35 29 32 12 30 33 18 17 9 27 19 23 31 13 15 14 10 8 3 28 5 26 2 16 24 34 1 7 6 22 21 11 20 
31 33 13 32 24 14 27 9 35 11 23 21 16 19 28 29 2 6 17 8 20 7 25 15 5 34 10 1 26 30 3 18 22 4 12 
22 6 34 29 14 17 3 1 27 24 32 21 7 19 26 2 33 30 13 25 23 5 12 9 28 4 20 31 15 11 10 16 8 35 18 
20 12 17 27 32 18 29 26 35 23 6 31 2 15 1 21 3 22 19 33 11 24 5 16 8 4 13 25 10 7 14 34 9 30 28 
16 17 22 2 35 3 21 11 9 4 14 19 32 1 31 29 10 7 30 20 26 34 12 28 18 13 23 25 6 5 27 8 15 33 24 
17 3 33 6 19 4 11 10 16 29 21 23 25 15 5 12 14 31 26 8 30 1 22 18 9 2 24 20 32 27 28 34 7 35 13 
35 31 30 24 4 1 33 11 12 32 23 22 13 15 34 7 26 3 27 10 2 21 19 20 8 28 16 25 5 18 9 17 14 29 6 
34 5 19 4 27 6 7 28 35 18 8 32 21 1 14 29 16 30 24 10 33 15 25 2 3 12 11 13 26 22 17 20 23 9 31 
17 35 12 24 6 8 18 15 21 20 14 19 11 30 26 2 22 10 32 1 5 29 31 3 7 9 16 23 4 27 13 25 33 34 28 
1 34
15 27
6 9
5 31
6 28
11 28
17 20
7 25
23 26
3 7
2 5
18 30
13 32
5 8
3 24
8 24
9 21
28 35
10 18
7 19
23 35
12 17
1 28
17 23
7 28
31 35
12 28
27 28
18 20
23 25
4 10
2 6
18 35
4 5
3 23
8 21
14 24
4 16
14 15
6 23
4 35
7 22
6 26
5 34
12 22
2 17
7 35
22 25
3 12
18 25
8 31
9 30
25 33
6 13
14 21
5 27
27 34
10 29
7 8
22 32
21 24
8 35
30 32
12 27
1 26
17 29
16 35
22 26
3 11
1 15
17 34
4 12
8 28
24 33
3 17
9 25
24 31
3 34
10 30
27 33
26 29
8 32
16 29
1 16
1 5
3 6
1 10
18 31
14 28
19 28
26 33
3 33
16 23
6 30
23 34
12 18
26 30
17 22
16 26
22 29
31 34
12 29
10 32
18 21
27 31
23 24
2 7
18 32
5 10
4 6
3 22
8 22
14 25
19 27
10 25
9 23
24 25
6 20
15 28
28 33
5 33
1 30
31 33
3 15
1 3
18 22
23 31
4 27
10 15
8 19
14 26
4 22
2 34
9 18
7 11
6 17
5 23
10 26
11 19
1 20
16 17
7 20
30 33
9 33
17 28
3 10
8 10
3 31
8 29
4 24
9 24
8 16
6 15
5 29
14 23
10 31
27 32
15 22
11 30
8 33
16 30
7 27
30 34
21 23
1 4
16 33
13 28
3 9
2 3
11 33
14 35
19 31
9 27
1 35
20 24
7 13
15 21
11 29
1 18
17 21
2 25
1 7
23 27
13 33
10 11
14 30
5 6
20 34
9 22
15 31
7 16
6 24
12 16
11 24
16 24
31 32
13 21
3 14
22 31
1 2
18 23
23 30
4 9
28 30
5 12
3 20
4 23
15 18
7 10
11 18
16 18
7 23
12 21
2 16
33 35
3 13
18 24
8 11
4 14
9 10
24 35
5 15
8 17
25 34
4 20
19 20
10 28
12 15
11 17
1 22
30 35
12 26
9 35
11 32
3 8
14 32
3 29
2 15
