35 35 119
3 16 11 8 5 32 4 29 15 13 24 20 34 18 2 12 17 22 1 9 10 30 7 14 19 6 35 23 31 21 26 25 28 33 27 
17 23 7 25 5 33 27 2 9 6 3 8 18 12 4 19 35 14 11 21 24 32 28 1 10 16 31 26 13 30 34 15 22 20 29 
1 12 23 31 10 15 27 30 6 35 21 26 33 29 24 5 18 4 20 28 11 22 32 2 7 3 17 25 16 9 8 14 34 19 13 
27 25 1 31 19 21 7 11 13 14 16 3 24 2 28 23 33 15 30 6 8 9 10 18 17 22 20 32 12 29 34 26 5 35 4 
19 22 5 12 15 6 13 7 23 14 32 24 17 31 30 27 8 33 11 34 29 25 35 4 9 18 2 20 26 1 28 16 21 10 3 
4 19 24 21 2 11 27 31 18 35 9 12 32 23 30 1 13 3 29 7 26 28 22 15 14 6 25 20 5 16 33 10 17 34 8 
1 20 4 12 19 21 29 11 14 7 23 15 17 10 33 8 27 18 3 34 13 32 2 24 5 6 25 26 22 16 31 9 35 28 30 
1 25 19 34 7 14 28 18 32 5 12 29 20 15 17 30 2 31 35 9 10 23 26 21 4 16 13 3 8 27 11 33 24 6 22 
31 29 5 13 32 21 25 30 6 35 7 14 26 27 33 12 1 10 3 15 22 18 16 24 19 2 34 17 4 8 23 9 28 20 11 
10 1 20 21 3 22 4 6 30 12 31 13 27 8 33 28 18 15 34 14 17 9 25 19 16 32 24 29 35 7 2 26 23 5 11 
9 32 1 3 24 35 6 29 20 27 18 34 26 2 5 23 17 19 4 30 7 22 11 28 12 10 8 15 31 21 33 16 14 13 25 
35 34 22 30 11 18 16 8 31 14 15 17 2 29 5 28 4 32 33 23 19 27 25 1 6 10 7 20 24 3 9 12 26 21 13 
3 4 8 27 19 33 12 17 16 29 7 22 24 13 15 18 14 35 6 2 5 25 21 28 32 34 30 31 1 23 20 26 10 11 9 
28 30 23 7 25 9 15 10 11 19 21 14 24 26 12 17 18 1 6 2 29 32 31 5 35 20 4 8 34 13 33 16 27 3 22 
5 23 1 15 21 4 9 20 14 11 34 13 25 16 30 29 17 31 3 24 35 18 12 28 8 6 33 22 10 27 26 7 19 2 32 
9 32 2 11 25 16 28 22 29 10 20 6 34 7 27 35 33 17 26 23 4 13 5 1 8 14 31 3 30 12 21 24 19 15 18 
32 9 31 30 7 2 29 27 34 13 17 26 6 25 15 21 24 3 20 8 35 14 4 12 18 1 11 33 10 16 5 23 19 28 22 
22 30 11 13 27 29 24 20 6 17 33 16 12 35 3 34 32 4 2 21 7 18 19 14 8 15 23 9 25 10 28 1 31 5 26 
7 15 16 29 4 18 10 21 14 3 8 34 17 13 31 25 28 6 1 32 11 33 35 23 27 2 5 24 12 19 30 22 20 9 26 
21 34 10 22 23 35 20 1 26 6 25 11 14 16 32 8 4 12 33 28 7 31 15 17 3 29 2 19 30 18 24 9 13 5 27 
6 24 23 12 30 7 2 34 28 14 27 17 31 1 33 3 20 22 35 25 11 9 8 32 16 18 15 13 10 5 29 21 4 26 19 
32 30 33 7 31 17 14 12 11 2 35 23 18 34 10 8 21 20 28 19 15 25 1 29 5 26 27 9 4 3 6 22 13 24 16 
35 8 25 27 26 17 1 22 33 20 14 16 30 23 24 32 5 19 10 34 31 15 21 18 11 28 2 9 7 6 12 13 4 3 29 
25 3 35 11 22 32 5 21 7 26 16 9 34 4 20 19 1 31 2 33 12 13 30 24 18 28 6 10 17 8 23 29 15 27 14 
28 9 16 23 10 3 12 22 4 25 2 30 14 5 20 31 34 15 17 24 35 18 33 11 13 27 21 26 32 8 7 6 1 19 29 
31 15 21 32 14 7 6 8 22 34 26 1 23 10 28 20 24 3 13 29 18 30 5 19 12 25 17 4 2 16 35 9 33 11 27 
22 28 35 2 24 32 23 3 29 7 12 31 6 34 13 16 1 8 14 18 26 21 27 10 9 4 5 19 20 33 17 11 15 30 25 
4 1 18 15 6 17 26 27 2 12 16 33 20 19 5 13 29 28 21 7 8 35 9 25 34 10 3 30 24 14 32 23 22 11 31 
11 9 2 15 32 25 31 13 33 28 17 30 27 26 5 34 22 23 20 6 4 14 7 29 8 3 18 35 19 1 10 24 21 16 12 
30 22 20 32 33 17 29 5 25 26 10 12 11 21 28 27 9 7 6 3 14 16 19 23 13 24 4 34 35 15 1 2 18 31 8 
21 23 27 25 20 18 13 28 2 31 12 9 3 14 19 16 22 1 5 4 35 7 6 10 24 17 29 15 30 34 11 26 8 33 32 
14 22 18 21 35 8 13 2 11 20 34 9 28 17 5 6 26 32 7 24 16 19 31 15 33 25 3 29 23 27 1 10 30 12 4 
12 25 20 10 19 13 4 3 2 5 28 31 24 11 9 32 26 35 23 34 21 27 6 30 15 1 17 16 33 7 8 14 29 18 22 
8 12 5 26 27 9 32 16 7 10 25 24 31 15 33 34 30 23 11 2 1 35 18 19 3 4 29 13 14 21 20 6 22 28 17 
8 22 27 9 4 18 17 19 13 15 32 1 25 26 11 16 34 24 7 12 2 23 5 10 33 30 6 14 31 35 20 28 3 29 21 
20 25
10 17
15 20
6 28
7 12
16 28
2 22
18 19
3 7
13 32
14 31
6 10
28 35
11 22
7 19
27 28
2 6
28 32
7 22
5 34
33 34
7 35
15 33
19 34
10 14
9 30
25 33
8 18
14 21
19 23
7 8
1 21
8 35
12 27
3 11
1 15
14 33
8 28
3 34
12 13
26 29
7 24
16 29
16 32
18 31
14 34
8 25
19 28
5 17
20 31
23 34
12 18
7 31
22 29
31 34
12 29
23 24
3 5
3 22
8 22
19 27
11 20
16 20
6 27
7 17
23 33
2 29
12 32
4 27
19 22
15 19
6 17
11 19
2 30
1 14
17 33
15 22
8 33
16 30
6 33
14 29
4 29
6 8
5 16
3 32
10 16
26 31
17 21
7 30
1 7
18 33
4 18
20 34
5 19
7 29
10 34
3 20
9 28
5 25
10 27
2 35
5 22
9 32
22 24
17 32
4 14
5 15
4 20
19 20
10 28
11 12
12 15
11 17
12 26
1 27
11 32
1 8
2 15
8 27
