35 35 119
35 22 33 1 26 27 2 32 24 21 23 13 15 17 28 19 6 3 30 5 4 20 34 8 18 16 10 25 31 29 14 7 12 11 9 
13 12 26 32 11 16 29 35 30 10 2 24 19 27 6 21 5 33 28 23 1 4 31 14 20 15 18 8 9 3 34 17 22 7 25 
21 29 10 35 7 23 31 4 18 13 16 20 22 3 6 30 19 17 11 27 9 15 26 32 5 12 14 1 8 25 33 2 24 28 34 
23 24 33 32 22 16 7 3 19 34 31 21 8 28 12 13 27 5 4 14 18 11 25 30 15 26 1 29 17 35 2 6 20 10 9 
4 22 34 12 14 6 26 18 32 24 20 29 3 35 27 9 19 25 5 28 21 16 30 1 2 17 7 33 23 10 31 8 11 15 13 
19 32 23 12 25 1 21 35 29 18 33 27 30 7 2 10 31 6 13 34 28 11 24 22 26 3 9 4 15 17 16 20 8 5 14 
6 11 14 7 29 5 8 17 31 27 4 35 19 1 30 10 2 28 23 3 24 25 20 16 18 22 9 34 15 21 12 33 26 32 13 
30 11 10 33 16 7 4 6 12 24 22 21 5 32 2 26 29 34 3 35 15 23 31 9 17 18 27 14 20 13 28 8 19 25 1 
8 9 20 7 6 10 24 35 19 28 3 21 32 13 30 2 26 4 11 14 29 27 31 16 1 18 25 33 15 17 12 22 5 34 23 
3 17 27 14 21 6 4 32 10 33 34 24 25 2 13 30 19 8 12 20 5 22 26 23 16 9 29 18 15 35 7 11 31 1 28 
19 8 2 1 9 26 5 13 31 18 7 14 35 32 28 24 15 10 27 25 23 11 34 22 33 3 12 30 29 17 21 16 4 20 6 
22 29 31 13 6 26 24 12 21 16 15 19 17 3 11 25 2 35 23 28 7 14 27 4 33 18 5 30 20 10 8 34 32 9 1 
11 6 34 13 25 29 35 26 27 9 19 15 28 33 18 23 4 30 8 31 10 5 3 1 17 7 32 22 16 20 14 12 2 24 21 
17 22 35 23 4 28 13 21 6 12 29 31 24 15 27 16 34 10 7 26 20 32 3 30 33 18 2 5 9 1 8 14 19 25 11 
18 22 6 21 32 10 14 33 13 31 29 12 4 30 11 27 26 20 19 16 9 5 24 8 25 28 7 3 23 35 1 17 2 34 15 
32 21 10 15 24 12 2 5 23 35 30 20 16 25 4 1 26 7 14 18 28 3 6 17 22 29 31 9 8 34 33 11 13 19 27 
12 20 4 35 9 5 27 7 6 28 13 14 22 17 2 32 1 19 31 18 3 15 24 10 26 8 25 30 11 33 29 16 23 21 34 
8 33 28 9 18 23 32 29 10 14 12 17 22 16 19 21 2 26 11 27 24 34 35 5 15 1 31 30 20 6 7 13 4 3 25 
22 35 31 11 23 6 20 10 30 21 5 15 29 2 9 8 1 4 19 24 33 32 3 12 14 28 27 34 25 13 18 26 7 17 16 
20 28 9 19 31 1 22 34 21 35 23 30 2 33 15 18 16 13 3 27 25 32 4 8 11 7 17 29 14 12 10 26 5 24 6 
8 12 25 6 13 3 27 30 23 32 16 7 1 9 24 35 19 10 34 11 4 21 22 5 15 29 17 33 14 26 28 18 2 31 20 
32 31 13 33 3 9 5 11 18 19 2 14 27 7 29 8 12 17 15 35 1 21 6 26 23 28 25 22 10 30 24 4 34 20 16 
1 25 11 34 14 7 12 10 20 24 6 17 30 9 32 4 16 8 28 23 3 2 27 26 21 18 15 33 35 19 29 31 22 13 5 
17 23 2 1 24 32 6 31 11 9 5 33 4 28 27 13 21 8 34 26 25 30 12 7 14 29 22 19 35 10 16 20 15 3 18 
26 21 32 14 17 27 30 8 13 34 3 4 33 31 24 10 15 28 25 20 29 12 6 16 5 18 11 35 23 9 7 1 19 22 2 
29 35 10 16 11 21 17 28 5 34 31 24 2 4 20 30 12 23 26 15 14 13 32 8 33 22 18 19 9 3 25 27 6 1 7 
2 29 18 25 19 23 28 35 20 33 15 31 21 12 16 5 30 14 27 13 17 24 7 32 22 10 34 8 6 9 1 3 4 11 26 
18 8 29 21 9 28 35 12 11 17 1 14 10 20 34 16 26 22 4 32 23 7 15 27 2 5 13 6 31 3 24 19 33 25 30 
25 24 17 5 1 21 8 3 35 34 23 33 26 14 2 32 20 29 16 22 12 13 30 11 10 28 19 15 9 31 18 6 27 4 7 
26 16 28 5 8 1 30 29 6 34 25 33 17 3 13 2 20 18 21 22 32 4 7 31 12 23 27 19 15 35 11 10 9 24 14 
1 18 30 28 13 26 10 25 9 21 14 22 3 2 7 19 29 12 8 31 20 24 17 15 33 23 4 6 16 32 27 35 5 34 11 
15 18 12 26 27 2 33 28 23 31 21 14 30 3 5 29 17 24 22 34 11 35 9 16 19 25 8 13 32 6 20 10 4 7 1 
17 14 34 32 5 20 3 18 9 11 21 33 12 8 28 2 7 10 29 22 13 31 23 27 24 6 19 16 30 15 1 26 35 25 4 
13 29 20 10 5 2 4 22 3 19 28 6 31 15 24 26 21 1 23 8 17 33 25 34 16 35 12 27 18 30 11 7 32 14 9 
22 9 32 12 20 24 23 31 15 3 11 19 25 7 18 27 13 21 2 33 1 35 10 4 8 16 29 28 14 30 34 6 5 17 26 
24 30
5 31
25 31
7 12
21 28
1 17
13 17
34 35
18 30
9 21
21 34
12 17
11 27
22 28
18 20
8 15
5 11
8 21
9 16
6 23
7 22
12 22
33 34
22 25
13 23
1 12
8 18
5 27
11 15
22 32
12 27
9 34
18 26
8 9
4 12
2 12
8 28
24 33
20 26
3 34
25 30
15 23
8 32
12 24
13 29
1 10
14 34
4 28
15 25
24 28
16 23
29 33
1 19
13 19
27 31
4 11
14 25
19 27
10 25
20 28
16 20
8 13
12 32
11 14
11 19
7 20
30 33
9 33
17 28
13 25
18 27
3 31
24 34
19 32
10 31
27 32
12 14
11 30
21 23
12 25
30 34
18 28
3 26
2 14
4 29
15 21
6 31
26 31
7 30
27 30
2 4
5 9
15 31
11 23
16 21
6 24
5 32
10 34
1 2
12 33
4 34
5 35
33 35
17 19
13 24
1 13
17 32
23 29
9 10
4 25
9 31
25 34
11 12
10 28
7 9
7 26
13 14
16 34
17 35
