35 35 178
28 27 23 32 31 13 34 22 30 24 19 6 4 18 2 8 12 33 11 17 15 25 7 10 5 21 29 1 9 35 14 26 16 3 20 
28 25 31 35 15 14 8 6 23 22 34 20 33 19 1 27 24 21 26 9 2 16 12 30 4 13 5 18 32 11 7 17 3 29 10 
34 2 13 3 7 10 14 33 28 16 32 6 18 12 24 27 11 1 5 21 17 15 19 4 22 9 30 31 20 25 26 8 23 35 29 
26 18 25 6 5 9 14 34 3 1 33 7 8 28 29 30 24 21 16 20 23 11 17 32 12 31 2 22 4 10 19 13 35 27 15 
30 10 23 34 31 6 21 26 29 5 17 9 24 19 2 35 11 4 28 32 14 18 27 16 7 22 1 20 15 25 3 12 8 33 13 
14 16 13 25 8 32 6 3 24 22 31 23 17 33 28 2 10 26 9 20 11 18 30 15 27 7 4 35 29 34 21 5 1 19 12 
5 1 10 2 14 12 13 21 34 18 4 26 25 9 17 8 22 16 20 11 23 32 24 6 15 31 7 28 35 19 29 30 27 3 33 
19 11 26 9 32 30 35 31 20 16 15 25 28 8 6 23 13 5 18 27 7 3 24 10 34 12 17 1 22 21 14 2 33 29 4 
26 3 9 12 5 7 22 13 21 20 11 28 1 14 15 17 35 10 27 8 4 34 16 32 25 19 2 31 23 30 18 29 24 33 6 
4 27 14 30 5 2 11 29 15 33 1 16 21 18 10 23 6 22 19 34 25 20 9 35 32 3 12 24 17 7 13 8 31 28 26 
21 30 3 34 4 9 29 33 2 22 17 8 7 18 20 1 10 15 27 32 16 14 11 5 35 31 12 24 23 26 6 28 25 13 19 
30 20 12 9 34 29 31 33 11 4 27 24 22 32 25 19 16 10 14 35 28 15 5 6 3 8 1 7 17 13 26 21 23 2 18 
7 26 30 33 16 6 17 2 20 18 24 31 3 14 8 34 9 28 27 32 29 11 5 19 15 25 10 35 13 1 4 23 21 22 12 
21 16 1 22 27 5 34 25 23 8 7 20 13 17 14 9 24 31 35 15 33 28 18 30 32 10 3 11 6 26 12 19 29 4 2 
24 9 2 4 19 18 26 23 1 6 29 17 5 22 27 10 31 12 34 15 7 21 14 20 11 3 16 35 8 28 25 13 33 32 30 
29 9 31 14 21 18 4 2 33 5 28 22 25 12 7 23 3 6 19 13 11 24 15 30 20 17 10 1 26 35 16 8 34 27 32 
23 32 27 4 13 19 14 12 11 2 9 17 25 29 18 21 34 6 28 3 15 5 30 33 7 20 1 26 31 35 22 10 24 8 16 
5 16 8 34 19 1 31 23 6 26 24 28 32 18 4 25 29 21 7 3 11 30 27 10 22 15 12 14 13 33 9 20 17 2 35 
32 12 31 19 3 1 20 16 14 4 33 28 35 22 23 27 5 29 8 11 30 17 18 10 34 26 9 7 2 25 13 24 6 21 15 
1 27 3 16 11 33 10 28 18 24 17 25 5 20 31 9 32 8 7 6 22 2 21 19 35 23 15 12 29 30 14 4 26 13 34 
25 19 16 17 34 13 29 1 14 6 26 35 28 20 22 30 2 24 7 33 23 31 12 10 21 3 18 32 4 5 8 9 27 11 15 
35 14 19 27 13 34 8 15 31 11 4 25 10 5 23 7 29 17 24 6 21 2 20 28 22 26 16 12 9 30 18 33 32 3 1 
23 13 16 15 19 11 18 1 24 7 22 32 10 5 6 28 25 2 20 27 30 8 12 14 35 4 3 9 31 26 34 33 29 17 21 
27 4 33 1 2 9 31 25 32 13 3 16 22 5 21 14 8 15 28 35 24 34 6 20 29 23 7 19 30 12 18 10 26 17 11 
2 14 18 16 9 13 34 20 24 33 23 21 7 27 15 3 32 28 22 1 29 11 30 26 12 19 8 10 25 35 4 31 5 6 17 
12 14 10 21 11 23 2 16 25 30 13 27 8 28 3 35 18 1 9 34 32 17 20 33 22 24 4 5 31 7 29 26 15 6 19 
23 14 21 4 3 32 28 27 30 7 8 15 29 2 26 34 22 33 5 19 10 31 24 35 12 11 13 18 25 6 9 20 1 17 16 
18 16 29 6 22 3 5 32 34 15 23 27 11 7 26 19 31 33 10 13 21 24 8 20 25 12 30 1 14 35 9 17 4 28 2 
9 21 35 11 19 17 31 23 12 2 30 7 5 28 29 20 25 26 6 18 33 22 15 24 8 1 13 32 16 34 10 14 4 27 3 
4 35 21 12 14 24 13 5 1 27 31 30 19 22 20 28 8 29 10 11 7 32 16 25 15 17 34 33 18 3 2 6 26 9 23 
31 29 12 30 8 20 3 11 33 10 2 32 4 19 9 27 24 23 15 13 1 22 5 14 34 35 6 28 18 16 26 25 21 7 17 
32 19 21 3 5 18 2 9 12 25 26 33 22 14 29 8 28 30 34 16 35 11 15 27 23 24 7 13 1 10 31 6 17 20 4 
3 32 26 27 29 7 23 30 12 17 31 4 18 25 21 2 13 14 8 9 33 6 28 1 11 24 20 34 10 22 16 15 35 19 5 
27 11 21 31 35 17 30 26 16 19 12 25 15 14 13 20 33 5 29 22 32 2 3 8 7 10 4 6 23 18 34 9 24 1 28 
5 14 1 11 34 8 29 19 25 35 10 27 4 33 24 20 16 7 31 22 32 26 15 21 18 13 17 2 3 30 12 23 9 6 28 
24 30
14 17
3 35
10 17
25 31
15 20
7 25
16 28
18 19
1 11
5 8
13 32
8 24
14 31
5 18
10 18
21 31
12 17
11 27
1 28
22 28
12 28
18 20
8 15
13 35
5 11
10 13
4 16
9 16
15 29
14 15
4 35
11 21
32 35
7 22
2 17
13 23
2 28
4 15
8 31
19 34
9 30
25 33
14 21
10 29
21 24
22 23
2 18
9 34
11 35
3 11
1 15
14 33
4 12
2 12
24 33
9 25
3 34
10 30
15 23
6 29
7 15
26 29
1 16
13 16
2 23
17 24
18 31
8 25
14 28
26 33
21 33
16 23
7 31
22 29
31 34
2 24
3 22
8 22
10 25
26 34
15 28
6 20
16 20
6 27
5 33
11 25
22 30
13 22
2 8
9 29
25 32
14 26
5 26
4 22
9 18
15 19
6 17
7 11
11 19
7 20
17 28
1 32
11 30
16 30
2 20
16 33
11 33
1 9
18 28
3 26
2 14
24 29
14 16
21 32
20 24
10 16
21 29
16 27
2 25
10 33
17 26
23 27
13 31
2 4
9 12
9 22
21 35
23 32
6 24
11 24
3 14
2 26
1 2
8 14
23 30
12 33
4 9
2 9
28 30
5 12
29 31
5 22
11 18
32 34
7 23
12 21
1 24
13 24
18 24
17 32
3 30
2 10
9 10
8 30
3 19
8 17
5 28
11 12
10 28
25 28
15 17
22 35
21 25
7 9
11 17
26 27
1 22
7 26
13 14
12 26
17 30
13 27
17 35
3 29
2 15
8 27
24 32
