35 35 59
4 35 8 22 9 6 19 30 16 15 31 29 11 24 25 2 17 32 14 23 28 1 10 12 27 34 5 13 26 33 20 18 21 3 7 
5 4 26 29 10 17 33 31 18 13 32 6 1 20 16 25 27 23 2 28 15 3 35 19 12 14 9 7 11 22 34 24 21 30 8 
3 5 1 22 29 12 21 15 19 23 8 31 34 27 20 35 17 16 7 25 4 10 32 24 18 14 13 28 6 33 11 2 26 9 30 
23 26 7 35 16 15 9 24 8 17 34 33 12 28 2 32 22 25 4 3 13 10 27 18 14 6 5 1 30 31 19 11 21 20 29 
12 11 27 22 7 8 13 31 9 24 5 1 28 30 3 14 2 33 29 25 4 15 16 19 6 21 32 34 35 26 17 20 18 10 23 
16 25 31 4 30 33 17 10 27 28 32 8 23 24 9 11 18 1 13 7 2 5 26 29 6 12 21 34 15 14 19 22 35 3 20 
13 23 1 7 24 30 3 9 17 19 26 20 34 6 11 33 4 31 14 25 15 2 35 5 21 22 12 28 27 32 18 29 8 10 16 
28 20 13 23 21 19 14 10 29 7 6 15 11 4 31 32 34 24 3 12 35 26 9 30 18 5 33 27 2 16 8 17 22 25 1 
19 15 35 7 2 22 5 21 33 27 34 26 18 1 12 10 16 31 13 17 11 29 28 14 6 32 4 30 3 24 8 23 20 25 9 
18 19 9 4 5 25 15 27 30 24 20 8 35 13 14 34 21 33 10 2 6 32 7 29 26 1 22 23 17 16 11 28 3 12 31 
17 8 31 3 26 15 29 10 11 12 21 9 22 2 19 7 16 34 33 14 30 24 18 25 20 23 4 13 35 6 1 5 28 27 32 
22 19 6 23 29 17 15 20 7 1 21 5 11 27 18 31 35 32 3 4 26 34 2 30 24 9 33 25 16 13 12 8 14 10 28 
34 23 6 4 20 13 35 19 3 16 32 30 21 7 9 29 17 10 31 26 8 22 11 25 18 33 27 5 2 14 15 24 28 1 12 
7 35 26 16 20 27 25 9 1 21 24 29 32 8 33 10 6 34 2 18 3 13 17 23 31 28 15 12 14 5 22 4 30 11 19 
23 15 33 16 21 7 28 22 18 10 12 17 27 1 4 24 3 30 25 32 13 14 11 20 29 31 8 26 19 5 34 9 2 35 6 
14 10 4 17 15 23 3 9 25 26 29 30 11 2 16 18 28 31 22 24 12 5 35 6 27 32 1 34 7 13 21 33 19 8 20 
6 34 19 13 17 16 15 7 9 30 8 21 2 27 28 26 10 32 4 31 35 23 18 24 33 29 12 3 1 11 22 14 25 20 5 
2 7 21 20 35 33 18 29 11 17 19 15 14 9 4 23 10 27 25 26 16 8 34 22 31 3 28 1 12 6 30 13 5 32 24 
7 3 10 18 15 35 11 27 12 33 24 5 26 1 22 28 29 25 20 9 32 6 13 2 21 34 14 17 4 19 31 16 8 23 30 
20 3 5 29 26 9 10 35 15 16 22 17 28 2 11 31 19 23 14 18 30 7 24 12 25 6 21 13 4 34 27 33 8 32 1 
11 31 5 15 23 7 33 25 13 17 29 2 19 21 30 20 4 3 16 14 28 26 8 24 32 9 6 18 10 35 22 1 12 34 27 
6 20 13 34 27 30 19 16 8 26 35 4 3 17 7 24 21 25 22 15 14 28 5 29 1 31 33 18 12 2 9 23 11 32 10 
33 18 5 12 13 6 7 20 4 30 9 29 19 14 17 15 26 24 25 22 2 10 11 34 28 27 23 1 16 32 21 35 3 8 31 
23 11 22 14 8 28 33 24 13 21 35 31 18 10 16 32 17 34 25 12 15 4 26 7 19 30 29 3 5 1 9 2 20 6 27 
25 28 35 30 9 6 12 1 2 16 8 33 24 29 10 5 7 3 23 15 32 14 31 21 34 11 20 18 26 4 22 19 27 13 17 
16 14 13 17 34 5 22 15 7 6 9 20 11 27 31 24 19 12 29 10 18 28 4 3 23 8 26 2 32 35 1 21 33 30 25 
20 17 12 25 23 4 19 27 9 5 21 35 22 16 11 28 30 8 10 6 14 18 29 34 7 32 33 3 13 1 31 15 24 2 26 
19 13 21 11 31 22 9 24 26 4 34 33 6 27 20 14 8 2 30 1 28 5 29 23 32 12 35 15 25 16 17 7 10 3 18 
26 24 13 20 16 7 12 32 23 28 2 1 3 10 33 19 30 22 29 11 4 8 6 34 35 15 5 27 9 17 31 18 21 14 25 
35 10 22 11 2 27 8 7 9 6 3 30 24 20 31 14 5 29 4 16 28 26 15 19 23 32 1 13 21 25 17 18 34 12 33 
15 22 5 6 32 24 35 33 10 1 19 20 25 23 17 3 4 18 16 28 31 27 2 26 8 12 34 30 14 29 7 11 9 21 13 
26 18 2 12 24 9 23 29 31 21 1 33 19 11 3 34 22 7 10 35 27 20 6 16 17 32 4 14 28 8 5 13 30 15 25 
18 25 17 29 2 21 3 7 31 12 23 24 34 26 27 28 13 8 10 14 11 1 9 30 4 22 35 5 15 33 19 16 20 6 32 
22 32 28 31 27 35 16 5 26 1 33 13 25 7 19 6 15 2 11 4 10 14 12 8 24 17 9 23 3 29 18 34 20 21 30 
24 25 2 15 14 16 3 6 4 1 35 5 17 9 18 10 27 34 20 21 26 22 23 12 29 11 13 32 31 8 28 30 7 33 19 
4 7
5 31
14 30
21 35
5 19
8 9
1 6
3 28
23 32
8 28
3 7
2 5
6 17
3 17
13 32
15 26
23 30
7 15
4 19
18 34
9 21
16 29
17 33
28 35
8 10
14 27
1 5
17 24
10 27
7 28
25 35
18 20
1 24
22 34
7 32
20 22
2 6
28 31
18 35
3 23
8 21
3 19
22 29
25 34
27 31
18 21
12 35
9 13
15 24
4 6
20 24
23 28
2 11
21 29
8 31
28 33
10 33
13 31
31 33
