35 35 178
4 11 31 15 25 33 26 24 20 35 3 30 10 2 32 7 18 8 14 9 6 17 5 27 28 23 13 34 19 12 29 21 22 1 16 
34 11 22 33 19 8 14 24 5 6 16 35 30 20 27 1 28 29 26 17 25 12 32 10 23 31 9 21 7 2 13 18 3 4 15 
28 8 7 16 23 12 32 24 15 17 2 9 11 10 35 4 25 19 1 22 29 14 6 21 33 5 3 18 26 13 27 20 31 34 30 
15 3 21 33 34 8 9 30 10 7 20 16 14 35 24 23 25 22 5 32 29 2 26 18 27 19 13 11 1 4 17 12 6 31 28 
34 4 12 30 1 5 33 23 18 19 13 14 17 32 26 11 28 24 31 27 9 7 3 29 25 15 16 22 6 20 2 21 10 35 8 
21 29 16 1 2 35 13 31 23 30 11 19 14 12 8 10 4 6 25 22 7 20 17 27 9 3 33 34 15 28 18 26 32 24 5 
24 32 7 17 27 16 5 29 4 9 6 11 8 18 2 25 33 22 3 28 13 12 21 31 30 14 20 26 34 19 1 10 15 23 35 
10 9 28 33 19 17 35 6 3 18 31 14 16 30 23 27 5 8 13 7 32 26 2 12 1 34 4 25 21 15 20 24 11 22 29 
13 29 8 5 15 16 32 14 23 35 28 24 12 3 11 34 31 25 19 2 20 1 30 6 17 27 10 21 4 18 9 26 22 7 33 
27 29 17 19 8 13 20 4 35 18 25 10 32 12 31 5 30 28 24 9 14 2 16 33 21 6 11 15 23 3 7 1 34 22 26 
23 22 31 3 26 12 17 16 18 21 28 32 35 6 2 13 24 10 27 19 4 5 14 15 34 30 25 9 1 29 20 11 33 8 7 
27 13 10 5 15 30 2 23 16 28 22 19 31 24 35 8 12 17 29 25 4 20 21 7 1 14 6 3 9 33 26 34 18 11 32 
16 5 21 35 2 33 7 11 8 9 1 34 17 32 6 30 24 19 26 29 28 3 15 14 18 23 10 13 22 31 4 20 25 12 27 
19 18 9 11 29 2 25 33 28 10 8 16 23 20 1 32 30 24 31 26 5 4 6 12 14 22 17 7 35 34 3 13 21 27 15 
31 18 28 17 5 29 20 35 34 12 15 32 25 3 16 19 21 9 1 6 2 33 27 4 26 7 30 10 8 13 24 14 11 22 23 
27 22 16 23 1 17 29 6 33 28 32 25 19 13 34 4 30 21 31 26 11 35 9 2 10 20 3 14 8 24 15 18 7 5 12 
29 10 23 26 32 20 9 17 33 7 35 18 6 24 15 28 3 21 11 8 25 19 13 34 27 1 31 30 4 22 2 12 5 16 14 
30 15 31 12 5 23 33 13 16 27 24 3 6 25 2 35 32 21 11 26 28 7 1 22 18 10 19 17 29 14 8 34 4 20 9 
29 19 3 26 5 15 28 2 12 7 24 10 35 6 33 17 27 30 16 23 9 8 11 14 20 18 4 21 34 13 31 1 32 25 22 
24 14 17 18 16 32 30 25 11 28 13 34 33 15 26 22 7 27 35 10 4 2 31 8 5 9 29 23 19 21 3 6 1 12 20 
10 21 19 34 31 26 7 30 14 11 5 4 12 16 20 25 22 6 15 18 8 2 29 3 35 32 9 1 23 28 27 24 17 33 13 
20 3 1 6 7 32 21 30 8 14 31 27 33 12 23 19 2 9 28 17 22 16 34 18 5 11 26 25 29 4 10 13 24 35 15 
14 2 17 22 3 33 28 9 25 30 4 7 13 16 29 35 12 31 15 24 23 18 19 34 1 10 27 8 5 32 21 6 20 11 26 
32 2 4 16 31 10 25 20 33 11 13 28 26 21 5 22 17 18 29 19 24 34 6 30 35 27 23 1 12 8 7 3 14 9 15 
18 4 32 10 28 33 12 7 21 26 6 31 2 20 19 25 14 22 9 15 29 35 24 8 3 13 34 27 11 1 5 16 30 23 17 
21 8 30 33 10 12 31 5 6 11 17 32 26 20 25 7 3 23 24 2 19 34 4 29 27 14 35 18 1 9 22 15 28 16 13 
11 34 29 1 26 28 23 25 8 3 10 20 6 19 35 7 4 13 31 12 33 15 5 22 16 2 17 9 30 14 24 32 27 18 21 
15 16 28 19 24 26 23 35 11 3 18 17 20 6 31 34 29 9 12 10 32 25 8 7 27 21 5 14 4 22 13 2 33 30 1 
15 34 33 17 12 31 14 24 10 27 11 3 35 5 21 1 18 25 19 23 6 13 32 16 20 30 9 26 8 22 28 2 4 29 7 
24 19 32 18 26 6 27 15 21 17 12 10 2 30 7 23 16 5 20 8 31 13 14 4 11 35 3 1 22 29 9 34 33 25 28 
20 32 27 29 5 2 7 28 33 22 15 16 6 30 12 13 31 18 25 17 23 21 1 11 4 8 9 10 34 14 19 3 35 24 26 
33 27 11 6 2 23 15 8 16 4 35 20 25 30 12 34 22 26 5 7 14 19 18 1 17 13 10 24 28 9 29 31 3 21 32 
29 2 30 24 16 1 26 6 21 9 10 25 20 28 18 13 33 32 31 4 12 3 34 5 23 27 15 14 35 19 22 17 11 8 7 
24 4 16 14 5 21 12 7 9 6 2 3 18 33 22 29 25 11 35 26 17 20 34 31 10 28 19 13 1 27 23 8 30 32 15 
23 20 21 18 7 30 35 13 34 2 14 1 26 29 24 22 4 9 19 17 11 6 16 3 27 25 12 33 28 5 32 15 31 10 8 
1 34
15 27
20 25
10 17
6 28
21 28
11 28
1 17
26 28
16 28
7 25
13 17
12 31
1 6
17 25
13 32
24 27
15 30
5 18
11 22
7 19
11 27
17 23
16 25
27 28
8 15
4 10
2 6
18 35
5 11
8 21
5 24
19 24
10 24
9 16
15 29
6 23
4 35
16 19
2 17
1 31
7 35
23 28
2 11
15 33
5 14
3 18
19 34
9 30
14 21
4 21
9 19
7 8
6 16
7 21
30 32
1 26
17 29
16 35
17 34
14 33
4 12
3 28
24 33
3 17
5 30
20 26
3 34
6 29
12 13
11 31
26 29
8 32
7 24
13 16
16 32
13 29
1 10
8 25
4 28
21 33
5 17
13 19
12 29
23 24
9 13
13 34
4 6
3 22
20 33
19 27
10 25
11 20
10 20
28 33
12 23
3 15
12 32
28 29
15 32
25 32
5 26
30 31
11 14
7 11
22 33
4 33
30 33
17 28
22 27
13 25
1 14
4 13
3 31
4 24
19 32
1 32
5 29
20 27
19 21
27 32
30 34
13 28
11 33
1 9
14 35
1 35
24 29
15 24
9 27
20 24
14 16
5 16
21 32
15 21
6 31
11 29
17 21
16 27
27 30
13 31
13 33
4 7
10 11
21 35
10 21
7 16
23 32
11 24
1 29
3 14
12 33
9 15
18 34
5 12
3 20
9 28
9 17
6 22
5 22
4 34
7 23
2 16
9 32
7 32
3 13
1 13
23 29
4 14
3 19
8 17
14 20
6 12
8 34
21 22
2 21
14 32
4 30
