35 35 119
21 13 25 10 27 12 5 17 32 30 23 6 9 4 24 7 31 11 34 16 14 2 35 20 29 8 19 33 22 1 26 15 3 28 18 
12 26 34 28 24 11 3 18 7 13 23 17 31 8 1 4 9 33 2 19 35 20 25 21 29 5 15 27 14 16 6 22 10 32 30 
21 24 25 22 18 28 31 5 8 26 4 29 23 10 27 13 20 7 9 35 30 1 12 15 32 11 19 16 6 14 3 17 34 33 2 
7 13 21 15 10 34 35 26 23 29 11 14 17 19 9 18 8 3 33 31 1 16 6 30 12 27 2 22 32 4 28 25 24 20 5 
31 19 20 35 14 12 32 7 28 16 11 5 18 15 26 2 1 23 21 34 13 22 25 33 30 3 27 4 24 29 17 10 9 8 6 
14 22 23 16 29 5 7 35 9 34 19 28 11 18 32 4 2 10 6 20 15 12 33 30 25 1 21 8 24 13 27 26 3 17 31 
7 1 2 29 26 13 25 27 4 8 21 35 34 5 28 9 23 14 16 20 3 15 32 11 24 12 22 10 31 19 6 17 30 33 18 
32 7 31 11 3 16 21 1 5 19 17 27 18 8 30 4 10 22 20 23 14 12 9 24 28 15 35 25 33 29 34 13 2 26 6 
22 2 9 17 20 23 12 4 33 1 16 13 29 5 18 25 28 34 11 24 7 19 31 14 27 15 6 21 35 30 32 3 10 8 26 
5 24 15 2 27 31 20 17 6 30 10 34 3 26 9 21 13 4 29 35 14 25 7 23 33 11 19 12 18 16 32 1 22 8 28 
12 23 27 2 17 25 28 6 29 3 19 9 35 24 31 34 18 15 8 4 5 1 16 33 11 14 7 22 30 21 13 26 32 10 20 
1 4 13 6 25 27 32 21 30 28 26 35 2 24 34 16 12 5 18 9 29 10 20 14 31 8 23 3 15 7 22 17 33 19 11 
35 21 8 10 32 3 26 16 23 6 29 15 2 22 12 20 17 11 31 34 27 1 5 24 13 33 4 14 30 19 9 25 7 28 18 
34 9 16 32 31 23 22 18 26 25 3 29 20 7 33 4 11 14 28 35 27 21 24 5 10 8 13 1 19 17 30 12 6 15 2 
5 28 22 9 21 26 14 11 1 29 20 17 15 10 34 12 18 19 4 23 13 35 27 6 24 31 3 25 8 7 16 30 32 2 33 
3 12 19 21 29 13 20 4 30 14 22 9 15 6 17 8 26 28 27 33 31 23 25 2 18 35 7 10 16 24 11 34 32 5 1 
28 26 27 5 35 13 21 15 7 4 32 3 24 8 6 19 29 16 30 33 1 22 31 23 2 20 12 11 10 14 17 25 9 18 34 
11 10 27 4 19 6 18 17 1 23 33 25 26 16 22 21 20 34 24 8 28 35 31 3 13 12 5 14 30 7 15 9 29 32 2 
3 32 23 9 24 1 13 2 11 30 28 20 19 34 27 25 21 4 35 7 18 29 14 17 16 6 31 10 33 15 5 22 12 8 26 
21 24 14 2 11 23 22 31 9 25 18 1 28 26 16 27 15 7 32 13 12 17 30 20 10 3 4 33 6 29 5 35 8 34 19 
17 2 32 18 31 22 15 29 28 30 16 8 20 21 14 11 4 1 13 24 33 25 9 7 35 6 12 27 19 3 23 5 26 10 34 
7 14 24 9 35 16 23 26 4 22 30 15 10 1 29 6 27 2 33 28 8 25 32 18 17 12 13 11 31 5 20 34 21 19 3 
23 2 28 34 16 21 24 9 29 33 26 19 22 30 8 13 27 32 6 17 14 3 18 20 4 12 10 11 35 5 15 31 7 25 1 
16 35 8 19 3 30 29 21 11 10 28 2 1 26 20 31 32 5 23 25 18 33 9 7 22 34 27 14 4 24 15 6 17 12 13 
32 10 3 25 1 2 4 34 6 26 13 31 27 19 14 20 7 35 30 29 17 24 21 16 9 18 33 12 5 15 8 22 28 11 23 
19 14 9 3 15 31 1 13 22 27 7 6 33 5 8 10 2 24 29 32 20 25 35 17 18 26 12 4 28 23 30 16 21 34 11 
25 23 27 31 14 35 22 34 17 19 2 7 8 16 15 6 11 3 1 20 24 33 4 30 12 32 29 13 10 5 28 21 26 18 9 
25 13 22 21 29 26 34 6 30 35 16 11 10 23 14 4 7 33 28 27 2 12 15 18 31 5 17 24 9 3 20 8 1 32 19 
27 23 22 18 6 34 11 32 25 29 13 28 15 8 10 9 2 33 7 21 35 14 20 17 19 3 5 12 1 26 16 30 4 24 31 
27 11 2 20 26 8 12 33 1 6 24 14 10 16 34 32 15 3 35 7 23 13 21 31 25 30 18 5 29 17 28 19 22 9 4 
3 18 4 25 12 35 32 16 24 14 1 8 26 28 13 9 21 34 30 15 11 19 5 22 23 17 31 20 10 2 29 6 33 7 27 
7 8 12 35 31 14 22 15 17 11 28 23 33 19 16 29 3 10 4 34 2 13 26 24 18 25 30 20 32 21 1 9 6 5 27 
25 34 8 11 12 5 28 29 3 13 17 22 14 18 16 19 15 32 35 10 7 21 6 27 1 20 24 33 31 23 2 26 4 30 9 
18 34 2 35 11 32 27 23 8 19 6 14 16 12 13 9 10 7 33 21 31 1 20 3 15 17 30 4 28 29 22 24 5 25 26 
26 14 17 8 29 18 4 22 11 9 31 35 12 25 6 13 23 28 19 33 30 21 7 10 32 24 27 1 15 3 16 2 34 5 20 
24 30
25 31
6 28
26 28
17 20
13 17
12 31
2 22
2 5
5 8
28 35
29 34
17 23
16 25
7 28
2 6
3 23
15 29
16 19
12 22
2 17
1 31
33 34
22 25
2 11
3 18
10 29
15 16
22 23
3 11
11 35
4 12
2 12
24 31
6 14
6 29
12 13
13 16
2 23
16 32
3 6
14 19
1 19
31 34
12 29
18 21
23 24
2 7
18 32
5 10
4 6
15 28
20 28
11 20
12 23
8 19
14 26
25 32
19 22
6 17
13 25
8 29
19 32
9 24
8 16
1 32
20 27
11 13
10 31
22 34
20 22
8 33
7 27
21 23
13 15
1 4
14 29
5 16
6 31
12 19
27 30
1 7
17 26
13 31
3 4
5 6
9 22
15 31
6 21
28 34
5 32
29 35
11 24
22 31
31 32
23 30
2 9
29 31
9 28
14 27
15 18
5 35
7 32
1 13
8 11
18 24
6 12
11 12
27 35
15 17
21 25
11 17
1 22
11 32
17 35
2 15
8 27
4 30
19 30
