35 35 119
32 22 19 25 8 15 3 20 29 33 6 21 2 9 1 30 7 11 13 34 31 24 12 10 23 18 35 16 27 4 14 28 26 5 17 
32 10 17 13 19 12 8 22 34 11 23 31 24 18 33 25 4 16 20 26 30 9 3 14 15 7 35 29 1 27 28 21 2 5 6 
1 13 5 22 23 11 14 26 7 6 31 28 9 20 33 24 2 25 18 29 16 19 34 32 4 12 10 35 15 30 8 27 21 17 3 
3 35 11 8 20 10 4 29 31 5 17 25 13 15 2 32 34 28 1 33 26 21 12 9 14 7 30 19 22 6 23 24 16 18 27 
33 35 3 30 17 18 31 2 7 1 12 5 11 29 22 25 8 14 6 13 23 10 26 20 27 21 24 28 16 32 19 4 15 34 9 
2 24 13 34 5 25 11 7 15 9 35 23 8 12 22 18 14 3 19 30 27 1 6 33 29 21 17 4 20 32 31 26 16 28 10 
22 11 29 14 13 6 28 4 23 27 19 2 32 10 5 24 25 1 30 15 16 34 17 18 12 7 8 33 21 31 3 20 26 35 9 
22 10 23 15 34 33 9 6 5 14 8 32 4 12 28 29 18 20 25 21 3 7 1 2 24 26 13 16 35 17 31 19 11 30 27 
29 23 32 30 35 15 9 3 26 27 31 1 25 2 14 19 5 12 24 20 28 21 4 7 18 11 13 22 17 16 6 34 10 8 33 
3 27 28 21 29 17 5 6 31 19 32 15 23 34 20 24 16 7 2 10 35 1 22 26 18 8 4 9 30 11 13 33 14 12 25 
6 29 31 18 2 32 3 33 4 10 16 27 24 21 30 19 11 20 8 5 14 22 35 34 28 1 15 9 25 12 17 26 23 7 13 
7 18 19 24 1 30 32 5 9 28 2 33 15 34 6 12 26 11 13 3 25 4 17 10 21 20 16 14 27 29 22 8 35 31 23 
24 22 13 35 27 9 16 12 31 17 5 2 11 32 19 14 28 20 10 29 33 6 8 1 34 7 3 15 23 30 26 25 21 18 4 
22 23 16 15 18 21 9 6 1 31 14 24 8 35 13 11 29 34 7 32 3 17 5 12 2 19 26 28 33 10 27 25 30 4 20 
13 14 2 8 4 34 18 9 16 20 32 25 24 31 3 21 28 15 35 22 1 10 27 33 5 11 12 17 26 30 23 7 29 19 6 
33 32 2 30 11 17 3 21 31 5 25 13 19 24 16 27 1 29 35 34 14 7 6 8 20 22 28 23 26 9 18 15 10 4 12 
30 15 22 28 17 19 21 11 27 1 7 34 33 2 5 12 13 14 20 32 25 16 26 29 9 31 23 24 6 3 8 4 10 18 35 
26 10 22 5 33 17 27 4 1 29 21 16 34 25 30 23 32 13 12 31 9 19 35 6 11 7 8 20 24 28 14 2 15 3 18 
13 23 26 11 35 29 21 10 19 30 34 32 15 8 5 31 16 22 27 24 17 9 28 33 18 25 12 20 6 7 4 14 3 1 2 
1 31 19 7 5 12 2 30 22 29 21 4 28 33 27 3 6 17 24 9 23 16 14 18 11 8 34 32 13 35 25 10 15 20 26 
23 2 25 8 26 34 11 16 15 1 24 32 3 17 10 30 18 9 29 35 22 6 14 5 27 7 21 19 20 33 31 13 28 4 12 
24 17 15 18 6 8 21 33 5 19 30 12 11 27 3 23 7 32 31 28 1 34 14 16 10 9 26 4 25 29 20 2 22 35 13 
12 16 1 35 5 25 20 18 31 33 29 17 10 14 9 22 24 2 34 11 6 19 15 28 27 30 13 7 8 26 32 21 3 23 4 
21 11 28 26 27 12 6 20 19 32 2 31 29 16 13 8 33 17 35 5 25 23 10 3 4 1 30 7 18 34 14 15 22 24 9 
24 19 5 2 3 18 16 10 29 25 33 35 13 23 6 9 12 14 30 26 4 32 17 20 8 22 1 7 28 11 31 15 21 34 27 
30 20 13 3 9 22 18 21 1 15 26 23 29 31 32 14 6 12 25 24 34 2 33 28 19 11 7 16 27 35 10 5 4 17 8 
34 7 8 23 5 25 10 27 1 21 24 14 12 16 20 29 15 35 2 30 28 33 13 6 3 26 17 4 18 32 11 31 9 22 19 
9 24 6 23 8 31 14 27 21 15 4 25 13 3 2 5 34 30 18 33 12 32 16 35 11 1 17 22 10 28 20 19 26 29 7 
14 33 26 30 31 13 1 23 28 20 12 16 35 19 27 25 21 29 17 5 7 8 18 2 10 6 22 11 4 34 9 32 3 24 15 
18 26 8 31 27 14 35 12 22 4 9 7 30 16 28 24 1 17 6 20 25 19 21 33 3 32 23 34 11 10 5 13 2 29 15 
33 34 21 28 16 8 25 7 18 13 4 35 6 9 20 32 10 11 3 24 15 30 26 17 1 2 14 19 5 31 23 27 12 29 22 
19 14 18 23 15 12 32 35 16 9 4 31 13 2 33 21 3 34 6 29 1 28 30 17 8 10 24 7 5 11 26 20 22 27 25 
33 32 7 30 35 21 14 16 11 3 13 23 24 8 34 5 12 28 25 31 22 26 1 17 15 6 18 27 10 20 2 9 29 19 4 
8 21 7 12 31 3 23 6 4 16 29 20 22 10 5 26 13 2 15 33 28 11 9 25 14 24 30 18 1 35 19 34 27 32 17 
9 15 23 16 18 33 22 14 3 34 32 29 10 21 20 11 6 4 12 5 30 26 19 17 35 25 31 8 28 27 24 7 1 13 2 
9 26
15 27
14 17
5 31
20 25
10 17
25 31
7 12
6 28
21 28
1 17
18 19
23 26
13 30
2 5
14 31
6 7
4 19
14 18
23 35
22 28
12 34
28 31
29 30
3 23
14 24
10 24
28 32
11 21
16 19
2 28
18 25
3 18
5 27
4 32
22 23
14 33
2 12
24 33
3 17
9 25
15 26
6 14
20 26
11 31
8 32
16 29
12 24
1 5
17 24
3 6
15 25
14 19
21 33
5 17
3 33
5 10
8 22
4 17
20 33
19 27
15 28
20 28
12 23
23 31
12 32
4 8
15 32
9 29
25 32
14 26
11 14
2 34
15 19
7 11
22 33
4 33
7 20
7 33
13 25
11 34
8 10
4 13
3 31
6 15
5 29
11 13
10 31
25 29
19 21
30 34
2 20
3 9
24 29
14 16
26 31
1 18
6 34
2 25
13 31
14 30
19 26
15 31
6 24
29 35
2 9
5 25
2 35
9 32
8 30
24 35
9 31
11 12
27 35
20 23
7 26
16 34
11 32
3 29
