35 35 59
22 12 35 25 7 29 13 1 30 10 32 33 3 9 17 28 20 11 26 21 16 23 5 14 2 15 19 4 34 8 24 6 18 27 31 
29 32 31 11 2 21 25 5 8 12 24 28 17 34 35 15 3 10 18 22 6 14 13 4 9 1 33 27 16 20 23 26 19 7 30 
6 26 30 18 28 21 14 34 20 27 5 17 13 9 1 31 3 10 19 25 4 12 35 32 24 2 29 11 7 15 33 8 23 16 22 
32 34 24 21 22 26 8 31 2 4 10 27 30 29 25 11 3 6 5 28 23 1 35 16 17 13 33 12 7 20 18 14 9 19 15 
20 14 4 29 25 10 28 17 2 31 32 34 27 23 18 12 21 26 15 6 9 13 16 19 7 11 8 33 3 35 24 22 5 1 30 
3 21 6 13 26 7 34 23 17 25 28 14 27 19 29 2 1 31 18 32 5 20 35 24 22 9 16 33 30 11 4 8 12 15 10 
2 22 25 19 4 6 29 15 34 8 17 26 20 30 14 11 10 21 27 31 1 12 13 33 28 24 9 35 23 18 32 5 7 16 3 
26 7 11 14 24 35 16 27 23 2 33 34 20 22 19 4 13 30 25 15 9 5 6 8 31 28 29 18 21 17 32 12 3 10 1 
16 11 1 27 15 8 18 7 9 20 17 24 5 6 10 14 33 35 25 19 31 34 3 28 12 29 32 21 2 22 26 23 30 4 13 
30 17 11 31 12 1 33 24 23 2 9 6 13 7 5 10 25 28 22 16 20 4 3 32 18 34 29 14 21 8 27 19 26 15 35 
30 32 17 7 1 5 12 31 29 15 25 26 22 33 3 6 19 4 20 10 24 16 13 9 18 23 28 35 2 14 8 11 34 27 21 
15 18 35 24 19 31 23 3 33 29 13 28 32 21 11 27 34 2 26 25 6 14 17 30 7 16 9 5 22 12 8 10 20 1 4 
16 33 12 2 17 8 15 34 23 24 18 35 32 3 27 6 25 7 4 31 11 5 13 19 30 20 9 14 1 10 26 28 29 22 21 
18 23 30 16 17 14 22 5 34 7 2 33 8 9 11 13 3 35 4 10 24 28 32 6 20 15 19 31 1 27 21 26 25 12 29 
26 22 15 28 32 31 35 6 30 20 8 21 4 12 18 7 19 27 29 10 25 2 17 24 14 1 33 23 3 11 9 5 34 13 16 
3 33 8 19 24 16 32 29 2 34 6 4 11 31 28 7 12 25 20 10 5 13 9 27 14 30 17 26 23 21 35 15 22 1 18 
19 22 15 8 5 13 33 4 7 24 29 25 20 28 18 10 21 26 27 16 2 14 31 11 12 9 30 34 3 6 1 32 17 23 35 
32 18 2 17 21 5 30 34 19 9 13 28 3 26 16 33 29 24 20 23 31 7 12 27 22 4 14 8 25 1 11 10 35 15 6 
12 13 21 34 7 26 8 16 24 29 11 17 3 10 25 2 9 18 6 32 22 19 23 14 28 1 31 35 5 20 30 4 15 27 33 
28 7 29 16 9 27 30 31 3 12 14 19 25 35 11 24 10 2 23 5 21 17 33 26 6 15 18 20 4 34 22 32 8 13 1 
17 33 11 20 13 3 28 10 15 12 7 2 26 30 1 21 35 27 16 22 5 19 24 25 29 34 14 9 23 6 18 4 8 31 32 
6 23 4 1 27 15 25 20 30 28 3 10 29 19 12 11 18 14 31 35 2 21 17 7 32 33 26 9 8 16 13 24 5 22 34 
28 5 29 1 24 21 14 19 23 20 9 31 12 22 27 2 6 13 8 16 10 17 3 35 34 18 33 7 15 32 11 26 4 30 25 
17 34 5 24 13 7 31 19 6 23 20 3 8 14 9 12 2 25 22 33 35 28 4 21 32 29 1 15 26 10 27 18 30 11 16 
5 4 16 25 21 1 29 18 14 8 27 34 12 19 22 17 28 33 11 15 13 30 7 23 2 20 3 10 26 9 32 35 6 24 31 
4 32 2 26 18 23 34 33 15 35 13 25 16 10 7 6 3 22 1 14 12 5 28 20 9 31 21 27 8 24 19 29 11 30 17 
1 2 4 16 23 28 20 31 27 18 12 25 17 11 5 6 19 14 8 30 13 32 15 35 24 26 3 22 29 7 9 34 33 21 10 
26 7 23 19 10 11 35 29 28 13 4 8 20 27 22 9 24 15 34 18 30 16 2 33 21 32 5 14 3 1 12 31 17 6 25 
13 15 27 8 29 5 20 30 7 25 33 31 3 9 28 6 24 23 2 34 21 4 22 16 35 19 14 26 1 12 18 10 11 32 17 
35 6 3 13 27 7 29 22 10 1 20 23 11 18 17 32 33 4 5 30 16 12 28 8 34 24 25 14 21 9 19 26 31 2 15 
7 1 4 18 34 29 5 33 35 28 3 20 32 2 21 23 8 10 26 15 27 9 12 19 13 11 17 6 25 14 24 30 16 31 22 
6 16 33 7 11 21 15 9 12 10 8 2 27 1 30 34 20 18 13 31 23 3 5 28 19 24 35 14 17 4 29 25 32 26 22 
7 12 18 2 32 30 21 27 23 19 15 9 8 17 10 1 11 20 28 24 29 26 31 3 14 6 4 25 5 13 33 34 22 16 35 
28 15 19 35 30 10 16 32 13 1 14 7 23 27 33 11 6 21 22 31 3 25 26 29 24 9 34 12 4 2 20 18 5 8 17 
3 22 19 9 29 12 23 20 15 26 14 32 8 30 7 13 25 27 17 34 16 11 2 4 21 24 28 10 1 31 18 33 35 5 6 
5 9
6 9
7 21
10 11
22 30
25 31
2 8
21 28
17 29
5 13
17 20
19 22
5 23
3 14
20 21
7 24
23 35
16 32
8 29
13 29
10 27
18 31
3 16
32 34
18 20
25 29
4 28
22 24
24 28
2 31
16 30
8 11
24 32
16 23
12 18
17 22
1 9
2 3
28 32
19 20
3 5
17 18
4 29
18 32
3 12
8 34
3 22
8 12
1 27
17 30
21 29
11 29
18 29
11 20
14 21
11 15
13 31
2 4
4 32
