35 35 59
26 8 13 30 32 25 28 12 29 16 31 14 4 1 33 22 23 27 34 9 21 18 20 35 10 11 24 2 7 19 5 15 3 17 6 
21 15 27 17 6 30 34 4 29 13 19 2 35 8 22 33 20 28 31 3 9 24 5 32 12 1 23 25 10 18 14 26 11 7 16 
4 30 23 33 7 22 32 28 13 11 25 29 1 35 12 17 3 6 27 2 5 26 18 24 20 15 10 21 19 34 14 16 31 9 8 
25 33 7 28 12 26 10 13 19 24 16 2 35 29 11 30 9 32 31 1 14 6 22 20 4 5 21 27 34 18 23 15 3 17 8 
5 23 11 25 19 35 1 3 28 29 20 4 9 27 2 33 13 12 31 32 17 24 21 22 7 16 6 26 10 30 8 34 14 15 18 
23 24 5 29 13 8 22 16 34 27 17 28 2 15 10 1 33 25 4 32 18 26 35 6 3 30 12 31 20 7 21 14 9 19 11 
18 3 22 14 21 8 34 29 33 20 27 2 16 15 19 35 30 13 25 6 5 32 26 11 31 17 10 9 1 4 12 24 28 7 23 
15 11 5 12 14 23 18 7 9 27 34 13 31 1 2 32 4 16 3 6 19 29 17 26 22 35 25 20 10 24 28 30 33 8 21 
20 11 19 35 15 14 6 21 5 10 29 27 16 9 28 4 8 22 31 12 26 33 32 7 2 18 24 3 1 13 17 25 23 30 34 
2 28 21 34 18 23 13 29 15 8 22 4 11 9 35 16 25 24 14 7 12 27 17 33 30 19 5 32 1 10 3 20 6 31 26 
16 35 1 7 26 6 24 10 23 27 9 5 34 15 22 12 31 25 20 21 28 11 33 32 18 8 19 13 29 3 4 2 17 14 30 
19 6 10 5 28 32 16 7 21 11 17 14 2 33 15 26 8 23 12 30 35 29 25 20 34 18 31 27 1 4 22 9 3 24 13 
28 13 4 7 26 1 25 32 34 6 18 30 14 35 12 11 21 2 27 3 17 15 19 5 33 16 10 29 9 24 20 22 23 31 8 
4 35 23 20 19 27 16 3 21 33 13 11 6 18 17 8 32 7 31 5 28 1 30 22 9 24 29 34 10 25 26 12 2 14 15 
8 17 14 11 12 25 16 26 9 33 24 22 27 15 35 20 7 23 30 29 28 32 3 18 10 31 13 2 21 34 6 1 4 19 5 
32 34 10 20 14 13 22 6 31 4 23 19 12 26 2 25 15 33 8 17 3 5 27 29 30 1 35 7 18 9 11 28 24 21 16 
3 32 23 25 10 21 15 17 20 6 11 5 30 26 28 13 29 14 7 4 22 19 1 9 33 12 16 8 18 27 31 35 2 24 34 
17 8 30 32 7 34 15 27 6 33 35 10 11 3 23 13 19 16 29 2 12 31 14 21 9 20 18 26 25 1 5 24 4 28 22 
11 3 19 2 32 6 1 33 17 12 13 27 28 15 10 22 26 23 30 20 25 18 9 34 35 29 5 21 31 14 4 8 24 16 7 
2 28 13 24 17 19 21 14 27 31 7 10 9 34 20 33 18 23 25 32 26 29 30 4 35 16 8 5 6 22 1 15 11 3 12 
18 9 26 31 12 6 7 15 28 27 8 35 2 5 33 17 25 11 22 32 23 14 13 3 19 10 24 4 16 34 29 1 21 30 20 
16 14 3 20 2 6 7 11 17 26 24 9 18 25 13 32 31 29 4 8 33 34 28 10 23 1 22 30 15 12 27 19 35 5 21 
12 35 31 21 28 20 16 26 30 15 11 13 6 18 9 1 2 34 23 7 19 24 32 5 17 10 22 14 3 8 4 29 33 27 25 
34 2 3 5 27 28 35 16 33 9 26 18 8 1 20 14 32 15 19 21 13 30 10 11 17 4 23 31 25 24 29 7 6 22 12 
10 22 32 5 20 15 30 21 35 1 2 14 31 23 16 17 8 19 29 11 33 4 24 25 34 9 26 13 3 18 28 27 12 6 7 
6 22 5 18 4 9 24 31 11 27 23 20 30 34 3 7 1 17 15 13 10 21 25 35 32 26 14 8 12 29 19 28 16 33 2 
9 12 20 18 11 23 29 5 26 32 28 33 27 2 31 4 1 15 6 21 3 19 17 16 8 22 30 34 14 25 35 10 7 24 13 
35 26 15 25 11 9 5 8 16 2 17 30 1 28 33 19 24 3 23 14 6 27 13 12 34 20 4 21 10 32 22 7 18 31 29 
8 31 1 17 3 25 26 9 2 28 19 16 14 13 10 23 22 15 35 20 32 34 18 6 24 33 11 7 4 30 29 21 5 12 27 
9 24 3 16 22 32 31 14 11 28 29 13 23 15 8 33 4 10 30 6 26 12 1 2 20 18 34 19 5 17 25 21 35 27 7 
31 1 2 8 12 11 14 33 7 5 32 17 9 4 23 25 6 21 34 24 26 16 3 30 28 20 35 18 15 13 10 29 19 22 27 
35 18 24 6 2 11 25 33 15 23 32 14 26 28 27 17 5 22 34 13 1 29 7 12 31 19 9 4 30 10 21 3 16 20 8 
32 22 11 9 29 7 28 26 23 4 12 8 35 34 21 31 33 27 5 14 17 18 16 6 2 24 20 25 10 30 3 15 13 1 19 
14 30 26 28 4 31 12 18 34 1 9 21 19 11 5 25 35 24 15 22 6 7 16 17 27 10 13 29 33 8 2 32 3 20 23 
23 10 14 20 26 3 28 18 9 15 12 5 6 4 29 27 31 8 11 2 22 21 32 24 17 30 33 35 13 1 7 25 34 19 16 
2 18
17 29
15 32
15 31
1 17
3 21
20 29
23 32
4 22
19 22
29 35
13 30
5 23
22 31
10 34
23 30
3 34
17 28
9 15
20 21
1 14
6 32
9 28
2 23
16 22
17 24
14 27
7 19
15 18
3 6
7 28
4 34
13 20
31 35
14 23
20 27
6 18
22 34
8 33
30 34
13 15
14 24
21 23
11 26
2 3
5 28
6 26
2 17
22 25
14 16
16 31
3 32
2 21
19 27
10 20
25 33
11 15
27 34
13 31
