35 35 59
18 8 2 5 20 7 24 33 4 25 11 3 13 22 32 28 15 10 26 14 23 17 12 29 34 21 31 27 9 35 1 6 19 30 16 
30 35 23 32 10 27 14 15 26 3 24 16 22 20 6 12 25 34 2 1 8 29 21 31 11 4 17 19 18 5 33 7 28 13 9 
16 11 12 25 5 32 19 7 18 13 1 27 4 6 2 9 29 35 14 3 10 28 24 23 20 22 8 30 21 31 17 26 15 34 33 
7 21 34 31 22 23 35 6 20 17 3 5 28 11 24 16 19 8 26 2 27 33 10 1 29 32 14 30 18 13 4 9 25 15 12 
16 20 17 23 13 31 19 8 33 7 11 27 14 32 4 10 1 30 29 18 15 28 34 12 25 9 2 6 3 5 35 24 21 22 26 
35 2 15 23 29 33 20 28 4 12 31 25 34 13 26 7 8 5 14 22 27 1 18 21 30 24 3 17 11 16 9 6 32 10 19 
21 32 12 5 24 6 31 18 15 22 25 14 19 30 34 33 26 27 3 8 1 13 4 11 23 2 35 9 16 17 7 10 28 29 20 
26 5 11 6 3 35 18 14 31 8 24 33 17 9 19 15 29 13 1 23 7 28 25 30 34 16 32 10 2 21 12 20 27 22 4 
30 23 28 1 33 26 24 4 19 3 32 20 34 15 27 31 21 12 18 9 17 7 8 25 2 13 35 29 6 16 22 14 11 5 10 
14 13 33 32 22 6 16 17 25 26 7 35 8 11 28 21 10 29 34 27 19 30 2 23 9 15 1 12 31 18 20 4 3 5 24 
29 7 18 3 21 1 20 11 4 15 14 10 35 8 5 32 23 13 30 25 6 34 9 24 31 22 27 12 2 17 33 16 19 28 26 
4 14 35 31 30 6 20 22 2 10 24 9 8 19 27 25 13 17 34 23 1 18 28 26 29 5 3 15 12 16 11 7 21 33 32 
12 28 19 9 20 15 25 26 13 29 27 31 34 23 16 33 21 6 8 1 4 24 7 3 18 32 11 10 17 2 5 35 22 30 14 
13 7 12 25 11 6 31 21 8 34 19 26 20 30 9 24 1 2 35 22 23 32 15 33 18 3 29 14 17 5 10 4 27 16 28 
9 17 34 2 6 28 26 3 18 30 27 23 32 33 1 24 22 16 35 8 21 10 25 11 20 13 14 12 4 7 19 31 15 5 29 
3 32 18 7 4 33 2 12 30 25 16 26 15 23 8 13 6 28 9 31 19 1 14 22 20 11 10 34 35 21 29 24 27 5 17 
20 12 9 35 10 1 15 24 26 31 30 4 11 28 29 17 27 8 6 16 21 19 25 32 5 18 23 33 14 2 7 34 13 22 3 
8 1 2 15 7 19 35 31 14 27 20 9 30 4 28 11 3 25 32 24 5 29 18 17 22 16 33 6 23 13 26 10 21 12 34 
30 31 5 14 9 7 21 11 10 8 33 6 32 23 26 27 4 24 17 16 3 22 29 19 13 34 12 20 25 28 35 18 2 15 1 
7 29 34 3 9 33 24 8 19 14 16 20 12 17 27 23 15 1 21 35 22 30 5 25 28 32 26 18 10 6 11 2 4 13 31 
22 2 12 19 32 26 34 9 13 30 35 21 18 8 11 23 17 5 29 15 3 10 28 27 14 25 20 4 24 1 31 16 6 33 7 
23 3 25 7 12 33 13 32 15 6 14 9 11 16 5 34 19 22 10 27 18 17 31 4 1 20 30 35 24 21 8 28 26 2 29 
33 29 17 32 2 16 3 30 34 21 11 4 22 5 25 12 6 19 13 20 35 24 26 14 18 10 8 7 27 1 9 23 28 31 15 
4 18 12 1 19 31 20 10 7 34 11 3 9 32 22 5 2 17 16 21 25 23 13 30 8 27 15 33 24 6 14 28 26 29 35 
9 2 1 10 35 13 32 16 31 8 34 11 12 17 30 15 26 28 6 27 20 4 22 19 5 21 18 7 29 24 25 33 14 3 23 
22 17 35 15 12 24 7 21 2 5 31 11 4 32 26 10 34 25 9 20 28 14 27 13 33 6 19 3 18 23 30 29 16 8 1 
13 5 8 19 10 12 34 30 16 6 7 3 9 2 22 4 24 31 17 18 1 14 11 29 28 27 25 20 26 33 15 35 23 32 21 
22 35 33 4 21 17 20 34 30 8 6 24 15 14 18 13 19 31 5 28 26 25 9 10 12 27 29 11 23 16 32 7 3 1 2 
28 19 1 5 34 31 14 29 30 10 21 25 35 26 15 11 20 8 32 13 4 27 17 24 6 3 12 9 16 2 18 22 33 7 23 
9 29 10 31 28 21 17 4 27 15 33 22 23 6 26 8 20 5 13 3 7 14 32 12 18 16 24 2 11 30 34 35 19 1 25 
23 18 6 17 22 1 21 24 12 14 19 13 25 33 16 4 2 8 3 31 34 11 35 20 7 10 32 26 30 28 27 5 15 9 29 
34 19 20 1 6 21 14 16 31 2 15 18 3 11 28 7 27 30 12 9 23 33 32 35 8 10 24 22 29 4 5 26 25 13 17 
12 4 23 2 10 1 20 13 14 3 33 30 6 26 8 9 34 32 11 28 31 15 7 24 35 16 29 18 21 27 22 5 25 19 17 
27 25 24 2 34 30 13 21 33 14 12 29 5 7 6 18 16 19 28 15 26 31 1 8 22 11 35 17 4 10 9 3 32 20 23 
9 31 21 17 11 2 26 3 1 24 29 30 22 33 20 18 14 19 16 5 25 27 28 8 23 15 13 7 34 35 12 32 6 10 4 
2 29
5 31
20 25
4 8
17 29
11 28
5 13
20 29
23 32
29 35
10 26
7 11
24 31
5 8
3 14
10 30
4 9
6 29
21 27
17 28
22 27
6 25
19 25
10 27
11 27
1 28
6 22
7 28
29 34
12 28
18 20
8 25
13 24
5 17
4 16
16 33
8 30
9 10
12 18
10 23
6 12
5 28
3 5
4 29
11 17
13 23
14 16
4 6
21 22
10 16
15 21
7 13
16 34
8 31
9 23
16 27
13 18
17 26
5 33
