40 40 234
21 18 29 40 28 11 15 10 9 26 30 37 25 35 19 7 12 3 24 8 31 1 4 32 39 13 6 20 34 16 38 5 2 14 22 27 33 36 17 23 
25 3 22 23 8 36 18 2 26 20 16 35 11 32 40 39 9 27 31 14 12 1 34 37 13 17 10 38 4 21 28 19 6 15 29 33 7 24 5 30 
30 9 20 16 6 22 29 17 1 4 12 31 18 37 27 11 10 32 8 26 19 40 3 35 15 38 13 23 25 5 39 2 34 33 14 28 21 7 36 24 
19 27 26 12 17 39 1 21 13 2 29 24 4 30 25 32 33 28 40 18 23 15 31 5 37 7 34 36 35 38 11 20 14 22 10 6 3 8 16 9 
9 24 12 39 21 28 15 11 14 3 29 33 30 13 1 27 16 10 2 19 25 31 34 18 23 32 40 38 36 4 37 17 20 8 26 7 5 35 6 22 
22 5 1 12 32 39 11 19 14 37 3 8 28 25 31 6 9 2 7 24 34 29 38 13 21 18 20 10 40 16 36 23 33 35 26 30 15 4 27 17 
21 10 39 17 27 12 6 38 32 4 40 28 33 36 30 23 5 24 22 29 9 34 31 19 8 11 3 15 25 16 26 1 2 35 20 18 7 13 37 14 
32 22 11 30 9 26 15 29 35 2 12 17 27 37 34 16 3 24 40 13 33 39 6 21 1 38 36 14 4 25 7 20 23 28 31 5 10 8 19 18 
23 6 30 14 17 37 9 2 11 36 13 33 12 27 39 5 1 40 25 21 7 10 28 34 16 26 3 38 35 18 22 8 15 31 32 4 29 19 24 20 
16 22 4 3 11 31 21 1 24 20 18 39 17 25 13 33 2 8 12 6 30 23 37 15 40 36 14 38 32 29 35 5 26 34 9 19 7 27 28 10 
16 34 40 29 38 6 22 37 32 2 13 12 31 28 7 27 30 1 11 20 4 14 36 18 24 15 10 3 5 35 21 9 25 23 33 39 26 8 17 19 
19 40 34 8 24 39 6 20 31 25 10 15 38 32 4 3 26 5 33 1 13 16 22 14 7 17 36 12 30 27 2 37 9 29 18 21 23 11 28 35 
22 17 18 39 11 21 12 15 7 25 10 20 5 32 38 16 13 36 9 33 35 23 34 14 31 3 26 6 19 37 27 40 2 28 29 30 24 1 4 8 
6 30 13 16 37 33 21 32 29 40 22 2 34 38 11 12 15 36 8 28 26 19 9 1 7 27 17 39 14 20 10 35 31 18 4 23 5 25 24 3 
12 22 16 18 3 4 33 35 19 5 26 37 25 39 7 20 31 8 23 6 21 36 38 30 13 2 32 28 15 10 24 34 29 17 40 27 14 11 1 9 
6 29 36 9 15 17 23 32 4 39 31 24 3 10 8 22 14 1 13 25 11 35 27 33 21 7 37 5 34 12 18 26 19 20 2 28 38 40 16 30 
33 13 2 18 4 39 40 8 27 31 11 1 20 35 15 32 34 7 12 22 3 21 25 17 28 37 6 16 29 30 24 9 23 26 14 10 19 36 38 5 
27 34 29 13 6 1 26 38 11 8 40 23 10 21 12 19 25 28 37 5 15 18 14 2 16 32 7 36 30 33 24 22 39 9 3 31 4 20 35 17 
34 36 26 15 2 1 38 33 4 39 11 14 21 27 23 29 32 40 18 7 5 17 30 25 6 8 13 16 24 31 22 35 19 10 3 28 12 20 9 37 
1 12 33 3 23 28 30 31 21 9 2 6 25 5 39 27 10 13 7 22 8 19 15 4 40 34 11 26 24 37 18 35 29 32 20 14 16 17 38 36 
21 6 4 11 36 29 14 10 24 15 37 30 32 17 7 26 5 3 23 31 35 9 1 20 25 27 34 16 28 12 40 2 13 39 33 22 19 38 18 8 
38 33 14 7 36 34 21 18 19 12 6 37 23 3 22 25 17 26 9 4 8 2 29 11 10 27 30 39 5 15 28 40 13 32 20 31 24 16 35 1 
25 5 30 6 28 37 36 40 35 18 4 3 33 17 14 1 27 16 23 11 13 31 15 9 19 2 21 20 38 22 7 8 12 39 34 29 10 24 26 32 
1 31 36 18 38 5 22 35 40 12 29 30 11 9 27 39 16 8 25 26 4 33 34 3 23 19 7 15 21 14 24 13 28 20 37 6 10 2 17 32 
7 26 39 19 33 21 22 1 37 8 34 15 4 35 27 3 16 31 2 38 17 25 29 40 30 9 14 11 36 23 28 5 32 12 10 6 20 24 13 18 
17 19 1 10 11 36 18 37 5 2 14 7 6 29 12 16 30 15 34 25 27 3 38 22 28 24 23 26 32 20 40 35 8 21 4 31 13 39 33 9 
37 8 34 22 36 28 21 40 13 11 10 16 17 7 30 31 2 9 1 4 15 32 25 19 23 18 6 38 27 29 35 3 39 5 20 26 24 33 14 12 
19 40 8 35 33 25 32 12 6 34 5 26 7 27 14 38 28 3 22 2 16 31 13 24 21 29 30 4 15 23 11 9 10 18 1 20 39 37 36 17 
6 13 18 28 31 24 34 17 7 4 23 35 10 9 29 1 19 12 33 16 26 5 22 27 36 11 21 40 2 15 32 14 20 8 38 25 37 30 39 3 
11 39 34 21 8 31 38 33 6 30 18 36 16 19 24 17 27 22 7 9 28 23 20 35 5 32 29 40 1 15 12 14 3 37 13 25 26 2 10 4 
21 17 35 31 15 16 22 10 29 4 25 23 33 26 27 12 9 1 34 30 3 20 39 13 32 5 19 36 18 7 37 2 38 6 40 11 28 8 14 24 
1 34 23 38 12 35 7 26 13 6 21 15 29 27 32 3 33 14 22 20 5 30 19 39 17 2 25 31 9 37 24 36 18 11 4 10 40 8 28 16 
32 9 18 34 25 36 15 39 10 22 33 38 28 4 5 11 40 6 26 24 23 19 8 7 29 21 16 31 1 20 27 3 14 17 35 37 12 13 2 30 
3 36 9 1 39 24 23 22 27 11 29 6 18 32 37 35 10 30 33 8 13 17 15 21 20 28 19 25 34 4 38 31 2 7 16 26 14 40 5 12 
28 11 7 9 22 18 17 10 30 16 26 20 25 34 13 15 27 6 31 19 23 24 39 21 40 36 2 3 32 29 12 4 33 35 1 38 5 8 14 37 
21 28 33 6 38 20 9 17 23 16 29 30 39 24 3 40 2 19 5 15 35 32 22 11 4 13 34 10 31 18 37 26 27 12 25 1 14 8 7 36 
36 33 6 15 16 38 13 31 7 24 25 11 30 21 27 34 23 28 40 37 2 29 19 17 39 9 14 12 32 20 8 22 5 4 35 1 10 3 18 26 
8 36 17 14 15 31 29 9 19 20 34 11 25 38 22 32 24 10 7 30 27 4 23 1 40 13 26 18 16 33 39 28 12 37 35 3 2 5 21 6 
24 17 27 34 31 37 38 39 15 5 21 2 10 18 16 7 9 26 36 8 13 1 40 11 25 32 28 4 29 14 6 12 23 20 3 22 33 35 30 19 
23 27 11 35 19 12 8 38 17 10 2 18 34 39 14 24 4 1 33 29 3 16 13 22 20 6 28 36 26 9 37 30 5 15 32 40 21 25 7 31 
15 27
14 17
5 31
20 25
3 35
7 12
15 20
6 28
11 28
26 28
33 36
7 25
6 35
12 31
18 19
13 30
13 32
3 24
38 40
4 19
9 21
6 10
28 35
23 35
7 19
21 31
33 39
13 20
35 36
4 10
28 31
2 6
9 14
13 35
5 11
19 39
3 40
2 32
1 40
15 29
6 23
21 37
28 32
10 23
27 40
8 38
6 26
30 39
1 31
22 25
11 36
10 36
1 12
23 28
12 39
18 36
3 18
9 30
14 21
5 27
20 37
11 15
4 21
19 23
15 16
22 32
2 37
6 13
21 24
1 21
7 8
7 21
6 39
29 40
31 37
22 26
17 34
14 33
2 12
19 33
15 26
6 14
6 29
21 27
20 21
8 32
7 24
16 29
13 16
12 24
17 24
33 40
13 29
8 25
14 28
9 20
15 25
14 19
6 11
7 18
23 34
21 30
17 22
35 39
17 27
37 40
2 7
20 33
10 25
9 23
28 33
11 20
8 39
6 27
5 33
30 36
9 38
16 39
13 22
11 39
4 8
2 8
18 37
1 37
8 19
25 32
19 22
15 19
21 39
11 19
8 36
16 17
12 20
17 28
31 36
13 25
22 27
2 30
10 38
18 27
14 38
4 13
9 11
8 29
18 38
19 32
39 40
5 29
20 27
19 21
2 39
6 33
21 23
30 34
2 20
13 28
3 9
4 29
19 31
6 8
4 40
7 13
15 21
6 31
26 31
16 27
12 30
23 27
13 33
8 23
14 30
4 18
19 26
6 21
21 35
11 23
25 27
32 37
7 16
29 35
32 40
16 24
13 21
3 14
27 29
18 23
10 34
12 33
36 38
9 15
24 38
5 12
29 31
19 36
1 36
25 39
4 23
19 25
20 39
9 17
2 35
5 22
32 34
23 39
9 32
33 35
16 37
3 13
36 40
17 32
16 40
14 39
8 30
24 35
13 39
4 25
9 31
6 12
20 36
4 20
25 28
15 17
8 34
16 31
30 35
2 21
17 30
3 8
1 8
15 40
18 40
8 27
4 30
19 30
