40 40 234
28 32 9 15 6 35 20 14 21 26 30 40 12 27 11 31 4 18 16 33 37 1 8 24 10 34 19 25 3 23 13 29 36 17 2 7 38 39 5 22 
32 11 30 16 18 15 3 28 5 7 12 35 22 21 4 25 34 26 10 2 13 29 20 14 33 31 8 37 39 19 27 38 17 24 1 23 6 9 40 36 
30 12 1 39 10 27 9 19 36 8 26 32 24 23 21 20 18 37 2 6 40 28 22 25 38 14 3 11 34 4 35 15 5 16 31 29 17 7 13 33 
22 29 5 35 37 15 12 27 7 2 38 1 6 8 26 24 20 31 30 14 11 40 21 13 32 19 39 3 33 25 18 4 16 10 9 34 17 28 23 36 
19 26 36 29 25 3 34 24 11 23 16 40 31 1 5 4 28 10 35 6 15 39 8 2 38 7 9 32 20 12 21 27 13 17 22 33 37 14 18 30 
12 39 19 31 32 26 13 36 2 17 35 8 27 34 7 14 40 16 38 21 22 23 1 28 29 9 25 18 10 20 33 5 4 30 6 24 37 3 15 11 
8 33 32 11 18 28 16 27 17 13 12 10 19 3 24 20 6 2 9 30 4 39 25 38 7 5 40 34 15 31 35 14 29 21 22 23 36 26 1 37 
6 36 8 4 9 25 27 24 30 19 37 29 28 17 3 1 26 31 34 2 7 10 20 21 23 11 14 33 5 32 39 35 15 40 13 18 22 38 16 12 
34 25 24 4 33 15 26 20 14 40 27 9 18 6 21 16 17 30 7 28 29 13 31 37 19 32 38 3 23 8 22 10 36 12 1 39 2 5 11 35 
8 17 27 38 36 7 13 16 6 33 3 18 40 31 1 39 30 28 20 34 35 32 26 24 10 29 5 14 22 37 11 12 9 15 25 21 2 23 19 4 
5 40 28 18 15 24 3 11 16 35 30 26 31 34 8 33 13 17 37 32 36 14 6 12 23 9 25 27 22 10 39 1 4 2 20 29 21 19 38 7 
18 39 35 7 28 20 10 6 27 3 25 29 11 23 19 38 33 8 15 22 26 24 31 9 12 21 37 14 1 13 4 32 36 5 17 40 30 2 34 16 
1 10 5 29 23 13 20 11 15 39 19 27 17 37 21 26 25 2 24 6 36 8 34 16 33 30 18 38 7 35 31 3 40 14 4 32 9 22 28 12 
33 13 8 16 18 40 7 30 17 35 1 36 25 26 4 34 27 39 20 23 37 10 3 21 31 19 29 2 15 22 9 28 32 5 12 14 11 24 38 6 
24 40 34 37 7 15 38 11 28 2 12 26 18 31 17 8 10 36 35 3 14 19 22 1 20 23 30 25 33 39 16 6 32 27 29 9 21 5 4 13 
7 29 18 3 35 23 28 20 17 26 37 1 21 32 24 39 10 22 25 4 12 9 40 30 34 6 8 16 11 15 2 38 27 13 14 33 31 36 5 19 
39 17 8 26 40 18 19 9 29 6 4 34 20 11 1 38 10 2 30 3 37 14 16 33 32 5 36 21 28 25 24 22 35 15 13 12 31 27 23 7 
23 17 30 3 33 29 7 35 32 25 4 5 18 16 20 21 31 13 9 8 39 40 36 2 6 19 1 22 24 12 14 11 37 26 10 27 38 34 15 28 
33 8 19 18 32 6 15 10 30 9 27 34 38 23 24 1 7 26 31 17 39 25 14 11 28 20 3 12 40 21 36 16 13 35 2 37 4 5 29 22 
35 27 13 18 23 38 12 15 3 37 33 36 11 21 16 6 5 1 40 14 19 34 39 25 26 9 28 8 29 7 24 32 2 30 4 10 20 31 22 17 
35 11 40 28 39 4 7 19 9 37 3 30 18 22 21 26 32 20 36 5 29 23 13 8 6 1 34 14 31 25 38 10 12 2 15 27 16 17 33 24 
33 2 29 25 1 40 10 14 24 35 19 20 34 9 3 16 28 36 21 32 8 11 23 15 13 5 7 12 31 22 30 17 39 38 4 27 6 37 18 26 
23 8 11 13 20 30 26 40 15 1 16 33 2 17 6 7 18 29 9 14 38 3 37 28 12 36 22 39 19 27 32 5 24 10 31 35 25 34 21 4 
29 7 11 9 25 40 20 37 31 17 6 1 14 22 30 24 4 10 18 2 23 35 33 12 34 15 5 13 32 3 27 39 26 36 19 28 21 8 38 16 
24 9 1 12 33 7 18 21 11 19 32 5 23 13 30 36 31 35 26 38 27 3 37 39 8 6 40 16 25 2 17 34 14 20 15 10 22 28 29 4 
1 12 36 34 40 37 21 23 15 29 38 24 9 22 27 11 35 16 7 39 28 3 2 33 20 4 8 5 25 19 31 6 32 13 18 17 30 14 10 26 
29 35 15 34 22 27 39 37 19 7 14 5 38 17 3 13 9 4 8 12 33 28 2 6 36 18 40 31 10 32 23 21 20 16 11 1 26 24 25 30 
18 26 8 34 9 4 22 36 15 12 19 21 33 31 35 6 10 25 39 28 13 1 37 2 23 38 3 17 29 24 16 30 7 32 40 27 11 14 20 5 
11 5 31 22 3 15 24 16 29 21 33 26 20 17 23 34 19 18 25 2 36 9 6 7 27 39 14 4 30 1 12 38 10 37 35 8 13 40 28 32 
34 4 38 19 21 1 33 22 8 20 36 29 39 11 27 10 3 5 26 9 37 31 40 17 12 6 16 24 15 35 14 18 25 7 2 28 30 32 13 23 
29 11 16 37 23 19 9 27 22 14 5 21 38 24 12 15 7 40 2 36 1 4 34 25 8 28 13 6 31 33 18 32 3 35 17 20 39 10 26 30 
12 39 31 19 40 16 26 23 7 13 37 20 29 33 38 30 21 11 9 8 36 35 22 10 17 5 27 14 18 28 2 6 24 34 4 3 32 25 15 1 
38 32 4 36 29 6 15 25 5 33 37 23 22 40 39 10 19 20 13 17 1 8 7 21 31 12 16 27 30 18 11 34 3 2 9 26 28 14 24 35 
23 14 39 16 11 20 22 12 30 8 6 25 5 26 28 21 38 19 36 27 32 37 35 1 40 10 9 15 18 13 34 29 4 2 24 33 7 17 3 31 
36 9 7 1 13 35 12 16 34 8 30 31 18 32 24 2 40 33 21 25 6 28 23 19 5 14 22 26 27 20 39 15 17 4 3 11 10 38 29 37 
3 24 27 38 17 31 21 1 9 25 33 26 4 29 7 19 5 40 30 2 10 11 12 28 36 8 15 18 39 20 16 34 37 6 35 22 23 13 32 14 
39 36 2 32 14 28 10 40 7 1 33 24 19 22 34 15 21 20 17 12 30 23 5 31 16 35 18 26 27 11 6 8 29 3 25 38 9 13 37 4 
15 26 18 40 17 36 3 23 25 24 32 20 34 38 22 4 13 27 35 39 2 30 14 31 7 29 28 9 11 16 5 10 21 33 12 1 8 37 19 6 
20 18 2 32 8 15 14 38 36 1 30 12 27 29 3 19 6 13 24 17 40 21 4 11 26 16 10 31 22 28 9 37 23 5 39 25 34 35 33 7 
2 16 20 24 17 37 7 35 22 29 28 39 11 14 9 19 26 32 36 8 18 1 30 13 10 15 27 25 33 4 34 6 5 38 40 21 23 12 3 31 
6 9
7 12
26 28
17 20
7 25
1 6
13 30
12 40
19 40
8 24
26 32
15 30
11 22
10 18
7 28
2 27
34 36
28 31
36 39
13 35
37 38
25 38
14 24
21 40
3 40
15 29
6 23
21 37
27 40
16 19
7 22
9 39
33 34
3 12
12 39
24 36
3 18
9 30
25 33
14 21
4 21
19 23
3 39
22 32
4 32
28 37
23 37
12 27
1 26
17 29
17 34
12 36
3 28
8 28
15 36
4 31
19 33
1 33
15 26
24 31
20 26
25 30
15 23
6 29
9 40
8 32
13 29
18 31
14 28
4 28
24 28
14 19
20 31
32 39
23 34
7 18
29 33
1 19
26 30
22 29
35 39
18 21
34 37
7 40
27 31
3 5
2 7
17 40
24 40
38 39
4 6
14 25
19 27
10 25
2 33
24 25
10 20
32 36
6 27
5 33
11 25
3 15
14 37
11 40
28 29
18 37
13 37
1 37
9 29
20 38
3 38
10 26
11 14
7 11
26 39
11 19
28 38
23 36
6 36
12 20
29 39
1 25
17 28
31 36
13 25
3 10
10 38
18 27
14 38
4 13
2 13
9 11
15 39
19 32
1 32
5 29
2 39
25 29
7 14
6 18
27 32
12 14
6 33
5 39
30 34
2 20
11 33
2 3
14 35
3 26
4 29
1 35
9 27
6 8
14 16
2 40
15 21
21 29
11 29
26 31
33 37
17 21
35 38
3 4
2 4
13 33
3 25
8 23
14 30
25 36
6 21
28 34
10 21
8 40
32 37
7 16
16 21
22 40
23 32
5 32
7 29
32 40
22 31
11 38
35 37
2 26
2 9
24 38
20 39
4 23
27 36
9 17
15 18
22 38
6 22
21 38
11 18
10 22
8 37
4 34
16 18
5 22
29 38
2 16
9 32
17 19
10 40
22 24
12 21
3 13
10 39
1 13
8 11
14 39
12 38
8 30
4 25
19 35
8 17
6 12
20 36
19 20
27 35
11 12
10 28
4 20
21 25
12 15
11 17
20 23
30 35
13 14
2 15
18 40
