40 40 234
20 22 3 36 29 24 33 1 35 26 38 23 7 14 15 39 37 5 8 13 16 12 25 28 19 17 2 30 6 32 27 11 34 31 4 9 10 18 21 40 
2 3 6 16 30 14 20 8 11 19 36 17 1 33 37 7 31 21 22 24 35 9 10 4 13 38 25 39 27 5 28 18 12 32 23 29 40 34 15 26 
34 4 21 25 20 31 14 12 7 32 38 11 5 1 30 39 37 35 36 15 9 6 26 29 13 10 16 40 17 19 3 18 22 28 23 8 2 24 27 33 
16 18 30 19 28 4 38 6 39 17 3 27 10 37 9 24 7 33 13 35 1 32 34 20 15 21 8 29 36 25 11 12 23 22 40 26 31 2 14 5 
17 9 38 8 36 7 15 4 13 10 22 18 5 33 34 31 37 23 12 24 20 28 25 21 27 39 40 3 1 32 29 2 6 14 16 11 26 35 30 19 
38 5 39 4 20 23 28 25 40 27 12 3 21 26 29 34 22 15 8 6 7 13 2 36 33 19 32 11 14 10 9 16 18 24 30 31 37 1 35 17 
6 32 33 35 3 21 9 4 12 18 27 24 13 1 36 17 30 2 31 5 20 7 22 34 19 38 26 23 10 14 37 8 16 25 40 28 11 29 39 15 
30 26 2 4 27 34 40 24 15 12 38 7 25 39 1 29 11 9 36 23 6 21 33 31 32 10 16 22 13 20 18 3 28 19 14 5 35 37 17 8 
35 36 18 30 23 20 14 1 37 3 8 7 28 32 25 39 24 27 40 15 31 16 33 5 4 12 26 19 22 29 10 34 2 17 21 6 38 11 9 13 
30 22 19 34 3 35 26 4 11 16 28 27 29 5 24 10 14 15 12 21 25 13 2 38 39 33 1 18 23 7 40 31 20 6 36 37 17 32 8 9 
37 40 26 18 28 23 17 14 7 2 12 38 13 39 20 22 33 29 5 31 30 16 1 36 15 24 32 3 19 35 8 21 11 9 4 27 25 10 6 34 
29 22 11 8 1 2 40 34 26 17 27 3 19 10 18 21 5 33 39 24 6 13 30 25 35 12 7 38 36 32 16 37 15 28 4 9 31 23 20 14 
12 4 31 40 16 28 22 38 21 10 3 7 37 17 23 26 1 20 39 15 32 9 29 27 24 30 18 35 33 2 5 19 36 11 8 6 13 14 25 34 
29 40 21 15 4 20 1 3 6 35 31 16 8 22 32 10 37 12 33 34 38 28 25 11 27 17 24 36 18 5 9 39 13 19 2 23 7 14 26 30 
32 15 5 37 8 10 19 11 20 24 3 6 12 30 22 14 13 2 27 1 4 7 31 38 40 18 34 26 16 28 25 33 36 23 35 9 29 39 17 21 
2 35 13 27 12 3 32 4 17 11 15 34 8 6 9 24 20 22 19 26 37 30 33 21 38 29 16 18 39 23 5 36 25 1 10 31 7 14 28 40 
10 11 27 9 16 17 21 12 8 31 35 1 22 18 39 24 2 30 36 28 26 23 32 6 13 33 29 7 5 40 14 3 15 37 19 20 34 38 25 4 
27 5 30 39 18 35 17 14 4 12 29 11 15 9 21 25 19 7 28 16 36 32 31 10 20 34 33 3 40 37 6 24 26 22 1 38 2 23 13 8 
12 30 24 20 1 26 3 32 15 36 2 10 19 40 6 38 21 33 31 37 8 17 28 27 39 16 11 34 35 13 25 4 14 9 22 29 18 5 7 23 
13 30 31 8 29 2 15 38 14 7 6 37 12 10 9 27 19 32 1 3 21 5 17 26 34 23 39 11 35 4 25 40 28 33 20 22 36 24 18 16 
37 27 13 20 19 35 23 8 22 15 10 26 9 38 28 32 40 36 12 16 39 29 34 24 11 6 5 30 2 31 17 25 33 4 14 18 7 3 21 1 
4 18 38 10 24 36 32 15 12 6 17 11 28 3 8 23 9 33 30 19 2 1 27 35 16 14 29 21 22 20 31 25 39 37 13 34 7 40 26 5 
25 39 37 12 23 13 32 1 34 11 28 3 5 27 29 40 17 26 15 4 2 10 9 38 19 30 6 22 33 36 16 18 20 14 35 7 24 8 21 31 
33 34 11 15 27 6 25 10 23 20 39 21 26 37 31 30 2 12 28 18 32 35 24 22 9 3 19 14 7 40 36 29 4 16 1 13 17 38 5 8 
39 30 28 37 3 32 5 38 21 16 9 19 36 13 4 11 12 20 25 17 35 18 2 22 26 6 7 31 14 27 34 8 10 40 1 23 15 29 24 33 
2 19 17 26 27 25 6 13 14 20 12 8 30 40 37 4 35 15 34 16 36 29 22 24 23 7 28 33 32 11 5 31 18 39 1 21 38 10 3 9 
38 21 8 7 28 26 20 9 32 30 23 11 15 4 14 40 24 36 18 12 5 1 6 22 35 13 10 17 27 3 16 34 39 25 31 29 19 33 2 37 
40 25 12 8 19 29 35 7 18 38 32 15 13 33 28 17 26 4 6 5 9 30 27 23 10 22 16 20 1 31 3 37 36 34 21 39 14 24 2 11 
20 38 3 11 15 21 10 39 33 23 17 28 29 16 35 4 7 26 22 8 19 36 13 24 34 12 18 25 14 9 31 2 27 37 40 30 32 5 6 1 
35 13 32 27 17 9 18 38 22 1 28 6 10 5 26 33 29 20 4 39 7 21 14 12 37 40 19 25 30 11 36 31 16 34 3 2 23 24 8 15 
30 23 32 31 2 17 40 33 13 15 16 34 3 25 28 38 22 4 5 21 8 39 26 18 11 19 6 29 12 37 36 14 9 1 10 7 20 24 35 27 
21 2 22 34 16 8 29 30 35 40 11 17 13 28 26 27 15 14 36 39 32 33 12 24 31 25 37 5 38 23 6 20 1 9 7 19 3 4 18 10 
13 9 31 36 11 5 2 25 39 38 22 28 35 17 26 4 3 34 24 33 14 30 15 21 12 18 6 32 37 20 16 29 10 27 19 23 1 7 8 40 
3 40 8 32 15 20 17 26 31 21 36 18 25 1 29 23 2 33 4 6 14 27 9 35 28 12 13 22 5 38 7 16 10 24 19 37 34 11 30 39 
30 21 32 28 40 15 36 37 12 31 39 13 26 27 3 1 14 23 11 6 10 29 8 22 18 2 38 25 17 5 33 16 20 19 7 34 35 4 24 9 
19 5 18 35 12 26 33 13 20 17 7 22 10 37 34 15 40 31 16 29 14 23 11 28 8 4 32 30 9 1 27 39 21 38 2 36 6 3 25 24 
15 40 8 2 26 7 22 4 28 33 24 11 10 35 37 20 29 13 38 17 31 39 9 30 23 6 18 3 32 21 14 16 5 1 36 19 34 27 12 25 
2 5 18 4 9 10 23 3 16 6 13 40 26 38 32 19 30 33 29 34 25 31 35 22 8 28 21 11 20 1 15 37 39 17 24 27 14 36 12 7 
19 32 12 31 13 1 11 5 23 30 10 3 39 35 22 34 18 28 26 27 17 37 4 16 25 40 8 38 36 24 7 20 29 33 15 6 2 21 9 14 
16 25 7 24 35 27 39 19 28 32 3 14 23 31 30 1 8 9 36 18 26 20 12 6 33 2 4 21 22 5 11 17 15 10 38 37 29 13 34 40 
11 28
17 20
16 28
12 31
34 35
13 30
3 7
2 5
38 40
4 19
26 32
5 18
12 17
17 23
16 25
22 28
13 20
12 28
35 36
2 27
7 28
23 25
28 31
2 6
4 5
19 39
10 13
25 38
14 24
19 24
9 16
26 37
5 21
27 40
16 19
7 22
30 39
12 22
2 17
16 38
13 23
8 12
23 28
15 33
13 38
3 18
9 30
25 33
1 38
3 39
9 19
15 16
22 32
5 40
4 32
28 37
22 23
30 32
29 40
2 18
16 35
31 37
1 15
3 28
2 12
4 31
3 17
19 33
9 25
24 31
15 23
11 31
16 29
12 24
2 23
35 40
33 40
16 32
13 29
8 25
26 33
14 19
21 33
20 31
3 33
10 19
21 30
12 18
11 26
1 19
12 29
35 39
10 32
2 24
7 40
23 24
12 35
3 5
27 31
38 39
4 6
3 22
25 37
20 33
10 25
9 23
26 34
6 20
21 36
20 28
11 20
23 33
11 25
1 30
13 22
34 38
8 13
17 38
14 37
12 32
23 31
1 3
24 37
5 13
13 37
19 37
25 32
8 19
30 31
5 26
3 38
27 37
11 14
7 11
6 17
5 23
21 39
15 19
1 20
32 33
7 20
5 36
29 39
30 33
1 25
7 33
2 30
18 27
3 31
8 29
13 40
20 40
9 24
14 23
19 21
11 13
27 32
20 22
4 38
3 9
1 9
18 28
8 26
19 31
15 24
14 16
5 16
2 40
10 16
12 19
2 25
35 38
10 33
2 4
13 33
3 25
10 11
8 23
5 6
20 34
9 22
21 35
20 29
28 34
11 23
8 40
5 19
6 24
25 27
12 16
11 24
16 24
31 32
32 40
10 34
34 39
23 30
28 30
5 12
29 31
37 39
3 20
25 39
19 25
2 35
21 38
12 21
29 38
9 32
33 35
17 19
31 39
13 24
1 24
2 31
8 11
9 10
9 31
6 12
10 28
27 35
4 39
1 22
30 35
5 38
13 14
12 26
7 39
13 27
18 29
17 35
14 32
18 40
24 32
