40 40 390
11 33 20 3 32 18 1 39 29 8 16 13 21 27 7 4 5 26 35 9 17 31 28 14 22 37 6 15 38 12 34 25 2 23 30 40 24 36 19 10 
2 36 31 13 21 39 20 34 29 4 12 8 3 38 25 26 14 5 35 23 33 6 17 16 9 7 11 24 28 18 1 40 15 32 19 10 27 37 30 22 
18 14 31 19 34 39 30 7 5 8 28 40 12 24 15 36 9 13 3 33 16 2 27 10 26 11 22 6 32 37 25 38 1 17 21 35 4 29 23 20 
17 18 9 37 40 21 22 8 2 20 10 15 14 29 35 27 38 25 30 24 16 32 33 19 13 23 1 5 4 39 3 34 31 26 6 12 36 11 28 7 
40 17 14 22 28 36 3 30 15 16 10 20 13 1 37 39 23 7 5 9 11 4 12 6 31 33 8 18 24 34 19 26 35 25 29 21 38 27 2 32 
38 9 5 30 33 4 13 26 32 19 18 20 11 40 6 27 1 16 37 25 10 7 15 22 21 14 34 29 35 17 24 8 28 31 3 2 12 23 39 36 
22 28 36 9 14 13 38 20 17 24 3 31 7 39 12 27 11 16 8 19 6 26 25 30 33 10 23 4 15 35 2 34 37 21 1 18 29 5 40 32 
40 6 38 37 30 14 29 12 34 1 28 39 35 13 10 26 20 8 16 4 15 9 18 31 17 25 19 32 2 7 27 36 23 11 22 21 5 24 33 3 
32 10 7 24 9 22 15 13 1 4 31 28 30 33 2 5 16 6 40 19 34 38 12 23 37 14 3 39 20 27 11 35 25 17 21 26 8 29 36 18 
32 23 33 12 19 30 9 5 37 2 14 28 27 25 15 24 10 1 39 31 22 4 21 34 3 17 11 8 29 13 36 7 35 18 26 20 38 40 16 6 
16 34 11 22 25 8 13 32 18 39 23 28 38 5 33 31 7 10 26 17 37 24 9 15 27 21 30 6 3 29 36 2 14 1 12 35 40 19 20 4 
23 9 30 38 16 35 27 28 39 17 12 6 7 22 5 34 33 26 4 40 13 20 2 32 19 29 24 1 18 21 8 10 37 36 31 25 15 11 14 3 
33 30 39 37 34 17 9 27 26 21 18 20 36 5 28 31 11 29 14 10 19 24 23 4 16 40 32 3 2 12 35 1 25 15 6 8 7 38 22 13 
1 7 5 40 39 23 6 31 17 15 29 13 3 22 2 18 8 21 24 28 14 27 37 38 9 30 16 11 10 36 33 26 34 19 12 4 32 35 25 20 
5 18 3 38 40 33 1 31 19 30 27 10 4 34 14 12 11 32 24 22 39 20 36 13 37 7 29 21 25 26 2 16 9 28 6 8 23 35 15 17 
2 33 40 11 32 14 34 1 29 30 17 8 38 27 36 37 35 28 25 9 12 16 4 22 18 26 31 19 3 23 13 20 21 6 39 10 7 15 24 5 
4 19 8 39 30 27 11 28 35 13 25 37 26 9 38 2 31 32 14 34 1 29 12 20 7 23 36 33 5 10 16 21 3 17 24 6 40 18 22 15 
22 31 20 32 35 36 27 40 34 7 12 6 23 4 39 14 1 24 19 25 15 11 30 13 18 28 3 8 26 10 33 5 38 21 37 16 29 2 9 17 
23 3 28 16 20 6 9 36 32 31 1 21 22 2 5 27 13 15 24 33 30 19 37 25 17 12 35 7 26 11 38 40 34 10 14 8 39 18 29 4 
24 9 26 32 11 6 20 30 19 7 3 22 38 39 18 16 2 29 37 13 15 12 5 33 40 17 36 14 4 1 21 31 23 25 10 27 34 35 8 28 
18 33 1 6 22 16 19 4 21 35 36 12 25 34 40 13 23 7 3 38 14 2 24 28 27 30 29 26 11 10 20 5 32 37 15 8 17 31 9 39 
31 36 40 5 11 22 19 23 14 6 27 2 21 35 37 16 30 4 8 13 15 39 33 28 32 10 12 38 9 29 17 7 18 26 25 20 1 3 24 34 
35 29 15 40 17 31 9 7 12 19 8 3 39 33 38 16 22 2 30 28 10 4 34 37 24 25 1 21 11 23 27 36 20 32 18 14 13 26 6 5 
19 28 8 12 34 17 15 27 24 6 4 5 23 31 38 10 30 16 37 33 18 36 21 3 7 20 29 32 14 13 26 1 2 40 25 22 35 39 11 9 
7 14 35 13 31 6 32 1 12 11 21 27 26 23 19 5 3 9 29 28 15 36 38 10 8 37 34 30 40 24 18 17 33 20 2 22 39 25 16 4 
27 3 21 12 23 10 22 16 9 2 15 6 11 36 28 19 32 13 20 5 38 8 14 4 1 24 17 25 37 34 18 31 29 26 35 7 30 39 33 40 
19 4 29 2 35 7 11 28 38 39 16 27 34 24 8 21 17 31 9 20 12 10 3 6 36 1 22 26 25 40 15 13 14 23 5 33 18 37 30 32 
29 1 8 5 34 3 11 25 32 7 10 18 20 19 16 39 36 26 4 9 33 30 38 27 12 6 40 14 13 31 23 17 21 22 24 28 15 37 2 35 
26 37 17 14 40 32 27 38 9 1 31 33 23 13 18 4 30 6 16 39 21 35 22 11 7 12 29 34 28 20 19 10 15 3 25 5 24 36 2 8 
19 20 14 5 13 28 3 24 8 7 11 18 25 37 35 39 23 26 15 34 40 32 16 10 31 6 36 29 4 1 30 9 21 38 17 22 12 33 27 2 
3 10 33 38 7 25 6 35 27 24 13 40 39 1 19 14 30 28 2 18 20 21 22 23 34 5 4 8 31 26 12 9 37 36 11 32 17 15 29 16 
13 37 31 22 26 28 24 1 34 19 2 29 8 36 23 11 14 40 21 18 9 27 25 17 39 32 15 30 35 38 20 3 5 33 6 7 16 10 12 4 
31 38 19 26 36 32 39 17 27 12 10 24 5 8 15 30 7 1 40 4 23 11 18 28 20 25 16 3 33 21 9 6 35 22 34 29 14 37 13 2 
14 13 7 22 9 12 4 23 11 33 19 24 8 17 38 26 6 18 32 3 15 36 35 30 40 5 1 25 34 27 37 29 21 20 31 39 28 16 2 10 
23 10 14 21 12 9 35 22 16 31 39 27 29 30 1 38 36 3 11 20 33 2 18 25 37 4 32 17 40 13 28 8 6 15 7 5 19 34 24 26 
20 40 22 2 18 17 8 19 25 7 28 39 13 37 16 36 31 35 3 1 34 38 33 24 15 27 9 4 12 11 21 30 5 29 23 10 32 6 14 26 
13 16 2 29 4 20 10 24 31 32 9 40 28 27 15 5 35 22 34 17 6 36 14 18 37 25 30 21 12 11 8 33 39 1 19 7 26 23 38 3 
5 37 26 3 22 16 33 40 25 20 31 11 18 35 4 12 1 24 10 13 27 21 2 6 38 39 14 30 19 15 23 32 28 17 29 36 8 9 7 34 
32 21 33 23 7 25 34 35 19 16 4 11 38 22 28 31 13 1 24 30 15 10 2 12 18 8 26 37 9 20 3 40 29 17 6 39 14 36 5 27 
27 14 24 19 3 26 6 28 34 5 36 4 21 31 38 32 39 7 17 16 40 37 1 2 11 8 25 9 35 13 15 29 20 30 23 12 22 18 33 10 
1 2
1 3
1 5
1 7
1 8
1 9
1 10
1 12
1 13
1 15
1 17
1 19
1 21
1 24
1 29
1 30
1 32
1 34
1 39
2 4
2 5
2 7
2 8
2 10
2 13
2 14
2 15
2 18
2 19
2 28
2 31
2 33
2 34
2 35
2 36
2 38
3 5
3 8
3 9
3 10
3 12
3 13
3 14
3 15
3 19
3 20
3 21
3 22
3 23
3 25
3 27
3 31
3 33
3 34
3 35
3 36
3 37
3 38
3 39
4 7
4 8
4 9
4 10
4 16
4 18
4 19
4 21
4 22
4 25
4 27
4 28
4 35
4 36
4 37
4 38
4 39
5 7
5 9
5 10
5 11
5 12
5 13
5 14
5 15
5 17
5 22
5 25
5 29
5 31
5 32
5 33
5 35
5 36
5 37
5 39
6 10
6 14
6 16
6 19
6 22
6 24
6 26
6 27
6 29
6 30
6 32
6 34
6 37
6 39
7 8
7 11
7 19
7 20
7 22
7 23
7 25
7 27
7 29
7 33
7 34
7 35
7 37
7 38
7 39
8 14
8 15
8 17
8 18
8 21
8 23
8 24
8 25
8 27
8 28
8 29
8 32
8 35
8 36
9 10
9 13
9 17
9 18
9 20
9 21
9 25
9 27
9 30
9 32
9 33
9 36
9 37
9 38
9 39
10 11
10 13
10 14
10 16
10 19
10 21
10 23
10 29
10 30
10 31
10 32
10 34
10 35
10 36
10 37
11 13
11 18
11 22
11 26
11 27
11 28
11 31
11 32
11 33
11 34
11 36
11 37
11 38
11 40
12 13
12 14
12 17
12 18
12 19
12 20
12 21
12 24
12 25
12 30
12 31
12 33
12 34
12 35
12 36
12 37
12 39
12 40
13 16
13 17
13 19
13 22
13 23
13 24
13 25
13 29
13 30
13 31
13 32
13 34
13 36
13 37
13 38
13 40
14 15
14 17
14 19
14 22
14 23
14 24
14 26
14 27
14 30
14 31
14 38
14 40
15 16
15 17
15 19
15 25
15 26
15 28
15 29
15 30
15 31
15 32
15 35
15 36
15 38
15 39
15 40
16 21
16 23
16 26
16 27
16 29
16 31
16 33
16 36
17 18
17 19
17 20
17 22
17 23
17 29
17 31
17 32
17 33
17 34
17 37
17 39
17 40
18 20
18 21
18 23
18 29
18 30
18 31
18 32
18 33
18 35
18 39
19 20
19 21
19 23
19 26
19 27
19 30
19 31
19 32
19 35
19 36
19 38
19 39
20 22
20 23
20 25
20 27
20 29
20 32
20 34
20 35
20 36
20 37
20 38
20 39
20 40
21 26
21 27
21 28
21 31
21 33
21 35
21 37
21 39
21 40
22 25
22 28
22 29
22 33
22 34
22 38
22 39
23 26
23 27
23 28
23 29
23 32
23 33
23 36
23 37
24 25
24 26
24 27
24 28
24 29
24 30
24 31
24 32
24 33
24 36
24 37
24 39
25 26
25 28
25 31
25 33
25 35
25 36
25 37
25 38
26 27
26 32
26 33
26 36
26 37
26 39
27 28
27 32
27 33
27 34
27 36
27 37
27 39
28 29
28 33
28 34
28 35
28 36
28 39
28 40
29 30
29 31
29 32
29 37
29 38
30 38
31 32
31 37
31 38
31 39
32 33
32 35
32 37
32 39
32 40
33 34
33 35
33 38
33 39
33 40
34 37
36 37
36 38
36 39
37 38
38 40
39 40
