40 40 312
33 40 29 7 37 27 16 5 35 14 39 23 10 6 4 20 32 25 34 22 30 17 18 9 38 12 13 19 31 1 11 8 26 2 28 21 3 36 24 15 
31 34 39 37 1 13 36 10 24 14 33 11 35 29 40 4 6 5 12 23 28 38 8 30 7 27 16 19 3 22 15 2 25 26 18 9 20 17 21 32 
29 25 19 11 13 9 8 32 33 28 16 34 12 1 15 20 17 22 21 5 3 24 35 36 37 30 10 14 27 40 26 6 23 31 4 18 2 7 38 39 
18 21 16 2 30 19 33 22 13 31 37 5 40 23 36 6 25 38 8 34 1 14 24 28 9 39 15 20 27 7 17 26 35 12 4 10 32 29 3 11 
20 27 37 2 36 12 11 13 29 18 19 26 6 21 31 24 35 25 3 10 28 4 30 5 34 32 9 8 7 23 1 15 33 38 22 40 14 39 17 16 
1 8 13 31 9 7 33 38 22 10 15 17 36 26 3 12 30 37 23 18 20 29 25 21 40 28 14 35 4 24 32 6 16 2 19 39 5 11 34 27 
35 26 39 3 37 23 9 11 40 30 20 28 13 1 12 29 4 15 32 34 22 38 5 24 27 7 14 2 6 21 25 19 18 17 36 8 31 16 33 10 
13 37 14 36 2 29 26 17 5 16 8 6 39 10 20 1 30 40 25 24 35 21 15 23 27 34 31 33 28 18 19 22 4 3 12 7 11 38 9 32 
7 36 1 40 32 31 27 17 6 25 14 5 4 38 26 24 29 35 15 19 9 8 30 10 2 20 3 23 37 18 11 21 34 28 12 33 39 22 13 16 
38 14 13 27 3 30 37 31 5 40 32 19 16 21 29 12 11 18 4 22 23 34 7 17 15 6 36 1 33 26 24 39 35 20 2 8 9 25 10 28 
7 3 6 29 33 13 24 21 25 11 22 8 4 12 10 37 36 40 9 31 17 32 27 39 28 1 23 38 26 16 20 30 35 18 15 34 5 14 19 2 
6 16 21 33 3 12 23 28 19 18 11 15 30 31 22 5 1 4 36 14 25 32 35 39 29 20 8 10 26 13 40 38 37 27 17 2 34 9 7 24 
2 22 8 26 38 23 1 7 24 37 27 14 21 29 12 9 28 36 40 32 4 35 10 15 20 33 6 34 39 19 11 25 30 17 13 5 18 3 16 31 
34 3 9 30 10 36 16 6 18 24 2 14 35 33 1 20 40 39 15 23 27 19 26 8 38 22 5 25 28 32 11 13 37 31 21 17 4 7 12 29 
14 37 11 40 18 10 28 23 34 15 22 13 26 1 31 3 5 2 17 6 33 35 38 16 19 36 39 8 29 27 24 25 30 32 7 21 9 12 4 20 
7 6 37 19 3 10 1 39 25 11 14 20 32 22 31 35 12 24 26 23 36 17 29 30 18 33 2 16 8 28 27 5 21 13 15 34 38 4 9 40 
34 10 32 29 22 35 13 40 26 30 24 31 1 8 17 5 16 9 2 23 11 15 6 14 18 33 39 12 19 20 7 28 27 4 3 38 25 37 21 36 
35 5 27 24 21 22 38 8 28 33 18 2 3 19 15 14 12 34 32 1 23 17 39 37 20 10 25 11 40 30 31 13 29 16 4 7 26 9 36 6 
14 34 38 15 1 9 20 11 21 40 17 29 25 13 27 36 2 6 26 32 30 35 3 12 5 37 22 23 33 8 19 10 24 16 28 7 18 4 31 39 
29 24 39 16 31 27 11 6 7 2 33 36 1 34 3 30 17 8 35 25 15 38 19 9 28 23 21 32 26 13 22 4 10 37 12 20 14 40 5 18 
8 25 7 14 27 1 22 21 20 13 17 36 35 40 15 19 29 16 34 4 11 12 33 30 23 28 18 6 9 2 10 26 5 3 32 39 31 38 24 37 
23 7 35 40 38 19 37 3 1 14 15 16 8 39 13 2 12 11 34 24 20 25 27 9 17 6 28 22 33 26 18 21 31 4 29 30 36 5 10 32 
9 8 13 25 40 19 28 2 32 5 35 31 20 14 30 27 16 24 34 26 17 33 18 15 10 6 21 37 23 38 4 1 7 11 3 12 29 36 22 39 
5 29 18 30 4 12 40 26 19 13 39 25 33 22 14 15 1 35 38 37 8 10 20 2 9 31 7 27 17 21 36 3 24 32 23 11 34 6 16 28 
30 20 35 26 32 12 11 3 34 6 9 36 15 13 22 27 21 23 19 33 40 31 4 16 1 25 2 29 38 5 14 17 7 10 39 18 24 8 28 37 
1 26 39 4 32 17 5 40 2 11 7 6 28 20 10 36 13 14 38 19 37 8 30 16 27 21 23 29 35 34 22 12 18 33 3 31 24 15 9 25 
13 4 32 21 31 12 39 18 34 1 38 2 6 10 22 24 27 9 19 8 40 37 20 16 26 28 7 15 17 29 11 14 30 36 23 5 25 33 35 3 
2 24 11 13 34 6 36 27 16 1 10 33 22 25 20 32 35 37 9 12 7 30 18 5 26 23 15 38 19 8 28 40 14 3 4 17 21 29 39 31 
36 40 9 3 39 29 13 6 4 16 21 10 5 15 22 17 14 33 31 23 35 1 24 2 19 32 20 7 8 27 28 12 18 34 37 11 25 30 26 38 
13 27 25 21 15 19 31 26 16 40 33 38 10 6 24 28 8 4 35 23 29 20 22 39 1 3 12 30 14 11 17 5 7 34 32 2 18 36 9 37 
1 23 24 29 32 19 8 16 2 34 3 20 17 33 40 39 10 22 5 15 7 13 4 14 12 31 21 26 27 36 38 11 30 35 25 28 37 6 18 9 
37 35 5 6 33 40 4 31 36 16 2 8 10 9 15 26 11 20 17 32 29 14 34 13 22 3 25 21 24 1 19 38 28 30 27 23 18 39 12 7 
30 3 35 16 8 22 10 20 12 23 39 6 14 13 9 38 1 11 2 5 28 34 19 27 15 21 17 7 37 32 24 4 36 29 31 25 26 40 18 33 
18 2 20 24 34 9 23 29 39 40 26 16 8 31 12 36 11 13 38 37 1 30 14 15 33 5 27 7 3 6 4 22 25 35 21 32 10 28 19 17 
37 14 27 24 22 33 15 5 36 12 21 25 29 20 1 3 35 23 19 16 28 39 10 9 4 17 8 34 32 31 18 30 2 38 11 6 7 26 40 13 
31 8 16 27 22 10 28 6 38 34 36 9 14 32 33 19 11 29 7 5 20 40 18 24 12 23 26 1 25 4 37 13 15 3 35 2 21 17 39 30 
7 36 34 8 5 13 11 17 32 15 20 12 2 28 10 9 6 29 21 27 18 39 40 35 1 30 38 16 14 3 25 4 23 26 22 19 31 24 37 33 
28 38 9 31 40 15 8 4 17 29 37 14 33 13 27 32 21 22 26 24 2 39 19 5 34 30 3 12 25 23 11 7 35 36 6 18 16 1 20 10 
4 21 18 9 8 1 2 12 31 26 13 23 37 11 36 24 14 22 35 20 28 16 30 39 33 17 6 5 19 40 34 10 25 38 27 15 7 29 32 3 
30 28 10 22 38 31 17 35 8 2 16 29 13 39 25 27 11 7 14 40 18 5 1 32 12 20 19 3 21 15 37 9 36 24 4 6 34 26 23 33 
15 27
20 25
10 17
15 20
26 28
17 20
33 36
6 35
13 17
16 28
18 19
1 6
13 30
3 7
18 30
1 11
5 8
3 24
38 40
4 19
28 35
10 18
7 19
21 31
29 34
9 36
7 28
13 20
34 36
23 25
4 10
28 31
12 34
18 35
24 39
37 38
29 30
10 13
8 21
25 38
21 40
27 38
3 40
10 24
2 32
5 21
4 35
21 37
28 32
11 21
7 22
32 35
29 37
16 38
22 25
31 38
11 36
17 39
12 39
15 33
13 38
4 26
5 27
4 21
11 15
19 23
9 19
3 39
6 16
5 40
2 37
4 32
10 29
21 24
7 21
22 23
30 32
31 40
2 18
9 34
5 37
7 38
31 37
13 26
16 35
18 26
17 34
14 33
2 12
8 28
4 31
19 33
3 17
15 26
14 22
3 34
27 33
25 30
7 15
12 13
9 40
8 32
1 16
26 29
7 24
2 23
33 40
13 29
3 6
18 31
1 10
14 34
3 27
24 28
14 19
21 33
20 31
32 39
29 33
12 18
16 26
13 19
2 24
18 21
17 27
7 40
23 24
27 31
2 7
24 40
13 34
38 39
5 10
14 25
5 7
20 33
4 17
10 25
9 23
15 28
26 34
5 20
21 36
20 28
10 20
8 39
16 20
32 36
11 25
1 30
7 34
31 33
13 22
10 37
1 3
34 38
23 31
14 37
17 38
12 32
2 8
19 37
9 29
1 37
14 26
20 38
27 37
26 39
7 11
22 33
6 17
4 33
9 18
1 20
8 36
16 17
7 20
5 36
29 39
2 19
17 28
3 10
10 38
2 30
8 10
17 33
14 38
4 13
3 31
2 13
9 11
4 24
3 16
9 24
8 16
25 35
5 29
39 40
11 13
7 14
12 14
11 30
5 39
30 34
13 15
1 4
7 36
3 9
8 26
14 29
19 31
9 27
6 8
21 32
4 40
3 32
14 16
10 16
30 40
21 29
28 40
26 31
2 33
17 21
6 34
13 18
11 29
10 33
1 7
17 26
3 4
9 12
18 33
4 7
5 6
19 26
22 37
20 29
11 23
8 40
23 32
16 21
30 37
12 16
5 32
9 37
22 40
7 29
16 24
22 31
3 14
18 23
8 14
34 39
28 30
36 38
18 34
9 15
24 38
5 12
37 39
3 20
19 36
25 39
14 27
4 23
9 17
22 38
16 18
6 37
30 38
23 39
10 40
33 35
7 32
22 24
13 24
18 24
34 40
16 40
14 39
8 30
13 39
4 25
19 35
9 31
8 17
25 34
1 39
4 20
19 20
27 35
25 28
15 17
6 19
3 36
20 23
21 25
26 27
1 22
16 31
12 26
2 21
1 27
17 30
16 34
13 27
1 8
17 35
14 32
2 15
19 30
