40 40 390
7 34 40 30 35 3 20 38 1 8 2 5 16 11 25 22 17 6 29 27 18 14 9 24 10 36 4 32 37 13 12 31 23 19 15 28 26 21 33 39 
40 5 14 2 30 7 23 19 27 34 25 24 12 9 22 11 20 10 18 39 26 33 37 13 15 29 1 16 8 36 6 31 4 38 21 3 35 32 17 28 
22 11 39 6 35 27 25 18 36 7 8 9 33 28 20 32 2 30 4 10 5 23 17 3 19 14 21 34 40 37 13 26 38 1 15 16 12 24 29 31 
40 32 20 7 18 23 35 29 9 11 38 21 12 15 25 3 14 8 13 31 2 4 1 39 28 36 5 37 22 10 27 34 26 33 17 24 6 16 30 19 
38 7 23 13 9 22 33 12 14 16 5 1 35 8 34 40 15 32 11 31 4 26 10 17 37 28 2 25 3 27 20 36 24 39 21 29 6 30 18 19 
40 16 26 32 27 20 35 22 17 5 4 37 25 15 30 14 12 13 10 34 28 21 6 23 36 33 11 1 8 38 3 2 29 24 9 19 31 18 39 7 
18 24 22 40 31 39 10 12 26 35 34 14 27 28 38 9 8 4 30 29 1 17 5 7 11 20 25 3 32 13 23 36 15 37 16 2 33 21 19 6 
21 15 16 31 35 3 8 26 40 23 20 39 11 37 36 29 6 19 7 30 38 18 9 4 13 32 12 22 34 10 2 28 24 17 1 25 5 27 33 14 
5 29 20 18 30 40 2 1 7 6 27 24 22 10 9 3 31 32 38 15 23 17 37 28 25 34 19 8 36 26 35 33 4 21 11 12 14 16 39 13 
1 21 25 39 7 15 20 27 22 2 6 23 19 3 34 11 5 12 35 32 17 29 37 10 8 16 31 28 26 24 30 14 40 4 18 36 38 33 13 9 
8 19 23 37 38 24 25 4 2 35 1 36 27 30 29 18 13 28 16 11 15 22 39 6 26 32 14 9 34 3 21 20 5 10 33 7 12 31 17 40 
6 2 40 8 27 1 32 37 11 35 16 24 12 31 39 22 25 4 14 7 28 10 33 17 9 21 29 19 13 36 34 18 23 3 26 5 38 30 20 15 
4 40 11 37 10 16 30 36 24 3 5 28 32 38 9 6 18 8 7 26 13 20 27 23 19 39 15 22 17 2 14 35 33 34 29 1 21 12 31 25 
10 5 6 38 24 23 9 40 26 16 3 17 8 4 36 21 30 27 32 39 34 13 37 29 11 22 18 7 31 14 19 35 33 15 20 1 25 28 12 2 
25 11 1 35 9 33 13 38 28 31 32 36 12 5 3 2 7 37 27 20 17 6 16 15 39 30 21 34 10 26 40 4 29 22 14 23 24 18 19 8 
28 15 14 29 33 19 30 24 35 32 36 34 5 3 10 2 25 8 20 7 16 27 12 18 13 21 22 26 38 9 6 31 17 37 1 23 40 4 11 39 
11 39 17 2 34 13 7 3 15 21 19 32 26 36 10 5 12 16 20 40 24 28 8 23 9 6 38 35 14 31 18 4 33 25 22 29 30 37 27 1 
33 9 14 5 8 4 11 17 10 34 35 29 18 16 22 28 1 38 32 13 19 36 24 37 27 39 7 26 30 12 25 2 23 31 20 40 6 21 3 15 
34 8 12 28 15 40 25 23 13 35 4 18 38 36 11 20 7 3 39 26 33 19 1 22 2 37 10 16 32 6 5 30 29 27 31 24 14 17 21 9 
34 17 5 3 12 6 38 35 11 39 36 33 9 25 14 27 18 4 21 31 37 28 7 20 26 19 13 23 1 24 32 15 16 40 30 10 22 29 2 8 
36 32 37 29 23 19 1 11 38 20 9 33 10 4 35 8 6 30 21 2 7 40 13 5 25 34 26 12 39 16 3 17 15 22 14 18 28 27 24 31 
24 39 14 34 28 20 2 17 1 13 35 30 36 29 8 32 22 15 31 18 5 40 38 10 33 23 4 19 9 7 6 3 25 37 27 16 21 26 12 11 
16 20 14 32 17 39 6 33 24 23 31 22 26 30 3 18 1 29 35 34 38 7 40 37 2 28 21 8 27 4 13 25 9 12 36 10 15 5 19 11 
13 20 33 25 38 7 12 34 21 5 16 15 37 10 17 29 6 32 4 3 14 23 24 39 11 40 36 28 9 2 19 1 8 27 22 26 35 18 31 30 
8 17 36 31 11 1 35 13 34 15 32 18 27 30 2 19 38 33 25 37 4 22 21 10 3 39 29 24 40 9 12 28 16 23 14 20 7 5 26 6 
18 19 35 12 23 40 38 27 39 29 15 4 14 37 26 5 25 30 16 22 6 8 32 28 34 7 13 31 24 11 1 17 21 36 3 10 2 33 20 9 
10 28 29 3 30 36 35 23 21 7 12 8 38 5 34 16 19 6 17 40 22 27 15 14 37 31 26 24 2 32 20 1 39 25 18 13 11 4 9 33 
14 39 26 9 37 34 28 21 2 19 23 36 35 29 30 12 33 17 13 25 18 22 20 40 38 11 24 27 32 6 16 4 7 8 31 10 1 15 5 3 
29 18 15 16 4 27 26 28 30 1 23 17 32 8 11 40 14 6 38 31 33 36 9 2 25 34 22 3 39 19 21 12 37 35 13 7 24 5 20 10 
35 20 15 10 24 6 26 4 34 8 3 14 23 37 36 29 21 17 38 32 16 25 31 2 5 22 18 13 19 27 30 1 7 9 28 11 39 40 12 33 
29 18 33 20 28 39 13 21 26 4 9 37 30 16 31 2 6 23 15 27 35 24 19 7 1 34 14 11 5 10 40 12 17 25 32 3 22 38 36 8 
26 1 38 8 32 5 2 20 21 31 28 19 22 12 34 16 29 25 37 6 40 17 13 36 39 27 35 10 7 14 24 15 23 3 9 11 30 4 33 18 
3 17 7 23 21 26 25 34 14 19 37 40 1 15 22 38 2 24 18 27 16 10 33 9 36 31 39 20 35 8 32 28 6 13 29 12 5 30 11 4 
19 12 7 20 35 40 30 4 21 11 18 1 33 10 26 17 25 16 29 14 28 39 24 34 32 15 31 5 2 38 23 9 13 22 8 36 3 6 37 27 
33 34 15 30 9 22 35 26 21 5 6 18 10 37 8 14 38 2 19 4 25 28 1 29 36 27 20 24 12 3 11 32 17 16 31 7 13 39 40 23 
16 5 11 6 20 26 9 27 29 12 30 13 19 34 32 36 2 7 31 17 15 14 38 8 10 28 22 39 35 4 1 23 33 37 3 25 18 40 24 21 
5 22 39 14 8 7 26 36 23 32 16 29 11 24 13 2 15 35 37 25 10 20 9 31 38 3 30 40 1 17 34 28 4 12 27 6 19 21 18 33 
11 21 25 18 19 24 26 22 34 8 13 16 20 7 15 14 2 39 1 38 33 37 30 23 29 12 9 32 4 5 31 36 10 35 28 27 40 17 3 6 
25 31 27 1 3 20 5 8 19 12 34 29 26 33 16 28 36 32 39 22 10 18 40 9 38 15 30 2 37 13 11 7 24 4 21 6 14 35 17 23 
16 17 5 9 14 24 33 13 26 35 25 32 18 3 10 8 22 30 31 21 37 28 1 20 29 2 23 4 19 12 15 39 38 11 40 6 34 27 7 36 
1 2
1 5
1 7
1 10
1 12
1 14
1 19
1 23
1 26
1 28
1 31
1 35
1 37
1 40
2 3
2 5
2 7
2 8
2 11
2 13
2 14
2 15
2 17
2 20
2 21
2 22
2 23
2 24
2 26
2 29
2 35
2 36
2 38
2 39
3 4
3 6
3 11
3 13
3 16
3 17
3 19
3 20
3 23
3 24
3 25
3 27
3 28
3 29
3 30
3 31
3 32
3 35
3 37
3 38
3 39
4 5
4 6
4 7
4 9
4 10
4 14
4 16
4 18
4 20
4 21
4 23
4 24
4 26
4 27
4 28
4 29
4 30
4 31
4 32
4 37
4 39
5 8
5 9
5 15
5 18
5 19
5 20
5 21
5 22
5 24
5 25
5 26
5 27
5 31
5 33
5 35
5 36
5 37
5 38
6 8
6 9
6 10
6 11
6 12
6 15
6 17
6 18
6 20
6 21
6 26
6 28
6 29
6 30
6 33
6 35
6 36
6 37
6 39
6 40
7 9
7 14
7 19
7 23
7 24
7 26
7 29
7 33
7 36
7 39
8 11
8 12
8 23
8 24
8 28
8 29
8 30
8 32
8 33
8 34
8 35
9 11
9 14
9 16
9 17
9 19
9 23
9 25
9 28
9 32
9 36
9 37
9 38
10 11
10 12
10 13
10 14
10 15
10 16
10 21
10 22
10 24
10 25
10 27
10 29
10 31
10 32
10 33
10 36
10 37
10 38
10 40
11 15
11 17
11 18
11 20
11 23
11 27
11 28
11 30
11 31
11 33
11 34
11 35
11 39
12 13
12 15
12 19
12 20
12 21
12 27
12 28
12 29
12 30
12 35
12 37
12 38
12 39
13 15
13 17
13 19
13 20
13 22
13 24
13 28
13 31
13 32
13 33
13 35
13 37
13 39
13 40
14 17
14 19
14 22
14 23
14 24
14 25
14 29
14 31
14 32
14 33
14 34
14 38
15 16
15 17
15 18
15 19
15 20
15 21
15 22
15 25
15 26
15 30
15 31
15 32
15 33
15 35
15 36
15 37
15 38
15 40
16 17
16 19
16 22
16 24
16 25
16 26
16 29
16 30
16 32
16 33
16 34
16 36
16 37
16 38
16 39
16 40
17 18
17 19
17 21
17 24
17 25
17 31
17 34
17 36
17 37
17 39
17 40
18 19
18 20
18 22
18 25
18 26
18 29
18 31
18 32
18 34
18 35
18 36
18 39
18 40
19 22
19 23
19 24
19 25
19 26
19 27
19 30
19 31
19 37
19 39
20 21
20 23
20 24
20 25
20 26
20 27
20 28
20 29
20 31
20 32
20 35
20 38
20 39
20 40
21 24
21 25
21 26
21 27
21 28
21 29
21 31
21 32
21 34
21 40
22 23
22 25
22 26
22 28
22 36
22 37
23 25
23 28
23 29
23 33
23 35
23 37
23 39
24 28
24 29
24 31
24 33
24 34
24 36
24 38
25 26
25 27
25 31
25 33
25 36
25 38
26 27
26 28
26 31
26 32
26 34
26 36
26 39
26 40
27 30
27 32
27 33
27 34
27 36
27 37
27 38
27 39
27 40
28 32
28 37
28 38
29 32
29 34
29 35
29 38
29 40
30 32
30 36
30 38
30 40
31 33
31 36
31 37
31 38
32 34
32 36
32 37
33 35
33 37
33 38
33 39
33 40
34 35
34 39
34 40
35 37
35 38
35 39
35 40
36 38
36 39
37 38
38 39
38 40
39 40
