40 40 156
16 18 35 36 1 6 28 27 23 10 38 5 8 39 9 12 3 14 4 34 33 31 32 7 29 22 40 24 13 21 17 25 30 15 2 19 37 26 20 11 
12 34 1 17 10 36 31 40 33 21 16 25 28 19 26 27 30 11 29 37 4 24 15 9 13 7 2 5 35 39 14 20 6 38 8 32 23 18 22 3 
1 26 17 32 29 15 36 12 9 38 33 2 30 5 6 14 11 40 8 23 16 24 39 4 20 18 19 13 7 22 10 31 28 37 35 21 34 3 25 27 
9 32 19 18 21 1 31 26 35 38 20 8 16 7 17 5 10 37 28 29 2 34 4 36 27 6 15 33 23 39 13 30 12 22 14 11 3 25 40 24 
22 36 38 30 11 12 10 14 5 13 6 27 31 33 19 21 9 29 23 20 34 35 26 8 18 39 25 37 4 7 2 32 40 24 15 17 16 28 1 3 
38 14 36 20 39 23 1 29 15 26 12 32 11 37 9 31 4 40 21 27 13 22 24 35 30 17 6 2 16 19 25 28 33 3 34 8 10 7 18 5 
17 27 11 30 35 39 33 40 7 3 16 5 8 23 32 24 20 12 21 2 18 6 28 9 36 19 10 37 29 1 22 31 4 34 15 38 26 14 25 13 
2 11 32 17 24 25 7 8 6 37 22 26 4 33 31 34 3 35 12 30 13 1 21 5 14 16 23 36 15 28 9 10 39 20 27 40 19 18 38 29 
14 37 40 29 20 13 12 39 10 16 21 3 15 8 36 33 22 32 26 35 19 30 4 18 1 7 38 25 17 27 9 11 23 34 5 24 6 31 2 28 
33 19 39 4 27 31 35 17 1 9 32 13 12 14 16 20 26 37 23 21 15 40 7 22 10 2 6 36 34 18 11 8 25 5 28 29 3 24 38 30 
6 26 24 21 16 3 8 23 27 34 18 20 11 2 22 28 32 33 30 37 10 7 15 40 17 5 14 19 4 39 13 25 36 31 29 12 38 9 1 35 
2 34 35 20 12 6 17 22 15 36 8 24 23 25 7 10 5 18 3 14 40 16 39 38 1 27 37 21 29 32 28 19 13 33 30 26 9 31 11 4 
4 6 5 15 17 9 35 14 10 28 16 22 34 30 27 36 25 11 3 29 23 24 33 31 8 20 12 32 13 40 19 2 37 39 1 21 18 26 38 7 
15 10 32 16 26 35 12 13 22 37 39 36 24 3 25 38 34 14 7 8 21 40 11 6 1 17 2 28 19 29 20 4 23 31 33 30 18 9 27 5 
12 13 20 30 9 32 8 17 4 22 7 25 27 11 26 31 5 39 6 3 36 33 23 40 2 14 24 37 29 1 19 18 15 21 16 35 38 10 28 34 
28 3 14 24 40 25 18 16 9 39 7 31 38 29 36 4 21 26 34 32 13 20 19 10 23 6 33 27 30 37 11 1 17 35 22 8 5 12 2 15 
1 15 28 26 17 16 33 32 25 9 19 18 11 31 23 27 12 6 20 5 4 7 10 36 24 30 21 39 35 14 38 34 22 8 29 13 37 2 3 40 
20 24 14 26 9 1 21 12 28 25 33 34 2 16 11 13 8 30 22 29 32 10 7 15 3 35 39 40 31 19 36 4 23 27 37 17 38 5 18 6 
13 1 12 11 34 32 16 18 6 40 7 15 27 29 28 31 37 36 9 10 26 8 3 39 4 25 14 38 21 23 35 20 24 19 30 22 17 5 2 33 
24 10 34 32 22 29 14 18 3 9 6 35 12 17 2 39 36 33 21 40 37 7 26 11 38 19 15 13 20 31 5 23 4 30 1 28 25 27 16 8 
8 2 9 5 19 14 32 3 24 31 37 36 16 25 13 1 40 10 22 39 6 29 23 12 34 28 26 18 7 17 4 27 33 15 35 21 30 38 11 20 
28 32 18 34 12 14 25 27 13 9 38 30 39 35 40 24 36 20 37 21 3 31 26 8 7 15 4 22 1 5 11 2 17 23 29 10 33 16 19 6 
13 22 8 5 26 14 1 40 39 15 16 7 25 24 31 36 27 34 23 28 20 6 18 3 19 10 21 9 38 32 37 17 33 35 29 11 12 2 4 30 
13 32 38 25 21 6 16 1 30 20 36 5 28 2 12 4 26 14 3 9 23 29 35 27 40 17 34 7 33 10 11 22 15 19 18 39 31 37 24 8 
13 5 20 25 23 18 31 11 6 7 29 19 14 10 21 33 12 24 8 32 3 36 40 1 38 34 26 30 4 16 15 37 17 28 35 39 2 27 9 22 
8 1 21 25 2 32 36 39 5 34 10 38 19 40 13 37 31 22 28 12 35 26 18 6 27 3 20 15 9 16 29 24 7 33 4 17 23 14 30 11 
16 10 13 25 33 36 4 38 27 35 30 21 34 5 23 19 6 9 37 7 39 32 11 31 12 26 1 28 20 14 18 2 3 40 15 22 24 8 17 29 
38 29 22 21 9 7 34 19 23 37 18 8 11 32 6 2 31 16 1 33 35 17 20 30 36 26 10 14 5 4 15 3 28 13 40 24 27 12 25 39 
23 8 22 4 18 25 26 14 27 10 20 12 40 21 24 9 35 5 7 2 16 34 36 38 33 39 28 32 19 1 13 3 29 30 11 31 17 15 6 37 
14 32 36 25 31 8 10 37 9 2 17 35 21 1 3 39 34 7 15 40 22 26 29 28 19 16 20 6 18 33 38 12 4 30 11 5 13 23 24 27 
2 7 29 14 4 27 1 37 6 31 25 35 5 23 15 9 21 13 30 17 10 22 18 38 36 8 16 40 28 3 33 34 11 39 32 20 24 12 26 19 
32 25 33 38 11 10 27 9 20 13 12 24 3 26 30 2 8 19 15 36 14 5 7 28 18 35 6 22 39 37 29 40 23 17 21 31 34 16 4 1 
5 1 25 33 31 32 10 4 15 18 37 12 30 8 7 9 22 39 6 16 21 14 40 28 24 17 29 2 3 20 23 26 11 27 34 19 35 38 13 36 
25 2 20 33 11 29 21 37 24 17 38 22 15 36 6 30 23 9 34 39 5 8 7 19 32 27 10 31 26 3 14 12 28 13 16 4 40 18 35 1 
27 35 34 2 14 26 40 15 22 7 33 37 25 4 29 24 19 8 39 18 20 9 11 6 17 36 16 28 32 21 30 12 3 31 38 10 13 1 5 23 
1 3 14 18 9 17 10 37 11 16 34 40 2 35 26 30 28 19 22 25 38 5 12 29 7 31 27 4 32 21 36 24 15 13 33 39 20 8 6 23 
8 14 3 35 1 37 33 7 21 23 11 32 40 25 10 2 22 12 36 29 26 28 27 20 16 38 15 18 19 31 4 17 30 39 24 13 6 5 34 9 
12 34 40 38 2 3 9 17 13 32 21 15 28 11 7 33 27 4 14 8 29 1 20 22 5 35 23 16 19 37 24 18 26 30 39 10 36 6 31 25 
24 40 14 34 19 37 39 29 32 6 3 31 23 21 22 1 25 11 36 20 4 10 5 28 9 2 27 30 35 7 33 12 38 18 15 13 26 16 8 17 
32 31 28 15 14 30 12 35 23 21 36 34 9 18 5 1 27 24 26 3 22 29 40 37 6 11 33 16 7 4 2 19 17 20 10 13 38 8 25 39 
6 9
6 35
2 22
18 19
17 25
13 32
19 40
38 40
20 30
17 23
33 39
8 15
23 25
2 6
18 35
9 14
37 38
8 21
19 24
2 32
1 40
15 29
6 23
5 21
26 37
16 19
6 26
5 34
2 17
17 18
31 38
2 28
10 36
17 39
23 28
4 15
4 26
3 18
4 21
15 16
28 37
22 23
31 40
3 11
1 15
8 9
4 12
9 25
15 23
21 27
11 31
9 40
17 24
26 33
14 19
16 23
1 19
16 26
23 24
2 7
17 40
24 40
38 39
8 22
14 25
10 25
9 23
11 20
8 39
32 36
12 23
29 36
9 38
8 13
4 8
2 8
18 37
10 15
1 37
19 22
3 38
11 14
9 18
32 33
5 36
7 33
22 27
13 25
3 10
4 13
3 31
12 37
13 40
20 27
11 13
27 32
15 22
20 22
11 30
21 23
17 31
3 26
14 16
5 16
20 24
2 40
7 13
28 40
6 34
12 30
23 27
13 31
18 33
13 33
5 9
10 11
20 34
9 22
24 26
6 21
29 35
7 29
11 38
2 26
18 23
35 37
4 9
15 35
8 20
5 25
15 18
5 22
32 34
6 37
12 21
2 16
29 38
3 13
10 39
18 39
9 10
15 38
13 39
5 15
6 12
11 12
10 28
27 35
8 34
5 38
7 39
11 32
3 8
17 35
3 29
8 27
