40 40 312
28 37 16 5 4 36 17 25 2 3 38 14 30 20 19 22 24 23 31 9 18 33 1 11 39 8 6 40 7 27 21 10 32 26 13 12 15 29 35 34 
37 7 5 1 22 24 35 26 2 18 29 17 39 12 14 21 16 19 36 8 27 23 4 31 10 9 30 11 20 34 13 40 38 33 32 6 25 15 28 3 
37 2 20 17 22 11 5 25 21 40 13 23 19 36 34 31 32 7 16 10 14 6 27 1 35 24 8 15 4 38 28 33 9 39 3 29 12 26 30 18 
36 32 8 26 5 7 33 18 39 35 1 40 21 10 17 3 31 11 20 16 37 6 34 28 4 25 23 19 9 29 38 15 27 2 12 13 14 30 24 22 
11 6 20 7 36 18 2 19 27 9 14 16 15 10 28 40 33 21 35 31 5 38 26 34 23 12 30 22 25 29 17 32 4 24 8 13 1 39 3 37 
8 7 36 24 28 16 20 5 11 2 33 1 14 4 31 30 40 19 23 34 10 3 17 29 25 6 18 13 35 22 15 9 38 32 27 26 39 21 12 37 
22 33 28 25 31 19 38 37 3 7 5 8 2 23 34 24 15 36 4 29 9 10 39 12 26 17 16 35 6 32 18 11 1 27 13 30 40 14 21 20 
6 19 1 31 24 37 25 30 29 32 36 38 35 12 34 28 5 14 9 15 3 18 23 2 16 17 39 26 10 13 22 40 21 8 20 7 33 11 27 4 
10 2 11 17 34 16 14 22 26 19 32 35 8 29 7 38 30 1 20 36 25 9 6 37 33 31 21 15 18 27 28 3 12 40 5 39 4 13 24 23 
24 38 36 16 9 7 4 29 37 10 1 12 11 31 2 32 40 20 8 14 25 15 26 17 5 23 3 18 33 19 30 34 6 35 22 27 39 21 28 13 
10 14 21 25 26 17 4 9 40 23 35 2 6 22 24 28 3 11 36 33 20 39 34 30 19 38 8 12 1 13 31 7 15 18 16 37 32 5 27 29 
15 22 9 5 8 25 3 16 33 35 27 1 14 38 11 32 10 21 26 17 18 23 29 39 4 7 13 31 2 19 37 34 20 12 28 36 30 6 40 24 
7 21 14 9 4 20 23 15 19 36 26 18 30 13 32 24 2 6 1 37 3 35 25 10 38 11 22 28 5 12 27 16 40 29 33 34 17 8 31 39 
3 35 18 26 15 33 10 20 39 2 5 24 37 40 32 8 17 38 21 29 6 7 23 9 30 19 25 22 34 36 28 4 13 16 12 11 14 31 27 1 
20 22 14 6 16 28 33 38 39 36 7 12 4 2 32 9 1 30 25 10 27 18 13 31 26 21 35 17 8 5 15 11 3 24 19 29 37 23 40 34 
38 24 1 12 3 5 28 2 23 33 40 17 31 6 27 29 8 34 14 9 35 20 4 13 37 7 16 25 39 36 26 10 11 15 30 22 19 32 21 18 
28 31 20 40 21 27 22 24 2 3 6 17 5 1 39 23 30 29 34 13 14 11 16 36 8 38 10 19 15 4 35 26 33 37 32 12 25 18 7 9 
28 17 7 37 23 26 29 33 24 32 40 13 6 19 20 21 4 38 27 5 31 18 15 2 30 11 39 8 12 3 16 9 25 36 1 34 14 35 10 22 
2 32 5 19 23 26 31 15 12 9 7 10 22 6 36 29 20 39 3 28 13 24 40 4 35 27 34 8 16 11 25 37 21 30 18 17 1 14 33 38 
13 33 4 20 32 24 30 34 2 39 11 23 27 37 36 3 19 22 38 17 40 1 14 31 8 26 10 21 25 15 28 12 9 29 5 35 16 7 6 18 
14 38 33 9 15 31 35 36 1 26 22 8 32 20 30 18 10 13 23 17 11 12 25 19 34 2 24 16 4 39 40 28 29 37 21 3 5 7 6 27 
36 12 8 30 28 35 11 19 5 24 27 37 22 2 14 39 17 7 6 9 29 16 25 26 10 33 23 31 3 32 15 1 40 4 21 20 34 38 18 13 
30 12 7 37 17 40 5 23 14 33 8 24 39 36 38 32 35 29 15 1 19 6 3 26 4 2 20 25 16 27 22 18 34 31 21 28 13 11 9 10 
2 21 37 38 32 22 25 10 24 12 33 20 34 40 23 7 36 13 8 6 1 14 19 16 4 30 29 26 39 9 18 15 31 5 27 28 3 11 17 35 
21 8 12 37 1 27 5 13 31 36 17 28 38 25 33 16 10 14 4 6 3 32 18 35 23 30 2 15 20 39 34 19 9 40 24 11 29 26 7 22 
36 40 11 3 21 33 20 25 39 23 26 28 15 17 32 9 29 4 12 35 5 37 34 38 18 19 2 27 24 30 31 13 7 16 8 6 10 22 1 14 
2 31 35 27 6 30 34 5 23 21 17 15 24 18 10 1 26 3 25 12 7 28 9 20 40 8 32 11 37 13 33 19 4 22 14 29 38 39 16 36 
25 36 29 4 40 3 38 16 31 37 19 17 9 7 15 10 2 5 35 14 21 1 11 24 33 12 30 20 39 22 23 8 13 6 26 18 34 27 28 32 
9 16 29 13 14 15 37 19 31 4 8 28 33 40 6 36 20 12 7 32 17 38 25 5 30 18 23 1 34 11 24 21 35 22 26 27 2 3 10 39 
4 30 27 22 29 5 26 37 34 19 1 33 3 28 16 15 25 8 39 18 32 35 38 36 13 20 12 31 9 40 10 24 2 6 17 21 7 11 23 14 
32 3 8 22 12 39 40 7 19 14 38 37 30 27 20 28 21 13 16 25 2 31 5 9 33 11 26 15 6 29 4 23 36 34 24 1 17 18 35 10 
2 25 17 15 37 39 18 30 32 27 6 16 10 3 26 35 28 24 33 19 7 21 38 1 14 36 31 23 34 11 29 4 20 22 5 12 13 8 9 40 
27 38 22 34 30 29 37 9 33 26 18 8 23 12 5 40 39 24 16 13 17 19 35 3 14 31 4 11 1 10 36 25 15 28 2 20 6 32 21 7 
28 14 21 12 31 3 34 38 35 19 13 26 4 20 32 6 16 23 36 27 2 39 29 37 40 24 17 25 7 5 11 15 8 33 10 30 22 1 18 9 
32 25 7 11 5 10 34 9 36 13 16 1 15 31 3 35 21 14 30 4 40 17 12 19 2 26 39 27 29 20 22 28 37 8 38 18 24 33 6 23 
29 17 22 15 10 8 11 18 34 1 21 35 25 6 31 24 4 19 32 40 28 3 37 33 12 39 14 30 9 5 2 16 38 26 36 13 27 7 23 20 
28 39 35 14 12 3 37 10 25 5 30 27 29 16 11 13 33 32 23 26 4 6 17 31 21 9 36 34 8 15 2 7 22 20 40 1 24 19 38 18 
6 40 12 32 34 37 5 17 8 36 3 16 10 38 35 15 9 13 1 20 26 39 23 7 4 25 27 33 19 14 18 21 30 24 31 29 22 11 2 28 
16 7 37 33 10 5 17 36 4 19 20 3 1 29 18 25 26 28 32 34 11 13 21 31 38 30 23 14 24 40 8 9 12 39 2 27 22 6 15 35 
2 32 31 13 30 40 39 12 29 5 7 18 15 17 34 20 37 4 26 6 33 22 19 11 9 38 3 24 16 10 35 1 23 27 36 14 8 21 28 25 
10 17
25 31
7 12
21 28
4 36
11 28
1 17
17 20
16 28
33 36
13 17
18 19
2 5
5 8
13 32
19 40
3 24
8 24
6 7
20 35
26 32
14 18
8 40
28 35
7 19
16 22
22 28
13 20
31 35
35 36
10 35
34 36
28 31
36 39
2 6
18 35
15 34
5 11
10 13
25 38
8 21
20 32
3 40
27 39
26 37
6 23
21 37
4 35
11 21
14 15
22 39
23 38
16 19
5 34
30 39
12 22
1 31
29 37
7 35
2 28
10 36
4 15
18 36
8 31
5 14
4 26
19 34
10 14
3 18
9 30
14 21
5 27
6 13
25 33
3 39
9 19
7 8
6 16
26 38
15 16
6 39
1 26
17 29
16 35
7 38
11 35
3 11
1 15
12 36
3 28
2 12
8 28
24 33
19 33
3 17
1 33
24 31
6 14
20 26
15 23
6 29
21 27
12 13
9 40
2 23
16 32
13 29
14 34
3 27
9 20
15 25
24 28
6 11
20 31
14 19
21 33
26 33
23 34
32 39
6 30
7 18
11 26
29 33
17 22
16 26
22 29
12 29
27 31
10 32
23 24
14 40
9 13
5 10
3 22
8 22
14 25
4 17
9 23
24 25
15 28
5 20
21 36
28 33
10 20
26 34
32 36
5 33
12 23
11 25
7 34
10 37
34 38
23 31
4 8
12 32
2 8
5 13
19 37
3 21
1 37
9 29
8 19
5 26
20 38
3 38
10 26
7 11
6 17
22 33
4 33
11 19
8 36
32 33
29 39
2 19
1 25
9 33
16 36
31 36
1 14
17 33
18 27
14 38
8 10
8 29
15 39
13 40
20 40
3 16
19 32
9 24
4 24
6 15
8 16
20 27
11 13
3 37
25 29
15 22
21 26
12 14
20 22
16 30
13 15
21 23
30 34
5 39
17 31
7 36
1 4
13 28
11 33
2 3
14 35
3 26
4 29
19 31
1 35
24 29
14 16
21 32
20 24
3 32
2 40
30 40
12 19
1 18
17 21
16 27
6 34
13 18
10 33
35 38
13 31
18 33
10 11
8 23
19 26
26 35
24 26
6 21
21 35
11 23
28 34
25 27
16 21
22 40
5 32
6 24
11 24
9 37
1 29
16 24
22 31
32 40
35 37
18 23
1 2
27 29
12 33
18 34
24 38
13 36
15 35
3 20
1 36
9 28
19 25
10 27
9 17
26 36
6 22
7 10
4 34
23 39
32 34
6 37
29 38
1 24
22 24
31 39
11 37
23 29
12 38
24 35
13 39
5 15
9 31
8 17
14 20
4 20
2 36
25 28
7 9
6 19
21 25
11 17
28 36
8 34
7 26
6 38
13 14
12 26
2 21
1 27
26 27
3 8
17 35
2 15
25 40
15 37
19 30
