40 40 156
38 13 15 7 5 27 28 36 31 12 25 18 1 30 16 4 39 17 6 26 3 32 23 21 22 19 10 2 9 29 40 37 8 35 24 20 33 34 14 11 
12 40 23 7 28 35 6 31 32 34 8 29 10 37 22 13 25 27 39 3 14 33 4 26 2 16 11 38 9 1 30 15 36 20 19 24 21 18 17 5 
40 6 38 12 19 26 8 28 13 34 15 21 39 22 35 31 37 18 9 10 25 36 23 5 4 16 32 3 7 14 2 29 17 1 33 27 30 11 24 20 
37 7 11 39 27 17 4 32 3 10 25 1 36 33 8 22 26 38 31 30 35 24 28 12 13 21 20 9 2 18 29 5 23 16 14 40 6 15 19 34 
15 9 37 21 18 11 40 30 6 27 5 26 28 2 34 7 8 3 33 13 25 36 31 17 23 38 14 16 32 29 1 10 4 39 20 24 35 19 12 22 
8 25 37 12 36 22 31 10 21 4 5 27 13 26 39 24 35 40 9 16 2 38 17 23 6 32 20 33 29 15 30 28 34 14 7 1 19 18 3 11 
14 37 1 12 4 18 13 34 31 29 6 21 24 27 39 8 25 19 3 26 2 32 5 11 10 7 30 40 9 33 36 15 35 23 38 28 22 16 20 17 
2 13 16 12 23 4 29 14 27 34 31 10 19 9 32 40 39 17 38 20 25 37 6 26 22 18 24 3 35 7 1 5 15 28 11 33 21 30 8 36 
4 28 9 10 37 20 40 32 31 13 23 22 19 34 27 3 18 8 35 5 1 15 30 24 21 12 38 2 26 16 39 11 7 36 29 17 33 6 25 14 
40 10 35 13 26 25 36 15 34 6 8 32 16 9 23 19 2 27 4 24 22 39 11 29 14 1 20 12 21 3 37 31 30 7 5 17 18 28 38 33 
35 37 4 39 36 17 21 12 18 30 10 27 14 13 22 25 6 24 32 7 31 1 40 29 20 3 23 9 11 26 19 5 28 16 38 2 8 15 33 34 
14 16 9 18 1 11 20 19 6 23 24 17 5 32 39 30 36 31 7 35 4 3 28 13 10 2 25 33 12 27 38 15 26 21 37 22 34 40 29 8 
3 33 23 40 4 14 12 29 8 19 34 16 35 11 15 30 2 38 36 7 6 31 25 18 32 39 27 20 1 21 17 22 28 10 26 37 13 5 24 9 
29 16 10 2 1 35 13 39 19 25 11 36 3 9 40 8 27 21 33 18 38 31 24 17 37 15 5 23 6 4 26 22 14 7 30 34 32 28 12 20 
19 10 35 4 5 39 2 36 27 12 33 28 37 31 40 18 22 17 34 16 7 23 9 8 29 11 25 3 1 30 14 32 13 21 38 15 26 24 6 20 
11 25 10 2 8 1 32 38 15 3 35 12 29 22 30 19 37 16 24 23 31 27 18 13 36 28 34 33 5 20 17 9 14 40 6 26 4 7 21 39 
12 38 17 35 13 9 19 18 30 24 32 4 3 25 26 34 37 21 6 15 20 2 36 5 16 29 8 33 14 11 23 10 40 31 1 7 27 22 39 28 
8 18 5 22 38 31 33 9 19 17 25 1 36 13 37 34 7 14 3 12 11 24 2 35 27 20 26 28 21 23 16 6 30 39 32 40 15 4 29 10 
36 6 20 39 26 23 4 37 2 25 12 27 40 1 5 19 29 33 30 14 28 18 17 31 10 35 38 13 8 15 22 11 34 16 24 3 9 7 32 21 
40 2 11 22 26 24 32 38 6 29 1 4 34 7 17 13 23 18 16 14 12 27 28 21 19 37 33 25 31 8 9 39 36 35 10 20 15 30 3 5 
17 37 40 11 32 29 3 38 5 18 27 39 34 14 36 1 31 15 8 28 23 30 9 7 12 26 2 35 33 22 25 24 16 4 19 21 6 13 20 10 
28 20 19 2 9 8 33 15 11 7 5 36 17 37 18 34 22 24 23 26 4 32 16 13 29 12 1 38 27 3 21 39 40 35 6 31 30 25 14 10 
31 23 14 10 13 19 3 34 21 6 37 7 17 35 1 2 28 5 16 12 27 15 32 40 25 22 30 11 4 8 36 18 20 24 38 39 33 29 26 9 
30 32 38 18 7 33 31 40 24 39 8 1 36 22 34 17 5 16 25 6 2 14 13 28 26 20 35 3 4 21 19 15 29 23 27 11 37 12 10 9 
16 4 14 30 13 7 8 29 40 19 15 26 21 39 2 38 35 3 11 20 36 18 9 5 24 32 33 28 12 25 22 27 6 10 37 1 23 17 34 31 
25 36 12 1 34 11 14 40 33 39 21 16 4 35 23 8 38 27 18 32 19 22 17 28 13 2 7 9 20 24 6 15 37 5 10 31 29 26 30 3 
40 9 31 39 22 7 8 33 35 18 2 11 6 15 28 5 1 38 16 3 25 32 14 36 26 34 29 10 23 20 4 12 30 21 17 13 37 19 24 27 
12 38 23 40 6 15 2 26 33 22 17 9 19 5 34 1 25 35 7 20 4 21 28 37 18 13 30 31 39 3 10 24 16 11 27 8 29 36 14 32 
37 7 20 34 22 38 2 40 1 14 39 15 12 19 31 25 35 33 26 9 29 32 28 3 21 27 24 4 23 8 30 16 6 18 36 13 11 10 5 17 
12 10 16 13 40 33 20 29 5 24 6 28 3 21 4 15 22 34 11 31 27 18 25 2 37 26 7 9 39 1 32 17 38 30 23 35 19 36 8 14 
13 26 12 21 30 40 7 24 10 11 16 9 37 20 8 36 33 18 28 38 19 14 34 29 23 25 22 4 6 35 31 32 27 3 5 15 1 17 39 2 
9 3 28 16 27 10 40 4 7 14 8 26 29 12 22 11 15 33 39 17 24 32 34 19 35 1 36 30 25 13 2 5 31 6 21 18 38 23 37 20 
34 26 5 27 7 20 1 36 10 39 19 22 11 6 24 28 21 3 31 37 12 8 35 14 15 33 29 38 9 4 13 18 30 2 17 16 32 25 40 23 
31 2 11 16 23 7 29 33 30 10 3 24 38 26 35 9 36 6 40 28 34 19 25 17 13 39 32 20 22 15 8 37 12 5 4 27 14 18 21 1 
3 30 33 26 1 32 36 35 4 15 18 40 7 24 16 14 27 9 21 37 38 12 25 5 19 31 23 2 28 11 20 22 13 6 39 29 17 8 10 34 
26 24 31 19 11 14 10 5 6 18 32 20 3 13 4 23 2 15 29 40 21 30 37 39 17 25 7 28 8 34 22 38 36 1 33 9 16 12 35 27 
7 21 2 29 37 3 32 15 30 33 28 1 35 24 13 22 23 10 36 4 20 18 27 8 12 6 11 17 19 16 25 38 5 34 14 39 40 31 26 9 
9 36 26 29 25 31 18 35 4 38 28 11 34 23 16 14 12 6 15 30 21 5 13 2 39 7 32 24 17 8 19 33 10 27 3 40 22 20 37 1 
7 16 23 15 9 1 34 28 38 4 18 30 14 32 31 2 3 33 22 24 26 5 19 37 20 27 35 39 8 36 6 29 21 10 13 40 17 25 12 11 
1 23 21 12 37 4 32 18 24 35 19 14 38 6 25 3 10 8 2 9 36 40 33 7 17 28 5 31 15 39 34 30 11 26 27 16 13 20 22 29 
1 34
24 30
5 31
15 20
11 28
1 17
16 28
7 25
2 22
13 30
13 32
12 40
6 10
20 30
11 22
10 18
28 35
9 14
15 34
5 11
37 38
8 21
20 32
1 40
26 37
22 39
6 23
16 19
12 22
33 34
7 35
22 25
11 36
2 28
17 39
23 28
15 33
5 14
8 18
14 21
5 27
20 37
21 24
28 37
8 35
7 21
30 32
16 35
13 26
8 28
6 29
4 37
11 31
1 16
6 32
1 10
24 28
21 33
7 18
6 30
1 19
17 22
33 38
34 37
2 7
17 40
5 10
4 6
6 20
8 39
6 27
29 36
22 30
11 39
34 38
8 13
14 37
19 37
2 34
16 17
7 20
5 36
12 20
32 33
7 33
31 36
10 38
2 30
8 29
8 16
39 40
3 37
2 39
25 29
22 34
5 39
12 25
17 31
18 28
6 8
4 40
20 24
6 31
21 29
29 32
7 30
17 26
13 31
2 4
18 33
9 12
10 11
14 30
5 19
11 23
10 21
8 40
28 34
5 32
31 32
4 9
28 30
9 15
37 39
19 36
10 12
1 36
25 39
8 20
5 25
15 18
8 37
23 39
7 23
12 21
33 35
7 32
6 40
1 13
8 11
34 40
4 14
9 10
13 39
4 25
6 12
5 28
19 20
22 35
4 39
1 22
21 22
18 29
17 35
8 27
4 30
