40 40 234
13 27 10 12 33 25 26 24 23 2 22 9 3 8 40 38 31 39 1 18 37 20 35 7 6 19 14 34 17 36 30 4 5 16 28 11 29 15 21 32 
24 21 5 4 18 3 13 17 10 27 8 14 36 33 6 23 38 28 7 15 30 2 12 29 19 25 31 9 1 34 35 37 20 16 39 26 11 40 32 22 
19 24 21 8 3 9 17 39 15 6 13 36 33 11 29 22 4 16 10 40 34 20 37 12 32 26 25 7 18 38 5 14 27 30 28 35 2 1 31 23 
12 30 20 33 35 16 21 37 39 14 24 11 25 17 5 8 3 7 26 36 9 23 34 32 1 31 6 4 27 18 19 38 15 40 10 29 28 13 22 2 
14 29 32 15 12 6 33 26 24 36 39 16 30 20 17 35 23 7 5 31 1 27 28 13 11 9 40 38 37 22 3 18 34 19 10 25 8 21 4 2 
15 6 20 40 4 23 29 9 2 24 31 39 10 32 38 7 37 11 35 13 27 22 34 21 1 36 30 3 16 26 17 25 33 28 18 12 5 19 14 8 
39 38 40 1 15 26 9 17 18 22 7 27 14 3 33 2 30 24 36 37 11 19 34 5 21 10 16 8 29 20 35 28 12 4 32 13 23 6 25 31 
37 39 17 32 9 15 23 28 1 5 12 33 24 11 29 2 40 8 30 36 13 27 21 6 34 3 31 7 25 26 35 4 19 20 14 38 18 16 22 10 
26 6 14 19 40 30 25 28 29 13 35 11 5 9 36 8 18 12 33 15 37 21 7 10 32 1 31 27 2 24 38 17 16 3 39 34 22 4 23 20 
23 20 16 29 9 28 4 22 30 12 27 6 14 3 5 10 8 7 1 32 13 2 18 31 26 39 35 36 17 15 34 21 11 38 37 33 40 19 24 25 
18 30 10 6 3 20 13 26 17 7 32 34 35 11 24 27 14 16 9 2 19 38 23 25 36 39 37 29 12 21 5 31 8 40 28 15 33 22 1 4 
33 17 38 22 13 23 25 27 4 15 20 35 31 28 9 24 21 29 39 19 34 18 37 32 11 8 10 12 5 16 30 26 2 6 36 40 14 7 1 3 
31 3 21 16 14 12 23 10 20 28 18 36 35 8 34 38 24 30 25 37 7 27 1 11 15 4 5 29 40 33 6 13 32 26 2 39 19 9 17 22 
19 40 6 36 30 5 21 31 1 18 29 39 4 35 11 23 7 28 13 38 16 33 25 10 34 17 12 37 2 3 22 32 20 14 8 27 15 24 9 26 
10 6 25 17 13 34 40 15 4 11 33 28 19 8 29 22 21 2 26 23 14 16 5 24 30 36 32 35 27 7 12 20 3 31 39 1 38 37 9 18 
23 18 20 31 17 19 26 33 28 35 37 2 38 30 9 24 25 10 1 5 3 12 21 16 36 4 22 27 39 13 29 15 40 6 11 14 34 32 7 8 
40 32 2 16 39 26 9 17 24 14 36 25 21 23 34 19 4 28 6 29 3 22 27 37 30 38 33 20 10 7 12 18 15 5 1 11 31 35 13 8 
20 19 1 25 27 22 12 8 33 3 26 36 30 31 18 24 11 17 6 28 21 35 34 37 39 9 40 13 4 32 15 38 2 14 16 7 29 5 10 23 
27 40 37 8 5 10 39 3 2 31 24 1 28 21 34 38 35 19 4 12 6 9 7 32 20 29 26 22 18 36 11 25 14 16 23 13 33 15 30 17 
16 38 26 15 5 22 3 28 12 23 2 24 29 13 30 21 33 34 35 10 14 4 37 32 9 36 19 1 25 18 8 39 17 31 6 7 27 11 20 40 
33 23 15 29 35 26 1 14 2 22 36 39 16 28 10 38 7 8 18 31 30 32 25 4 17 13 19 12 37 21 34 5 24 6 11 3 9 40 27 20 
25 9 4 5 12 40 38 32 15 18 22 24 23 13 16 39 3 20 2 6 37 21 34 7 17 35 30 27 10 14 1 31 28 29 33 19 36 8 26 11 
18 10 25 17 7 38 39 20 3 5 14 9 28 8 4 31 6 11 33 24 22 26 37 2 19 21 27 29 35 1 12 23 34 15 30 36 13 16 32 40 
24 30 27 6 23 28 39 11 20 37 25 38 15 33 40 16 8 22 13 34 35 21 32 26 10 36 14 29 17 3 7 2 12 19 1 9 31 4 5 18 
5 37 7 24 13 20 21 15 3 38 4 17 27 23 35 40 14 32 22 12 36 9 33 39 2 1 30 28 25 19 8 34 16 11 10 26 6 29 18 31 
39 28 21 38 29 23 5 31 2 27 40 32 35 20 4 6 13 18 34 16 17 10 1 26 15 30 22 8 37 19 36 12 25 14 7 24 33 9 3 11 
3 17 35 15 21 22 39 31 24 36 1 10 14 32 9 33 19 16 25 23 12 11 6 37 18 27 5 38 13 4 2 20 26 34 29 40 30 7 28 8 
23 15 21 32 17 29 16 35 39 5 30 8 33 1 19 7 40 31 37 2 28 20 3 26 6 9 25 11 24 18 34 22 13 14 38 12 27 4 36 10 
15 4 17 39 11 13 36 14 37 2 12 34 22 1 16 40 27 23 24 32 19 38 30 10 25 7 31 18 6 26 33 20 29 8 3 9 28 21 35 5 
35 31 5 29 17 3 23 25 34 26 6 19 18 24 27 22 20 36 10 7 15 4 12 11 33 32 39 21 13 38 30 9 1 37 14 40 16 28 8 2 
29 19 3 1 25 10 26 5 20 9 8 33 21 38 6 35 40 22 36 23 11 16 15 2 24 7 4 14 34 13 18 37 32 17 30 28 31 27 12 39 
25 11 40 8 15 4 5 6 21 20 38 17 26 37 35 22 3 34 9 29 2 14 16 23 32 13 7 1 10 30 28 12 27 24 19 36 39 31 33 18 
6 29 8 15 27 40 18 24 32 5 10 12 9 21 11 39 20 31 23 7 34 3 35 25 38 16 33 2 28 13 36 22 37 14 4 1 19 17 30 26 
34 3 22 28 18 31 36 6 26 15 30 25 16 17 2 8 32 33 9 29 39 14 37 5 13 12 4 19 38 24 27 23 1 10 7 20 21 40 11 35 
31 4 3 5 19 21 26 36 10 7 27 6 40 28 35 18 22 16 14 33 24 20 11 30 38 37 34 29 32 39 13 23 25 2 15 12 9 8 17 1 
10 40 2 27 35 18 22 21 11 4 7 17 16 3 15 28 20 6 25 33 13 26 23 37 12 24 9 31 30 14 1 34 19 8 38 29 39 5 36 32 
7 21 15 18 20 33 31 40 39 14 1 35 30 3 25 13 16 2 10 17 19 27 9 4 32 5 8 36 6 24 29 28 11 23 22 26 12 37 38 34 
35 40 15 3 29 5 30 19 9 8 31 1 13 39 21 25 34 20 6 17 36 24 26 2 33 22 16 4 23 18 14 11 32 38 7 27 28 37 12 10 
10 31 39 40 29 32 17 2 34 8 25 21 4 19 1 37 26 35 24 18 3 14 30 7 11 33 5 23 36 9 16 28 6 20 27 15 12 13 38 22 
37 8 13 17 30 26 10 1 3 25 4 22 23 18 21 16 35 33 31 24 12 9 7 36 29 28 39 38 34 27 14 32 5 2 11 15 19 20 40 6 
9 26
20 25
25 31
4 36
33 36
16 28
6 35
13 17
12 31
23 26
2 5
1 11
19 40
3 24
8 24
14 31
4 19
9 21
15 30
21 34
20 30
23 35
32 38
33 39
16 25
7 28
13 20
22 28
35 36
23 25
12 34
18 35
24 39
37 38
19 39
10 13
25 38
5 24
2 32
9 16
14 15
10 23
23 38
30 39
29 37
7 35
31 38
22 25
3 12
10 36
1 12
8 12
17 39
2 11
8 31
19 34
1 38
9 30
6 13
14 21
26 38
6 16
28 37
8 35
22 23
31 40
1 26
17 29
16 35
9 34
13 26
12 36
2 12
15 36
19 33
21 27
11 31
9 40
12 24
2 23
3 6
14 34
14 28
19 28
24 28
14 19
20 31
3 33
23 34
16 23
22 29
13 19
2 24
34 37
17 27
10 32
4 11
3 5
24 40
3 22
25 37
20 33
4 17
10 25
26 34
15 28
6 20
20 28
10 20
32 36
6 27
30 36
12 23
11 25
9 38
1 30
7 34
31 33
13 22
11 39
10 37
17 38
4 8
11 40
26 40
1 37
20 38
3 38
10 26
26 39
11 14
11 19
1 20
12 20
9 33
7 33
16 36
10 38
1 14
4 13
3 31
2 13
18 38
24 34
13 40
19 32
3 16
14 23
2 39
25 29
7 14
6 18
21 26
20 22
7 27
6 33
30 34
11 33
18 28
14 35
8 26
14 29
4 29
6 8
20 24
3 32
2 40
10 16
29 32
26 31
17 21
7 30
6 34
35 38
10 33
1 7
23 27
3 4
13 33
10 11
8 23
9 22
22 37
5 19
16 21
6 24
9 37
1 29
31 32
13 21
27 29
35 37
4 9
2 9
19 36
1 36
4 23
19 25
26 36
6 22
5 22
10 22
6 37
1 24
7 32
31 39
36 40
3 13
8 11
23 29
12 38
3 30
2 10
18 39
15 38
19 35
3 19
8 17
4 20
19 20
27 35
25 28
2 36
20 23
21 22
13 14
17 30
16 34
3 8
17 35
2 15
18 40
25 40
24 32
