40 40 156
32 35 2 9 11 18 20 30 24 31 17 38 15 1 3 12 4 5 21 40 23 19 36 8 25 26 34 39 29 37 6 28 22 13 10 14 33 27 7 16 
32 14 28 16 11 35 6 27 25 15 37 40 34 29 30 2 24 23 26 5 7 18 20 10 13 8 1 17 38 36 39 12 19 31 22 21 33 9 4 3 
11 35 36 18 28 1 31 12 25 5 16 30 17 27 33 13 2 21 19 3 9 15 26 39 38 14 23 37 10 7 40 20 6 8 22 24 34 32 4 29 
37 21 9 31 8 16 7 20 2 29 13 39 33 40 19 28 5 32 17 11 1 3 15 30 6 25 35 36 10 26 14 27 18 38 4 24 23 34 12 22 
11 29 25 17 3 12 15 38 28 27 26 6 31 13 39 40 24 5 37 8 20 33 18 19 16 36 23 21 22 35 10 30 1 9 7 4 34 2 32 14 
16 39 24 28 38 12 36 4 5 21 13 3 19 32 8 25 35 20 30 17 29 10 40 33 2 27 23 22 9 31 34 18 15 26 7 1 37 6 14 11 
19 20 28 26 14 30 1 8 24 7 33 27 36 3 21 35 11 6 10 15 37 18 34 38 16 4 5 12 31 9 22 40 2 39 23 32 13 29 25 17 
6 17 21 14 15 34 2 24 40 36 33 27 12 30 10 3 13 9 19 39 23 16 18 37 11 5 31 26 28 25 38 32 8 22 4 7 29 20 35 1 
24 28 14 8 21 20 30 37 29 9 34 7 4 38 1 12 39 25 10 15 19 13 26 35 16 17 32 6 36 22 23 11 5 3 40 18 31 33 2 27 
33 40 4 37 1 21 24 15 31 29 25 38 30 3 10 28 12 6 7 9 20 13 17 32 11 2 34 19 27 23 16 39 22 26 18 36 8 5 35 14 
1 21 8 26 15 17 7 40 20 35 39 22 6 4 25 3 5 9 19 36 29 34 18 11 37 23 12 13 10 24 33 16 2 30 31 27 38 32 28 14 
35 19 24 30 39 6 26 37 33 16 18 25 36 17 1 4 20 7 11 15 27 32 2 13 31 22 8 29 38 5 21 12 14 28 23 9 3 10 40 34 
32 3 2 36 30 9 34 21 12 25 18 20 37 23 11 33 31 4 29 26 10 6 27 19 13 1 24 8 28 5 17 15 22 7 40 35 38 16 14 39 
21 15 22 3 2 6 31 20 35 37 26 36 18 40 32 17 13 10 38 14 7 9 25 27 30 12 33 8 16 23 29 19 1 28 4 39 5 11 34 24 
17 35 8 7 26 28 33 25 23 12 3 16 18 31 38 36 30 19 11 40 22 13 20 34 5 27 24 15 10 4 1 29 2 6 37 14 21 39 9 32 
33 13 12 24 1 40 36 37 7 28 23 19 35 18 4 16 14 9 8 22 26 2 25 10 39 6 11 34 30 32 21 17 5 27 3 20 31 15 29 38 
9 14 30 12 22 36 21 29 16 18 4 23 32 2 26 15 10 34 39 1 31 27 33 3 20 24 25 7 11 17 38 13 35 19 6 40 8 5 37 28 
24 7 37 2 6 11 27 30 16 12 13 1 3 18 4 10 38 33 40 17 5 19 25 31 36 20 8 39 9 14 15 32 26 22 28 21 34 35 29 23 
30 8 34 29 10 16 33 26 4 5 22 13 1 18 21 40 35 39 12 3 24 36 9 20 7 11 23 6 32 17 28 38 15 37 14 25 27 31 19 2 
39 30 33 14 32 24 1 38 40 9 27 28 31 3 25 21 12 20 26 23 11 29 19 10 5 35 37 36 34 17 4 7 8 22 6 2 18 13 16 15 
38 5 8 21 14 40 13 36 28 29 9 39 17 7 18 25 11 24 26 4 3 15 1 23 27 30 12 16 20 19 2 35 34 22 31 32 6 33 10 37 
32 4 22 27 38 36 33 39 29 18 30 19 11 26 28 25 5 16 40 9 15 34 17 12 14 31 37 8 23 3 10 7 1 35 6 21 13 20 24 2 
26 28 11 31 5 15 39 33 40 34 29 35 10 2 3 20 37 36 16 25 22 30 12 4 14 7 23 19 32 17 1 27 6 21 8 9 38 24 18 13 
20 4 7 6 27 25 18 34 9 1 21 24 40 15 37 39 26 5 3 36 19 38 33 8 13 22 17 14 32 11 29 31 30 28 23 2 12 10 16 35 
13 23 31 20 22 28 7 2 10 19 24 39 26 5 9 34 33 35 36 30 8 37 21 25 1 12 14 15 4 6 18 3 17 11 29 16 27 40 32 38 
10 29 6 15 12 34 21 8 5 16 28 19 9 11 18 26 17 32 3 20 14 2 39 23 13 22 33 4 36 37 1 24 30 38 40 35 25 27 7 31 
11 26 27 17 13 21 36 38 35 14 20 34 37 6 39 32 4 5 1 3 25 8 16 29 28 33 15 30 19 9 22 12 31 2 23 10 40 18 24 7 
19 26 2 13 32 1 25 18 4 3 40 24 8 29 38 6 37 10 17 31 30 27 14 23 22 16 39 5 11 21 9 15 20 28 12 36 34 33 7 35 
29 22 2 4 11 34 37 15 5 39 20 38 30 26 21 3 23 8 1 33 18 12 16 10 40 13 27 36 6 17 35 7 19 9 14 32 28 24 25 31 
25 16 19 32 26 10 30 5 1 37 7 2 18 12 39 14 8 40 34 11 21 33 17 31 22 9 4 6 38 28 15 3 29 27 20 36 24 35 23 13 
15 34 5 17 22 23 16 18 25 28 13 14 39 1 19 29 27 33 8 6 21 20 12 9 24 32 26 40 30 10 7 3 2 35 36 4 31 38 37 11 
37 19 20 34 15 3 35 4 13 24 23 7 21 25 10 5 39 38 6 32 14 12 22 17 31 33 27 8 26 11 30 9 2 16 36 18 40 28 29 1 
27 40 22 3 19 30 25 5 33 35 18 16 23 13 28 24 11 21 2 14 34 4 32 8 29 6 20 1 31 15 37 26 38 7 9 10 12 36 39 17 
32 40 21 16 15 27 20 13 2 3 23 30 39 22 11 37 34 14 10 5 17 1 24 38 26 19 31 4 36 28 8 12 7 18 35 25 33 6 29 9 
32 23 6 36 11 5 3 20 19 15 40 39 38 4 7 26 8 18 33 34 31 29 27 25 35 10 17 22 14 30 16 9 21 24 12 2 1 28 13 37 
33 7 34 21 35 36 1 31 17 32 25 37 14 12 29 10 6 15 2 3 20 23 4 22 8 38 30 24 39 40 27 26 16 9 19 11 28 5 13 18 
27 14 29 13 9 10 20 25 28 39 36 7 35 33 22 3 24 21 1 16 2 6 32 15 38 31 11 23 18 4 19 26 30 37 5 12 17 40 8 34 
13 20 21 1 35 32 33 12 16 27 29 38 10 37 11 5 26 15 19 23 3 9 4 14 34 39 7 17 36 31 28 30 40 18 6 2 24 25 8 22 
5 12 9 32 17 39 23 26 8 37 2 10 38 29 20 28 35 27 21 22 40 7 4 31 13 30 3 6 11 36 18 1 34 15 33 14 24 19 25 16 
33 5 34 17 31 18 38 1 14 29 27 4 15 39 13 21 22 30 11 7 40 37 23 26 25 32 19 24 6 12 16 36 28 2 10 35 3 8 9 20 
9 26
24 30
25 31
2 22
18 19
17 25
13 30
3 7
18 30
5 8
8 24
19 29
15 30
6 10
21 34
25 26
6 25
34 36
17 36
28 31
29 30
8 21
5 24
21 40
19 24
27 39
3 40
10 24
5 21
4 35
28 32
27 40
10 23
7 22
16 19
12 22
2 17
33 34
16 38
3 12
4 15
2 11
3 18
8 18
6 13
25 33
27 34
6 16
22 32
23 37
30 32
29 40
14 33
12 36
2 12
8 28
5 30
3 34
7 15
15 23
21 27
11 31
16 29
6 32
2 23
1 5
6 11
21 33
16 23
1 19
18 21
12 35
37 40
3 22
19 38
26 34
28 33
32 36
7 17
9 38
2 29
34 38
23 31
28 29
15 32
13 37
5 13
3 21
14 26
10 26
9 18
7 11
1 20
30 33
29 39
3 10
3 31
15 39
3 16
19 32
1 32
6 15
14 23
22 34
8 33
2 20
13 28
14 35
3 26
1 35
9 27
20 24
7 13
21 29
12 19
2 25
3 4
18 33
13 33
8 23
15 31
6 21
10 21
8 40
7 16
23 32
30 37
36 38
9 28
25 39
10 27
2 35
10 22
29 38
2 16
1 24
31 39
13 24
36 40
10 39
18 24
1 13
17 32
14 39
2 10
9 10
14 20
11 12
6 19
20 23
1 22
21 22
11 32
18 29
15 40
8 27
