40 40 78
14 5 11 34 40 13 27 18 33 17 23 32 2 29 16 31 6 7 20 4 38 37 26 3 10 30 19 25 9 1 21 39 15 28 22 8 12 35 24 36 
17 3 30 13 8 35 7 22 21 27 20 19 39 38 26 10 11 31 37 25 36 34 18 33 14 15 5 2 23 9 40 29 12 24 1 32 28 16 4 6 
14 29 32 17 13 37 40 25 39 18 20 31 9 27 16 8 19 22 6 11 38 23 28 15 7 30 10 21 35 5 3 26 34 24 33 12 4 2 36 1 
20 19 3 15 11 25 34 29 36 22 12 14 38 5 13 33 17 30 7 21 16 28 26 37 27 24 40 2 35 8 9 4 1 32 18 6 39 10 31 23 
27 39 33 18 30 16 17 20 14 37 25 22 19 21 15 12 10 29 35 9 24 5 38 23 3 31 13 28 7 8 32 36 26 6 1 34 40 11 4 2 
26 28 20 5 13 39 8 35 30 19 32 34 36 14 18 15 27 21 4 7 6 40 1 3 16 11 25 33 24 38 29 12 17 31 37 10 23 2 9 22 
6 28 39 22 31 20 14 4 13 25 29 23 12 19 24 1 21 15 8 35 33 16 3 37 18 5 26 30 34 38 40 17 9 36 27 32 7 10 2 11 
40 12 22 24 17 27 15 35 31 4 2 38 14 37 29 32 26 6 33 28 13 19 39 1 25 11 23 9 5 16 8 30 3 18 7 36 20 34 21 10 
2 11 15 17 9 12 6 38 16 36 21 20 14 3 29 8 31 23 1 26 5 25 28 39 33 27 32 13 37 7 22 34 18 19 4 10 24 40 35 30 
28 20 31 21 25 26 29 14 9 8 6 18 36 37 39 33 17 7 5 2 35 11 24 3 19 4 30 16 10 23 22 13 38 34 12 15 1 40 27 32 
10 39 35 21 2 12 33 8 20 5 31 15 28 11 27 1 3 18 34 23 30 24 13 38 16 32 17 4 22 7 19 40 26 25 36 14 29 37 6 9 
33 10 12 3 1 28 18 29 23 32 2 39 37 36 13 25 40 4 38 27 31 19 35 16 34 21 14 22 5 17 24 8 30 20 6 7 9 26 11 15 
16 28 15 19 31 4 40 22 6 35 17 39 3 26 38 1 24 32 10 9 11 7 13 23 25 5 18 20 36 33 34 27 8 14 2 12 29 37 21 30 
21 31 39 1 24 27 28 16 2 5 8 23 34 19 30 29 26 18 3 36 15 37 4 10 22 17 11 40 33 32 14 9 20 12 13 35 25 6 38 7 
32 25 36 37 20 29 40 22 39 13 26 3 2 35 16 15 27 6 14 11 8 7 18 9 23 31 33 24 17 1 5 38 21 12 19 30 10 28 4 34 
23 28 26 34 20 35 16 21 36 22 14 4 30 38 24 3 8 31 10 25 5 13 39 29 32 12 37 18 11 9 17 6 27 15 40 1 2 19 33 7 
34 11 12 38 5 1 3 19 30 35 15 20 10 29 25 27 36 28 14 8 6 24 18 7 40 33 2 37 17 32 13 21 23 16 39 9 31 22 4 26 
27 31 23 26 9 2 38 3 13 4 14 8 22 40 15 32 12 28 25 20 37 1 17 30 35 5 16 7 6 36 10 18 34 21 33 24 29 11 19 39 
11 24 19 29 21 36 20 23 4 34 5 25 40 38 9 3 14 10 33 6 18 2 7 27 8 26 17 22 15 13 30 12 39 16 32 28 31 1 37 35 
4 30 16 1 28 22 17 21 12 14 3 18 38 10 26 11 13 31 29 27 24 35 36 8 39 25 19 23 2 9 15 20 32 37 40 7 33 6 5 34 
40 11 28 3 22 27 14 37 17 18 19 15 36 1 34 30 23 39 26 38 33 20 5 25 12 10 9 13 7 31 6 29 8 2 32 24 21 16 35 4 
30 5 22 9 13 4 38 26 40 15 29 16 24 33 27 1 6 3 28 20 34 39 17 21 10 23 12 19 25 31 18 37 32 35 11 2 36 7 14 8 
28 35 31 16 39 19 12 20 9 15 18 27 40 17 26 14 36 30 10 37 29 6 32 4 38 7 25 8 22 5 23 2 1 13 33 24 34 3 21 11 
23 16 3 14 34 5 8 37 21 4 6 22 31 25 10 27 12 32 15 39 36 30 18 7 1 29 33 2 40 35 9 20 17 28 11 19 26 13 24 38 
28 11 14 8 27 29 10 17 3 22 4 34 19 21 35 2 30 25 12 37 40 20 31 23 13 26 39 24 5 9 32 33 36 15 18 7 38 6 16 1 
32 36 7 10 25 23 8 3 18 34 19 27 2 33 28 14 6 26 39 1 31 21 29 22 9 4 17 13 35 20 38 30 12 11 40 5 15 24 16 37 
22 35 10 12 4 31 7 27 25 14 29 6 3 32 11 9 33 13 1 40 17 34 38 2 30 39 19 24 16 36 20 5 18 21 23 28 15 37 26 8 
9 1 26 5 22 24 25 23 40 35 37 39 19 10 32 4 7 17 29 13 34 30 36 11 6 33 20 15 18 16 2 21 31 14 28 12 8 27 3 38 
31 9 5 27 18 30 28 29 36 17 23 1 34 10 7 22 20 4 38 25 11 14 21 33 6 2 37 13 16 35 40 8 24 39 3 32 12 26 19 15 
39 12 4 13 20 33 10 34 38 25 14 5 16 40 27 11 15 1 24 7 32 22 26 30 9 28 29 21 18 17 19 23 6 2 8 36 37 35 31 3 
20 11 39 18 22 32 2 29 21 24 3 23 34 40 28 37 4 35 30 33 36 1 7 19 6 13 12 25 27 16 26 15 10 38 31 17 8 14 9 5 
26 17 18 28 10 38 8 33 9 5 34 25 32 24 39 11 15 36 13 20 19 37 2 12 4 6 31 1 14 16 23 27 22 40 3 21 7 30 29 35 
29 40 15 23 11 37 2 30 26 4 35 34 24 18 19 14 20 38 21 5 32 16 13 6 10 1 3 7 28 36 22 27 9 17 25 8 12 31 39 33 
40 39 25 31 37 32 8 38 27 4 6 10 19 3 30 14 21 24 15 33 34 26 20 23 35 2 18 1 16 11 13 7 17 36 28 12 9 29 22 5 
16 36 17 11 20 10 34 37 25 32 5 24 8 39 23 12 4 40 19 26 33 3 13 28 38 1 18 9 14 22 21 29 27 30 31 35 2 6 7 15 
18 8 1 36 19 30 15 2 10 31 14 9 29 6 35 40 4 12 24 26 11 25 23 38 7 33 20 13 27 32 17 28 3 16 22 39 21 37 5 34 
28 11 24 14 18 29 6 9 35 32 38 34 12 37 3 20 36 13 31 5 26 2 27 8 40 1 39 25 16 17 19 22 15 23 33 21 4 7 30 10 
10 13 36 14 17 31 1 8 29 24 11 21 5 39 27 4 22 23 33 6 28 7 2 34 37 30 12 26 16 32 18 19 20 9 40 25 38 35 15 3 
9 30 4 13 23 38 19 14 1 10 32 2 24 39 22 8 12 6 7 29 16 37 3 27 36 21 26 33 17 35 15 11 31 18 40 34 5 28 25 20 
20 25 4 16 21 14 34 9 15 6 31 11 7 22 23 17 27 8 28 12 40 5 10 24 29 35 19 37 18 1 33 26 32 30 39 36 3 13 38 2 
13 33
23 37
14 30
7 12
18 37
13 37
15 31
1 37
25 32
8 19
23 32
23 26
10 26
15 19
21 39
28 38
1 20
14 22
11 19
24 31
5 36
1 33
2 26
9 40
8 32
9 19
7 24
13 16
5 12
35 40
1 5
33 40
2 30
11 27
20 40
18 31
1 10
8 16
27 28
20 27
1 7
6 37
17 19
22 24
24 39
11 30
9 20
26 33
8 11
12 25
5 24
13 19
14 35
2 24
6 26
2 36
10 28
12 35
27 35
4 39
26 27
2 28
16 31
6 38
1 12
10 16
17 30
4 17
8 31
11 32
20 28
2 25
23 33
4 21
5 33
2 37
13 31
2 4
