40 40 312
17 38 33 22 23 36 34 11 12 2 13 39 9 30 7 24 4 6 21 35 40 26 32 20 5 28 8 3 15 16 14 18 29 1 31 19 10 37 25 27 
21 14 9 25 28 19 35 37 7 5 27 1 3 15 17 30 18 29 16 39 40 31 4 34 24 6 36 13 23 26 11 20 10 12 2 32 22 8 38 33 
16 34 39 7 8 14 18 12 21 27 32 33 5 3 4 15 38 1 24 22 35 17 2 31 9 26 23 37 28 30 6 13 40 25 20 36 10 11 29 19 
17 26 23 14 27 28 6 35 30 15 19 5 1 40 37 11 34 32 8 10 13 16 36 25 39 31 29 22 3 24 2 18 21 38 12 7 9 4 20 33 
21 4 40 38 5 13 26 34 18 23 8 16 31 24 11 7 25 19 9 15 6 20 39 29 17 33 1 30 12 14 28 22 37 32 3 10 27 36 35 2 
20 40 36 13 1 34 39 10 17 28 37 4 25 35 5 21 15 38 3 27 2 19 12 7 22 9 6 18 29 11 26 23 8 24 33 16 32 14 31 30 
18 13 10 7 9 16 2 12 17 19 29 37 28 5 8 31 3 39 32 36 21 38 15 33 34 4 35 25 23 26 22 1 6 40 14 20 30 27 11 24 
16 38 27 30 6 11 37 31 39 8 2 26 29 21 34 40 20 10 33 12 25 14 24 18 15 5 13 23 3 22 28 7 17 1 19 35 4 36 32 9 
11 2 20 7 40 28 19 33 13 6 16 18 30 22 31 8 26 12 39 25 36 37 23 3 14 29 27 17 5 10 32 24 35 34 1 4 21 9 38 15 
18 9 5 14 3 15 16 6 10 11 23 1 8 34 28 20 21 26 25 13 12 7 39 2 17 31 38 33 24 35 32 29 4 22 27 30 19 36 40 37 
2 9 3 33 5 34 18 37 10 21 30 31 16 17 13 25 6 19 29 40 11 23 27 32 20 38 14 12 35 22 8 1 7 4 39 15 26 28 36 24 
7 2 13 38 23 9 40 6 3 1 28 36 14 31 39 35 30 25 16 17 37 18 34 27 26 33 24 12 20 29 5 22 21 19 32 15 8 4 11 10 
39 16 8 22 31 11 37 9 36 26 20 38 1 15 13 7 33 17 25 21 23 19 29 30 27 3 2 24 12 10 18 28 6 35 40 14 5 34 32 4 
40 2 3 35 19 28 11 30 13 31 9 18 23 16 37 7 22 29 8 27 10 36 4 6 21 25 32 39 34 15 20 12 5 24 33 26 38 1 14 17 
26 24 17 32 13 34 25 7 18 15 14 27 8 3 35 4 21 28 29 5 36 11 12 20 6 39 33 23 2 40 9 10 1 19 37 16 30 38 22 31 
2 13 11 16 35 26 25 3 20 39 19 4 38 6 23 40 27 24 10 14 36 34 1 21 28 18 9 8 15 37 31 12 32 5 30 22 7 29 17 33 
22 10 12 38 2 39 15 4 8 1 14 25 3 31 13 28 26 5 18 36 7 33 9 23 35 27 20 40 17 19 11 21 24 37 32 34 6 29 30 16 
3 25 6 35 31 39 30 11 12 2 19 38 20 26 34 10 1 7 21 29 27 17 4 16 8 5 36 37 9 15 33 23 24 40 28 18 22 32 13 14 
29 35 8 33 38 15 37 36 13 14 30 5 20 19 40 24 10 25 23 1 32 7 39 31 6 18 16 28 17 27 4 11 12 34 9 22 26 2 21 3 
5 32 9 10 1 36 28 11 26 37 16 22 13 27 38 15 40 3 29 2 23 4 18 25 24 31 8 34 19 20 14 30 33 12 35 39 21 7 6 17 
14 5 31 18 22 40 23 29 35 12 1 33 3 37 6 16 34 7 8 17 26 30 25 39 13 32 20 38 27 10 2 28 11 24 9 4 21 19 15 36 
11 15 25 12 22 24 36 6 9 10 16 39 29 33 34 27 17 32 26 8 35 30 14 13 7 4 18 23 3 1 28 2 38 40 5 19 20 37 21 31 
30 34 3 32 33 1 31 20 39 2 15 19 18 12 26 8 23 36 9 38 37 40 25 14 16 35 10 28 6 17 24 21 29 5 7 13 4 22 27 11 
11 40 1 21 5 38 39 6 16 10 32 9 20 25 37 24 34 28 18 19 7 26 29 15 14 2 12 30 3 23 31 17 36 22 35 8 27 13 33 4 
22 13 7 4 31 2 34 36 16 20 10 19 38 3 35 8 15 24 27 9 11 37 30 40 17 29 26 6 1 5 25 32 21 39 14 28 23 18 33 12 
9 11 10 13 39 14 35 20 33 31 26 12 7 6 38 3 15 19 24 37 28 22 16 27 23 21 34 30 32 18 17 25 4 1 36 29 5 8 40 2 
33 34 8 18 7 21 39 25 11 14 29 35 3 10 17 1 32 6 13 20 26 12 27 28 19 38 22 16 23 4 9 36 37 31 30 40 2 5 24 15 
26 34 9 19 33 16 29 20 30 38 25 6 32 40 31 15 21 4 23 12 13 7 24 17 28 14 27 18 35 22 10 11 3 8 2 39 5 36 37 1 
33 19 1 12 25 17 36 7 30 5 24 9 40 18 20 39 10 29 11 26 15 31 4 38 34 13 3 35 16 2 27 32 14 21 8 23 37 22 28 6 
35 29 22 1 17 11 26 37 6 31 28 33 9 32 23 16 8 40 5 4 39 12 2 10 34 38 7 36 19 27 30 21 25 3 18 14 13 15 24 20 
29 21 14 33 24 27 2 23 1 12 5 30 3 16 26 38 18 37 40 13 10 8 32 34 17 39 36 25 20 4 9 31 6 22 19 15 11 7 35 28 
24 15 26 14 40 32 33 39 5 35 34 27 13 18 2 38 22 25 6 31 37 4 11 12 19 7 17 36 3 23 29 30 16 8 10 9 28 1 21 20 
15 31 25 4 12 5 40 2 35 19 38 39 8 23 18 29 36 27 7 21 10 34 26 16 14 9 1 11 24 33 6 28 13 3 20 32 30 22 37 17 
31 27 38 23 28 34 19 37 18 2 25 30 14 17 20 8 21 36 40 26 29 16 5 33 11 7 24 3 39 10 32 35 4 12 6 9 13 15 22 1 
25 17 3 12 40 23 21 26 20 16 33 2 24 4 15 32 30 28 22 9 31 5 34 11 29 7 13 19 14 39 37 27 36 6 18 8 35 1 38 10 
5 31 12 14 30 37 9 38 16 23 36 11 33 15 7 10 29 40 35 3 20 28 32 25 21 27 18 13 22 1 34 2 8 24 19 4 39 26 6 17 
18 26 13 17 33 36 4 16 20 8 38 27 30 23 5 24 9 28 11 3 32 15 10 31 2 34 37 19 12 40 39 1 21 6 22 35 29 25 7 14 
30 36 8 15 39 6 34 7 33 16 14 27 11 32 25 26 10 18 19 20 37 5 13 12 17 9 29 35 38 21 31 22 2 23 28 24 3 4 1 40 
32 33 27 34 1 25 12 22 15 35 18 4 28 2 26 3 39 16 11 19 7 8 40 20 38 6 9 36 17 5 29 10 23 24 14 31 37 21 30 13 
32 33 6 19 17 39 9 35 2 30 7 1 26 8 10 3 29 15 28 11 12 24 16 38 5 4 14 37 25 21 40 23 34 22 31 18 20 13 36 27 
24 30
15 27
3 35
25 31
21 28
4 36
17 20
16 28
6 35
17 25
13 30
1 11
18 30
13 32
12 40
5 8
8 24
38 40
20 35
4 19
24 27
6 10
21 34
14 18
28 35
10 18
23 35
6 25
21 31
1 28
17 23
22 28
13 20
2 27
34 36
35 36
8 15
12 34
9 14
24 39
13 35
15 34
14 24
21 40
5 24
19 24
10 24
9 16
22 39
5 21
14 15
27 40
23 38
6 26
29 37
9 39
17 18
16 38
13 23
1 12
14 36
2 11
24 36
5 14
3 18
1 38
25 33
14 21
20 37
19 23
3 39
26 38
6 16
5 40
4 32
7 21
31 40
30 32
22 23
2 18
23 37
17 29
12 27
6 39
13 26
1 26
31 37
9 34
16 35
14 33
4 12
8 28
15 36
4 31
3 17
15 26
24 31
5 30
3 34
25 30
7 15
21 27
4 37
26 29
1 16
13 16
12 24
2 23
1 5
33 40
7 37
1 10
4 28
19 28
26 33
15 25
21 33
10 19
6 30
29 33
26 30
1 19
17 22
31 34
12 29
2 24
18 21
17 27
7 40
37 40
2 7
5 10
4 6
19 38
25 37
4 17
19 27
27 38
26 34
24 25
15 28
5 37
20 28
11 20
23 33
6 27
1 30
16 39
13 22
11 39
2 29
34 38
17 38
23 31
14 37
3 15
10 37
36 37
18 37
15 32
13 37
8 19
25 32
5 26
20 38
19 22
26 39
15 19
9 18
11 19
28 38
7 20
32 33
30 33
29 39
6 36
9 33
17 28
3 10
10 38
2 30
17 33
14 38
4 13
3 31
18 38
8 29
13 40
20 40
3 16
4 24
8 16
19 21
2 39
7 14
6 18
12 14
4 38
8 33
6 33
13 15
12 25
2 20
17 31
16 33
13 28
2 3
1 9
3 26
1 35
15 24
5 16
4 40
10 16
2 40
15 21
6 31
11 29
17 21
7 30
6 34
12 30
1 7
23 27
13 31
9 12
5 9
13 33
3 25
10 11
25 36
14 30
5 6
20 34
4 18
24 26
21 35
11 23
8 40
32 37
23 32
25 27
29 35
12 16
1 29
5 32
16 21
31 32
13 21
22 40
11 24
1 2
16 24
9 37
27 29
36 38
13 36
37 39
10 12
1 36
25 39
14 27
10 27
2 35
7 10
6 22
26 36
4 34
16 18
29 38
1 24
33 35
7 32
31 39
17 19
11 37
6 40
34 40
17 32
18 24
23 29
4 14
36 40
9 10
18 39
24 35
1 39
25 34
6 12
14 20
20 36
19 20
11 12
27 35
9 31
22 35
21 25
7 9
28 36
26 27
2 36
6 38
30 35
1 27
17 30
11 32
1 8
18 29
14 32
2 15
18 40
24 32
