40 40 390
4 1 9 28 39 31 21 3 36 34 24 20 13 33 15 16 25 30 10 27 40 14 35 26 8 5 37 29 7 19 6 38 18 23 12 17 2 22 32 11 
15 32 12 23 8 30 6 16 37 24 29 39 33 1 26 5 38 14 9 36 4 31 21 11 40 27 34 22 25 20 18 3 35 19 17 10 2 28 7 13 
37 39 38 27 33 7 24 23 11 16 28 3 21 10 13 34 5 40 12 25 4 2 9 26 19 22 18 6 17 31 1 32 14 20 30 29 36 8 35 15 
13 32 25 28 1 8 19 34 17 11 29 20 36 35 4 24 22 12 39 33 2 31 18 37 16 10 9 27 6 21 40 26 3 7 38 5 14 15 23 30 
37 2 22 33 10 5 12 14 8 9 18 17 25 3 40 36 31 16 38 15 4 27 11 39 6 35 20 19 26 28 24 21 30 32 29 1 23 34 7 13 
1 40 19 17 15 6 23 39 22 5 34 33 2 20 25 4 32 14 10 26 28 7 16 8 21 3 18 38 9 31 37 13 24 29 36 27 11 12 35 30 
22 11 26 17 32 23 20 5 37 8 29 36 6 40 7 3 38 10 30 12 15 35 34 21 24 16 33 28 1 13 14 9 18 19 39 25 27 31 2 4 
6 11 21 32 2 7 25 36 18 1 22 30 19 12 16 35 17 38 4 34 20 39 24 26 5 33 3 28 40 23 10 15 37 9 29 31 27 14 13 8 
17 12 23 21 36 33 19 22 37 34 15 29 16 35 28 9 6 14 25 20 27 18 5 2 26 32 24 10 8 3 31 4 38 1 11 30 40 13 39 7 
4 12 13 21 27 26 32 15 5 31 37 35 2 22 14 1 33 28 3 18 20 7 25 10 6 34 16 40 29 30 9 23 11 19 36 24 8 38 17 39 
27 1 16 24 3 12 8 9 23 26 7 34 21 6 31 32 38 18 2 29 4 37 19 10 40 5 35 33 25 22 36 17 39 15 14 13 30 11 28 20 
34 29 5 7 36 14 23 37 11 20 27 22 18 33 2 9 28 35 39 17 1 6 32 19 15 26 21 25 24 12 16 38 40 4 3 10 13 30 31 8 
8 24 11 25 28 5 30 36 15 19 29 4 32 16 27 18 6 7 40 31 12 13 33 9 26 23 21 22 3 38 34 20 39 37 2 1 35 10 14 17 
12 13 1 23 6 8 9 40 17 20 27 29 15 33 21 28 18 10 34 37 7 38 32 14 39 22 36 3 30 2 19 26 5 31 16 11 4 24 25 35 
19 9 2 36 27 11 32 15 18 16 28 31 4 20 5 25 17 1 24 8 26 10 35 37 21 30 38 23 34 12 6 40 39 33 29 13 22 7 3 14 
1 27 2 34 37 35 28 6 7 4 31 39 12 9 17 25 30 22 16 32 38 33 23 13 10 19 20 3 29 11 8 21 14 26 5 24 15 36 40 18 
37 23 27 25 1 10 39 33 5 16 3 29 9 17 24 7 32 12 11 13 18 20 8 26 40 35 34 14 15 28 6 21 36 2 31 30 4 38 22 19 
21 36 2 12 39 37 1 11 17 25 14 15 27 29 20 19 38 7 3 34 4 26 23 35 9 33 10 13 22 8 30 31 18 5 6 24 32 28 40 16 
14 32 34 25 20 10 8 12 4 13 30 29 37 33 9 23 28 15 35 3 38 31 5 27 24 18 6 11 7 1 16 26 22 39 2 19 21 40 17 36 
39 4 7 5 30 40 6 11 27 33 14 37 12 16 1 34 15 2 28 17 26 20 36 10 29 25 35 32 38 8 22 19 13 21 18 24 9 3 23 31 
24 18 32 3 5 21 1 8 26 30 17 40 20 28 14 31 27 16 29 10 6 13 19 11 39 34 38 25 4 12 23 9 36 22 35 33 15 7 37 2 
2 28 22 40 24 17 20 31 36 32 33 10 18 30 15 35 21 37 13 11 3 4 25 27 14 7 26 23 39 16 12 19 5 38 8 34 1 9 6 29 
33 10 16 29 11 18 9 3 8 35 30 39 25 36 13 22 32 38 6 17 31 7 40 14 21 12 5 26 23 24 2 20 34 37 28 1 4 27 19 15 
23 34 20 1 39 29 8 9 30 21 2 36 6 16 5 10 27 7 33 3 19 28 4 32 12 25 11 40 31 17 37 15 38 18 26 22 24 13 35 14 
5 4 27 30 13 1 12 28 40 15 37 32 38 2 14 33 8 34 25 29 31 10 35 23 11 3 36 16 24 26 39 7 17 20 19 9 22 21 18 6 
21 24 39 35 26 5 13 27 12 6 3 22 10 36 28 16 2 40 7 33 38 9 37 8 18 32 14 30 17 25 1 31 11 4 19 23 29 20 34 15 
20 4 3 33 9 36 19 18 5 21 17 24 38 13 29 2 28 22 15 16 31 6 30 26 8 40 7 34 12 10 35 14 39 11 32 37 27 1 25 23 
21 1 22 24 31 15 18 35 6 3 16 36 27 12 32 23 29 39 37 5 4 10 8 38 34 2 9 33 13 40 26 11 17 28 20 7 30 25 14 19 
40 10 21 18 38 6 37 4 3 17 1 33 13 20 2 24 19 11 36 28 5 16 30 9 25 8 22 14 39 7 27 32 31 12 29 23 15 26 34 35 
30 31 8 23 33 17 16 9 36 12 35 6 22 25 5 28 39 10 21 40 26 19 38 2 13 27 15 24 14 34 29 32 7 37 20 3 18 11 1 4 
29 14 1 40 8 25 4 10 19 21 23 6 12 39 2 33 32 17 15 37 16 24 31 22 5 30 26 34 3 13 35 36 38 28 11 27 20 18 7 9 
18 27 6 33 5 1 17 24 32 40 11 13 30 37 8 28 14 26 20 34 3 2 21 16 9 7 39 29 25 31 10 4 22 15 12 38 36 35 19 23 
5 24 9 19 14 33 21 12 32 25 6 11 18 36 38 31 40 27 29 2 7 30 8 10 23 35 15 20 4 26 13 16 1 3 34 37 22 17 39 28 
39 6 34 5 24 2 19 12 35 11 26 9 23 1 3 14 16 8 27 33 38 10 40 37 21 17 28 29 30 31 25 22 13 32 20 36 7 18 15 4 
20 14 26 5 30 36 15 28 29 7 1 32 37 39 31 12 35 19 21 3 25 40 23 8 9 11 24 16 38 6 34 18 13 27 4 2 33 17 22 10 
9 35 29 27 7 33 24 23 8 2 21 13 6 25 37 16 4 11 34 18 3 12 30 28 15 19 17 14 40 20 10 26 31 1 22 5 38 39 36 32 
13 15 17 38 7 33 31 27 19 29 18 1 14 36 5 12 10 8 2 24 40 39 23 30 25 32 37 3 11 4 28 16 9 20 34 21 35 22 26 6 
31 25 32 9 34 14 39 33 30 15 24 20 40 3 35 10 36 5 11 37 28 29 22 1 27 16 4 21 12 7 26 23 19 6 18 38 8 2 13 17 
26 13 16 12 32 8 1 3 37 30 34 2 24 23 25 29 38 6 31 35 36 5 9 15 28 14 33 39 4 7 11 18 10 27 19 22 20 17 40 21 
21 28 33 35 23 10 22 40 3 39 25 20 29 12 11 19 31 32 34 16 13 2 26 8 18 5 9 15 14 30 24 17 27 7 1 6 4 37 38 36 
1 2
1 6
1 8
1 9
1 14
1 16
1 17
1 18
1 19
1 26
1 29
1 30
1 31
1 32
1 33
1 34
1 38
1 39
1 40
2 3
2 4
2 6
2 9
2 12
2 13
2 14
2 19
2 20
2 23
2 24
2 26
2 28
2 29
2 30
2 32
2 34
2 35
2 39
3 7
3 9
3 10
3 11
3 12
3 13
3 14
3 15
3 18
3 19
3 21
3 23
3 25
3 26
3 27
3 29
3 30
3 33
3 35
3 37
3 38
3 39
4 6
4 7
4 8
4 9
4 11
4 13
4 21
4 23
4 32
4 34
4 35
4 36
4 37
4 38
4 39
4 40
5 7
5 8
5 9
5 12
5 14
5 15
5 16
5 17
5 19
5 21
5 22
5 23
5 24
5 25
5 27
5 28
5 29
5 30
5 31
5 34
5 35
5 36
5 37
6 7
6 8
6 10
6 12
6 15
6 16
6 17
6 20
6 22
6 24
6 26
6 28
6 30
6 31
6 32
6 33
6 34
6 35
6 36
6 37
6 38
6 39
6 40
7 11
7 12
7 16
7 18
7 19
7 20
7 22
7 27
7 28
7 30
7 33
7 34
7 38
7 39
7 40
8 10
8 12
8 14
8 17
8 18
8 19
8 21
8 22
8 24
8 26
8 28
8 29
8 30
8 31
8 32
8 33
8 35
8 39
8 40
9 13
9 14
9 16
9 20
9 22
9 27
9 32
9 35
10 11
10 12
10 13
10 15
10 16
10 20
10 21
10 22
10 24
10 27
10 29
10 31
10 33
10 35
10 37
10 38
10 40
11 12
11 13
11 15
11 16
11 18
11 19
11 20
11 21
11 23
11 28
11 29
11 31
11 32
11 33
12 15
12 17
12 19
12 20
12 21
12 22
12 23
12 24
12 26
12 27
12 30
12 31
12 35
12 36
12 39
13 15
13 16
13 17
13 18
13 23
13 24
13 25
13 26
13 30
13 32
13 33
13 34
13 36
13 38
13 40
14 15
14 18
14 20
14 21
14 25
14 26
14 28
14 29
14 30
14 32
14 36
14 37
14 38
14 40
15 21
15 22
15 24
15 25
15 27
15 29
15 31
15 33
15 35
15 36
15 37
15 38
15 39
16 20
16 21
16 23
16 25
16 27
16 28
16 35
16 39
16 40
17 18
17 21
17 25
17 29
17 31
17 34
17 37
17 38
17 39
18 20
18 25
18 26
18 28
18 32
18 33
18 34
18 35
18 38
19 20
19 21
19 23
19 24
19 25
19 26
19 27
19 30
19 33
19 34
19 36
19 39
19 40
20 22
20 24
20 25
20 29
20 34
20 37
20 39
21 23
21 25
21 28
21 29
21 33
21 35
21 36
21 37
21 39
22 23
22 25
22 29
22 30
22 31
22 36
22 38
22 39
22 40
23 24
23 25
23 27
23 29
23 30
23 37
23 38
23 40
24 25
24 26
24 27
24 28
24 30
24 31
24 32
24 35
25 26
25 27
25 29
25 30
25 31
25 32
25 33
25 34
25 35
25 36
25 38
25 39
26 27
26 28
26 29
26 32
26 34
26 35
26 36
26 38
27 28
27 29
27 34
27 37
27 38
27 40
28 31
28 32
28 34
28 35
28 36
29 30
29 32
29 35
29 40
30 33
30 35
30 36
30 37
30 40
31 35
31 38
32 35
32 36
33 37
33 38
33 39
34 37
34 38
34 39
34 40
35 36
35 37
36 38
36 40
37 40
39 40
