40 40 78
36 17 20 32 28 11 10 14 40 34 8 5 15 33 9 22 35 25 3 21 7 2 23 13 1 6 4 12 31 24 27 38 39 19 29 37 30 18 26 16 
21 27 26 36 24 12 17 20 14 23 9 15 8 22 28 31 40 13 7 4 33 11 16 3 18 37 32 2 10 38 30 35 6 19 39 29 5 1 34 25 
3 4 19 15 18 20 17 10 40 33 2 30 39 35 7 28 9 21 13 32 5 26 14 22 16 24 11 6 27 8 1 12 25 38 37 23 34 31 36 29 
40 17 4 15 22 35 28 16 9 18 26 29 33 38 23 10 1 7 19 8 12 24 30 25 3 13 6 34 27 37 11 39 32 5 2 31 14 21 20 36 
2 1 38 14 35 31 34 40 4 29 3 21 26 13 16 22 6 7 37 8 33 11 20 19 25 18 24 12 5 27 28 39 9 23 32 15 10 36 17 30 
6 14 20 22 8 36 13 17 15 32 30 5 37 16 28 3 11 1 29 24 25 12 40 26 33 27 23 9 31 39 10 2 35 7 34 19 18 21 4 38 
24 19 23 4 27 10 30 29 34 31 6 17 16 26 1 22 21 15 35 28 2 25 13 38 9 14 5 18 36 20 32 37 40 7 12 39 8 33 11 3 
39 16 30 8 3 10 22 17 33 6 36 27 29 12 9 31 24 5 2 26 32 21 19 4 15 28 25 1 37 7 13 18 38 20 23 11 40 35 14 34 
31 12 22 26 14 10 30 19 33 35 29 1 8 11 18 16 3 39 25 6 13 40 34 23 28 38 36 15 9 17 27 37 4 2 20 32 24 21 7 5 
9 36 17 12 34 37 21 32 11 14 3 30 39 28 5 29 26 35 25 6 40 27 16 19 1 23 2 33 18 8 7 24 10 20 4 15 31 38 22 13 
13 25 15 11 31 22 37 1 23 18 34 35 10 16 39 26 17 36 8 5 29 6 2 30 21 24 14 33 3 38 19 20 7 28 32 27 4 9 12 40 
2 26 19 4 22 8 18 29 31 37 30 21 20 1 38 12 10 34 16 9 33 35 40 14 15 11 6 17 39 3 5 36 27 13 28 7 23 25 32 24 
35 21 37 7 29 2 3 15 11 4 9 14 8 38 34 32 17 31 27 18 20 40 33 24 26 12 1 25 39 10 28 36 23 13 30 16 6 5 19 22 
6 9 28 35 36 4 23 20 14 13 17 5 26 7 21 3 32 8 15 37 19 22 1 27 18 33 31 40 11 38 10 16 39 25 2 24 30 34 12 29 
23 9 32 11 2 18 7 13 15 24 17 26 3 29 33 31 39 37 38 6 19 1 16 4 10 28 8 22 14 36 12 27 25 40 30 21 35 20 5 34 
19 2 7 37 27 17 29 33 26 15 31 12 22 5 11 21 36 10 32 8 28 38 20 9 1 34 25 39 18 16 14 3 30 6 35 40 4 24 23 13 
9 17 11 35 16 19 18 20 30 13 14 23 8 6 32 29 21 39 22 12 2 36 34 27 5 28 1 15 26 38 37 4 3 7 10 31 40 33 24 25 
18 13 33 22 7 23 37 40 17 26 12 1 15 24 19 25 29 34 32 27 31 20 3 38 4 5 11 39 30 14 16 6 2 28 9 36 10 21 8 35 
30 20 8 18 28 38 12 36 31 7 32 16 10 3 15 21 23 25 2 34 40 13 22 6 24 39 17 35 29 9 14 27 37 11 19 1 4 26 5 33 
5 29 32 40 24 17 14 3 20 38 21 12 10 30 27 19 28 31 22 13 18 36 26 9 4 8 11 1 7 35 23 2 16 37 6 34 39 33 25 15 
40 39 38 10 8 5 17 31 19 6 28 18 26 2 14 20 9 13 3 25 4 34 33 12 37 29 22 23 32 1 15 27 16 24 35 36 7 21 11 30 
16 34 26 2 4 37 40 9 21 7 31 23 13 12 33 1 39 10 38 22 28 14 3 8 32 36 6 20 18 27 25 17 29 15 24 35 11 30 5 19 
22 18 34 5 8 3 20 17 33 10 25 14 36 6 38 21 23 35 9 31 26 39 37 32 1 13 7 15 4 24 27 2 19 30 11 40 28 12 16 29 
17 4 9 37 29 36 12 32 26 25 19 39 28 30 14 38 5 22 20 31 34 27 1 8 33 18 7 35 11 24 13 2 21 15 40 16 10 23 3 6 
29 15 23 30 27 24 34 3 16 33 25 9 37 5 14 10 12 35 4 18 21 1 32 2 8 26 17 36 40 39 31 20 38 11 28 22 13 19 6 7 
28 1 24 9 11 4 30 19 20 2 12 5 36 15 40 13 35 10 26 22 32 38 14 3 39 18 27 29 17 34 6 23 25 33 8 7 21 16 37 31 
30 36 7 35 27 6 10 9 5 26 34 33 3 31 2 11 14 28 25 16 23 12 15 37 4 17 24 40 29 8 32 39 19 13 20 21 22 18 38 1 
12 18 34 7 13 10 36 25 33 32 15 24 5 3 23 22 19 1 16 21 26 40 39 4 28 29 37 20 31 17 9 8 14 38 6 35 30 2 27 11 
11 26 20 36 38 31 37 24 22 4 33 19 9 40 2 17 13 3 15 32 14 16 12 5 23 7 29 6 18 21 27 30 25 8 1 39 34 35 10 28 
35 2 25 26 32 12 1 36 34 39 17 9 15 38 19 37 7 6 10 23 3 22 24 27 31 21 18 14 20 33 40 4 13 16 5 29 28 30 11 8 
28 26 9 8 7 31 19 17 35 12 38 34 40 10 15 21 2 13 39 23 25 20 29 16 33 1 37 30 14 6 27 36 3 24 18 22 32 5 4 11 
20 21 40 9 16 4 2 11 32 30 15 31 28 10 27 35 29 19 13 33 7 17 24 6 1 23 12 22 38 39 26 34 37 18 3 5 14 36 8 25 
22 12 10 17 34 6 11 33 13 26 15 5 18 37 19 36 1 21 24 25 16 30 3 23 8 7 29 38 32 31 9 28 35 4 27 2 40 20 14 39 
13 8 30 39 36 11 6 16 35 29 25 9 23 7 15 22 2 38 37 31 20 32 14 19 10 4 33 5 18 24 17 28 40 3 21 27 1 26 12 34 
30 2 16 23 11 32 22 13 38 35 6 14 20 17 21 37 40 34 4 18 36 33 19 29 15 25 28 5 27 24 9 39 12 1 8 7 26 10 3 31 
13 17 5 22 25 26 12 33 35 37 4 6 28 14 27 23 2 9 38 1 8 40 20 11 30 24 34 16 39 36 21 7 29 3 32 10 18 15 31 19 
2 17 34 30 32 40 25 39 10 26 8 33 28 5 18 22 24 31 1 19 12 35 20 38 37 11 4 3 29 7 23 16 6 21 15 13 36 27 9 14 
32 38 30 35 23 15 37 26 5 17 27 25 28 18 8 2 3 36 34 4 39 20 12 40 11 22 19 29 21 31 33 24 13 16 6 7 9 10 14 1 
8 12 11 25 18 1 31 9 2 3 5 15 4 24 37 21 23 35 19 36 17 27 10 32 39 33 28 13 16 14 20 6 40 7 29 38 34 30 26 22 
17 29 7 21 30 40 15 4 16 8 25 32 20 18 37 27 22 13 24 38 19 2 9 11 23 1 10 33 36 26 35 39 5 3 14 31 12 34 28 6 
3 15
15 27
22 23
23 31
5 6
9 34
7 38
8 9
28 34
25 27
26 39
24 33
1 29
21 39
9 40
5 8
8 36
3 14
8 14
34 39
25 30
15 23
17 28
4 19
4 37
6 29
3 10
2 30
14 18
24 38
11 22
8 20
4 13
14 27
20 39
3 31
2 13
10 12
7 10
19 32
23 27
9 24
6 15
5 29
10 31
1 24
12 14
6 40
1 23
4 5
8 11
16 40
16 23
18 39
22 39
14 35
4 20
7 40
14 29
3 5
11 15
28 36
15 24
19 38
21 22
5 7
17 30
2 11
2 33
5 14
22 36
7 30
13 18
10 20
19 30
8 18
19 23
9 12
