40 40 156
19 10 29 36 33 9 1 6 31 12 39 25 18 26 34 32 37 22 3 8 5 27 24 35 4 21 15 40 11 30 16 14 7 17 2 13 28 38 23 20 
30 14 39 35 9 5 12 28 31 36 29 34 2 33 27 19 6 3 18 8 38 21 4 11 22 23 32 16 25 37 10 1 13 7 24 26 17 40 20 15 
23 38 30 16 32 19 13 3 20 29 12 24 37 1 33 2 7 31 22 27 36 35 9 6 21 15 40 34 18 4 25 39 14 26 11 28 8 5 10 17 
34 31 38 26 25 18 36 1 39 32 35 9 21 19 40 28 10 14 20 29 2 15 12 3 4 24 33 7 23 27 30 22 37 5 13 8 6 16 17 11 
9 30 27 39 32 35 19 7 13 25 15 14 23 38 22 12 28 24 20 1 2 29 37 36 21 3 18 10 4 17 34 40 6 5 26 16 11 31 8 33 
11 39 21 10 38 36 18 22 20 35 5 1 24 7 40 26 33 37 15 25 6 9 17 8 32 13 30 3 14 4 16 28 27 19 23 34 31 12 29 2 
35 7 28 32 27 20 1 23 29 25 5 34 40 18 17 6 33 4 26 37 21 12 19 2 14 30 39 16 13 15 10 8 36 38 31 22 9 11 24 3 
34 33 8 17 38 37 35 20 36 12 14 32 25 13 30 3 7 28 23 9 39 19 10 29 24 11 22 5 40 21 16 4 31 2 6 15 18 1 26 27 
21 3 14 1 7 18 5 32 28 10 12 22 4 37 24 17 29 6 9 40 25 36 31 34 13 30 35 26 33 11 15 39 19 20 23 38 16 8 2 27 
16 34 39 19 4 27 11 32 40 8 5 15 6 30 14 22 28 24 23 37 18 2 13 20 38 26 12 10 29 33 17 21 31 9 3 35 25 7 1 36 
34 35 14 7 38 10 27 24 39 16 22 31 6 15 1 19 25 12 23 40 5 28 17 4 9 8 2 37 33 18 13 11 20 29 21 26 3 32 36 30 
8 19 29 28 25 30 3 10 13 14 2 31 16 12 5 17 9 4 37 40 22 23 38 11 35 33 34 39 1 7 21 36 26 24 27 20 18 15 6 32 
24 6 1 19 37 40 29 32 27 4 11 22 5 8 30 33 10 17 3 13 38 25 26 28 36 9 23 20 16 14 35 2 15 31 7 39 21 18 12 34 
38 9 6 8 22 39 17 29 33 11 27 21 5 3 7 36 2 32 20 26 30 28 25 18 1 12 34 4 16 24 15 35 31 14 37 40 19 13 23 10 
3 20 31 15 36 35 24 7 12 13 17 6 2 37 25 23 28 40 8 16 9 38 11 29 26 22 27 10 34 39 32 18 21 4 5 1 14 33 19 30 
1 5 20 37 15 40 35 6 21 18 27 14 25 24 28 30 38 11 26 31 23 22 12 36 7 9 13 4 29 16 2 17 3 34 8 32 10 19 39 33 
7 23 2 34 20 6 35 14 1 27 18 15 25 40 30 26 10 33 8 11 22 32 24 39 19 31 5 29 12 21 17 37 3 9 4 36 16 13 28 38 
20 34 21 16 19 39 2 11 18 25 35 22 1 32 13 30 36 12 5 8 28 7 38 26 31 3 4 33 6 10 23 27 14 9 24 15 29 37 40 17 
34 22 18 7 35 32 20 11 9 10 2 3 39 36 31 6 23 29 16 26 4 33 12 27 8 25 40 14 13 28 37 21 15 5 19 1 30 24 17 38 
15 4 24 13 19 2 33 38 3 36 21 25 39 1 23 14 27 37 7 18 22 32 12 31 40 29 35 10 16 8 11 9 17 26 34 30 5 20 6 28 
4 5 36 13 32 20 23 31 29 21 40 26 17 15 27 12 28 30 25 11 37 1 24 3 16 38 35 22 2 9 19 10 34 33 7 14 18 6 8 39 
36 2 28 20 21 13 5 31 40 23 19 7 12 37 15 29 14 35 17 8 3 1 39 25 16 6 27 11 9 4 30 22 33 18 34 32 38 26 10 24 
31 30 26 20 21 37 39 40 3 7 14 15 28 29 32 38 22 33 35 6 12 24 19 23 18 36 1 11 10 5 4 16 17 2 9 34 8 25 27 13 
8 6 17 25 22 3 24 9 30 35 33 19 36 2 10 18 1 34 12 38 20 31 13 16 15 29 40 5 14 27 4 21 32 23 28 7 39 37 11 26 
27 1 9 24 25 8 26 20 28 23 39 12 17 15 38 30 4 35 18 10 16 33 11 34 29 7 3 21 32 6 37 14 36 5 2 31 40 22 13 19 
21 30 16 27 2 35 36 14 33 7 10 37 3 40 12 29 34 25 6 24 38 11 8 1 22 20 9 5 19 13 28 31 26 4 15 17 23 18 32 39 
15 39 17 22 24 3 26 16 20 11 13 25 34 37 27 9 1 33 23 5 12 4 18 30 19 31 7 14 21 2 36 10 35 8 38 29 32 40 6 28 
15 38 22 2 25 5 39 27 28 13 9 34 7 14 31 20 21 32 12 33 10 35 11 36 4 3 1 24 40 26 37 19 29 30 16 8 17 23 6 18 
14 28 15 34 12 23 4 5 32 29 39 13 19 20 30 10 1 26 38 17 31 11 21 24 9 6 3 2 7 36 35 33 16 8 22 25 37 40 27 18 
22 34 19 6 2 4 17 16 21 28 29 24 32 26 13 30 1 12 35 37 7 33 8 14 5 25 15 10 38 27 9 40 3 31 18 20 23 39 36 11 
3 9 6 30 28 5 34 35 17 22 29 25 19 33 24 14 10 2 27 8 21 15 40 16 11 31 4 32 26 1 38 23 39 36 20 37 7 13 18 12 
39 22 4 36 18 5 40 19 26 12 11 7 29 33 13 31 9 20 15 28 14 30 21 35 38 2 6 23 24 10 32 37 25 8 1 27 16 17 34 3 
4 6 3 32 16 14 22 37 2 13 27 28 25 24 18 35 11 9 23 10 15 38 8 7 29 30 26 33 36 39 31 21 20 5 40 34 17 1 12 19 
1 14 37 11 16 20 13 10 21 32 40 39 30 3 19 25 8 38 35 17 24 26 36 31 23 18 33 5 7 34 6 27 28 4 12 29 15 22 2 9 
17 35 40 12 10 11 2 19 26 21 4 13 24 27 8 7 36 31 25 14 29 33 6 39 22 37 28 30 9 23 34 38 3 16 1 15 5 32 20 18 
8 26 22 5 34 39 19 36 4 38 37 33 12 11 13 32 16 31 30 7 9 23 18 6 10 3 25 29 40 17 20 1 21 28 15 14 27 2 24 35 
20 14 16 7 11 22 37 8 35 5 40 34 4 21 27 30 12 1 9 13 17 25 18 2 31 38 3 36 32 23 28 39 29 19 24 10 33 26 15 6 
2 32 29 6 11 22 39 27 34 37 33 10 31 23 19 9 5 7 25 40 12 20 8 35 38 26 1 3 36 15 24 30 4 21 28 14 16 17 18 13 
25 36 38 12 26 8 30 22 37 29 5 3 2 14 13 39 33 20 28 7 40 10 6 24 15 18 21 31 23 11 1 4 17 34 27 35 9 19 32 16 
15 20 13 19 29 9 27 31 38 32 40 23 10 39 11 7 26 4 1 33 24 28 12 37 14 34 17 8 2 21 18 6 25 35 16 5 3 30 36 22 
9 26
21 28
1 17
1 6
17 25
23 26
5 8
6 7
4 19
28 35
7 19
29 34
2 27
27 28
10 35
23 25
15 34
4 5
21 40
9 16
14 15
21 37
27 40
8 38
23 38
7 35
31 38
13 23
11 36
2 28
4 15
5 14
10 14
19 23
2 37
4 32
11 16
8 35
23 37
31 40
5 37
2 18
13 26
8 9
4 31
9 25
14 22
20 26
25 30
15 23
8 32
23 40
33 40
18 31
19 28
26 33
24 28
6 11
5 17
14 19
16 23
1 19
13 19
12 29
10 32
17 27
23 24
37 40
2 7
27 38
24 25
21 36
20 28
32 36
5 33
29 36
1 30
31 33
13 22
11 39
3 15
18 22
13 37
4 27
3 21
9 29
30 31
9 18
5 23
11 19
32 33
7 20
23 36
16 36
10 38
14 38
24 34
20 40
3 16
4 24
1 32
21 26
20 22
7 27
30 34
5 39
3 9
2 14
8 26
6 8
4 40
21 29
12 19
1 18
3 25
14 30
5 6
4 18
19 26
8 40
22 40
13 21
2 26
12 33
18 34
37 39
3 20
14 27
27 36
10 27
6 22
5 22
11 18
10 22
7 23
23 39
32 34
1 24
9 32
22 24
36 40
10 39
19 35
1 39
8 17
9 31
25 34
6 19
4 39
8 34
21 22
12 26
9 35
7 39
14 32
2 15
