40 40 312
25 16 40 26 7 17 21 37 8 11 20 13 10 3 38 15 31 27 33 32 28 29 1 36 22 4 14 2 5 12 23 9 19 39 35 24 34 18 6 30 
20 1 36 2 17 14 38 18 9 5 6 33 12 3 35 24 25 40 16 26 28 13 37 31 39 22 30 21 27 4 29 10 23 34 7 15 32 8 19 11 
6 5 9 38 36 11 8 34 20 24 27 25 18 4 33 26 13 23 29 17 35 28 19 1 32 30 7 10 39 16 3 40 22 21 2 37 15 12 31 14 
34 9 17 4 22 3 21 28 29 2 7 32 8 25 11 33 39 26 27 12 37 23 10 16 24 6 18 14 1 35 36 19 5 30 31 40 15 13 20 38 
35 18 28 7 8 31 34 13 5 30 36 22 9 16 6 24 11 4 17 25 2 21 1 23 12 29 3 32 33 26 27 38 40 15 14 20 37 39 10 19 
40 18 31 25 16 30 9 24 7 37 36 22 35 26 20 33 21 17 32 3 19 13 5 11 14 34 1 6 12 27 29 28 15 38 2 23 8 10 39 4 
6 10 34 19 8 4 17 23 12 3 13 39 31 27 26 5 35 28 22 21 15 30 24 11 25 1 14 38 9 2 18 20 29 32 16 37 7 40 36 33 
11 40 12 1 36 5 8 3 25 33 27 24 21 26 35 14 7 37 2 34 30 39 10 4 38 32 6 22 18 19 15 29 17 13 20 31 28 23 16 9 
15 37 29 30 40 17 1 6 10 35 21 25 5 28 13 20 24 36 31 23 27 18 16 19 38 34 12 22 11 8 2 39 26 14 32 33 3 9 4 7 
33 17 12 21 25 18 38 23 35 37 24 22 2 29 8 34 5 19 16 7 28 40 20 30 1 32 10 26 31 3 36 14 4 13 9 6 39 11 15 27 
11 6 29 21 3 12 26 17 35 31 25 28 24 4 1 19 13 5 15 27 2 40 38 22 39 14 20 30 33 9 23 18 16 37 7 34 8 10 36 32 
23 32 21 24 6 34 29 1 20 19 13 7 37 27 3 33 30 17 2 36 4 31 9 15 25 11 28 38 12 39 16 22 14 8 35 26 18 10 40 5 
5 31 15 37 1 19 7 14 25 28 16 38 33 17 13 6 29 2 23 9 27 11 22 32 34 26 35 24 40 3 21 30 39 36 10 12 4 8 18 20 
21 19 20 13 33 11 24 39 23 22 4 26 2 35 25 30 6 28 29 12 16 18 31 1 14 38 7 37 10 5 9 15 32 17 36 3 27 34 8 40 
11 32 22 14 35 4 7 40 30 37 27 25 19 3 10 26 39 38 8 17 2 20 29 6 9 18 28 24 12 21 13 31 5 36 34 23 33 15 1 16 
13 3 4 10 16 24 40 36 14 34 39 32 6 12 35 8 33 22 20 11 30 19 17 18 37 15 26 1 23 2 5 21 29 38 27 9 31 28 25 7 
34 29 11 18 5 6 35 2 15 17 3 10 9 31 38 28 23 39 16 12 32 8 27 1 21 19 33 7 22 37 14 40 26 25 36 13 4 20 30 24 
24 16 25 5 32 17 9 4 14 20 13 40 6 3 21 2 27 33 8 37 39 28 38 29 35 34 31 36 22 10 26 23 1 19 15 18 11 7 30 12 
5 11 31 9 18 29 1 16 3 34 6 32 40 26 39 35 20 8 17 38 10 21 2 14 15 23 36 37 27 4 19 28 30 13 12 25 22 33 7 24 
13 33 19 16 37 7 4 24 35 12 20 39 14 8 18 21 30 34 31 9 23 32 11 5 1 6 29 10 36 3 25 17 27 26 40 38 22 28 15 2 
29 23 38 24 14 35 21 19 15 2 12 34 1 13 25 27 36 3 22 18 10 7 5 6 16 28 20 31 26 4 33 17 8 9 39 32 30 40 37 11 
18 22 30 14 35 28 9 21 36 15 20 37 7 32 19 17 29 16 23 13 6 11 3 25 26 5 8 27 33 12 39 2 38 1 34 31 40 10 4 24 
16 38 25 10 11 37 9 27 3 7 40 29 12 32 31 20 5 15 1 28 24 23 39 13 30 8 36 35 22 17 18 33 34 14 19 4 2 21 6 26 
27 29 33 23 21 9 7 28 22 26 37 18 25 12 3 14 24 15 17 1 11 35 16 31 32 39 40 2 38 10 36 13 8 19 4 5 30 20 6 34 
20 19 32 12 24 37 3 1 40 36 13 33 5 38 23 25 11 28 15 29 22 39 2 16 31 18 34 10 4 30 21 35 17 14 8 7 27 9 26 6 
31 8 5 18 37 12 36 33 4 15 22 19 21 20 25 14 39 26 2 24 17 11 1 10 34 28 6 9 38 7 27 3 40 23 30 29 16 32 13 35 
1 32 31 17 5 36 14 18 12 37 33 34 28 15 39 6 26 22 7 8 23 21 16 35 3 29 2 9 25 38 19 11 13 4 10 20 27 30 40 24 
4 22 33 27 29 20 3 26 5 6 36 14 18 37 10 8 40 9 11 35 24 15 13 31 39 1 17 7 21 30 34 2 23 19 25 28 32 38 12 16 
9 4 33 21 26 3 24 39 8 25 40 37 27 1 29 10 5 13 7 34 2 16 15 36 18 19 14 30 22 20 28 11 32 12 31 6 17 35 23 38 
19 32 3 13 23 29 14 40 16 28 39 21 12 25 24 20 31 8 33 18 27 22 30 1 7 6 9 36 5 37 26 15 2 10 17 35 11 38 4 34 
14 40 8 9 30 25 15 2 35 12 33 17 7 39 13 34 21 36 23 26 20 29 11 22 6 28 27 18 37 19 24 10 4 5 3 32 16 1 31 38 
21 40 28 25 31 7 33 36 27 1 14 15 22 23 16 9 12 8 38 18 4 3 30 29 6 39 2 34 26 13 10 37 32 24 17 20 35 11 5 19 
13 35 9 28 22 27 11 12 5 34 17 38 20 2 39 31 37 25 40 32 29 6 16 36 3 10 1 30 24 7 26 21 33 4 8 15 14 19 18 23 
8 30 14 26 39 23 2 10 40 25 15 7 1 18 13 21 35 29 38 32 34 36 19 12 37 20 5 22 24 9 28 33 27 6 3 16 17 31 11 4 
29 20 15 12 30 4 11 19 7 38 33 25 37 26 2 21 27 31 13 10 9 32 22 5 16 39 17 3 6 8 23 18 36 1 34 28 24 14 40 35 
3 36 31 16 39 13 26 40 14 22 24 1 7 11 8 23 5 12 15 33 30 6 27 21 28 2 34 25 29 20 17 37 32 19 18 4 9 38 35 10 
9 32 30 34 28 40 23 10 36 31 17 7 15 12 22 3 27 13 19 18 14 24 4 26 11 2 6 16 38 33 37 1 25 8 35 5 29 20 39 21 
24 9 26 38 21 23 32 4 11 28 17 35 13 40 29 22 20 3 7 14 36 33 1 30 27 18 5 10 2 16 6 19 25 31 37 34 12 39 15 8 
38 9 15 7 21 31 34 6 28 4 25 22 37 5 11 30 17 2 12 40 13 26 36 16 19 23 1 27 14 20 33 10 24 29 3 39 32 35 8 18 
1 33 16 11 36 21 40 4 17 24 15 28 7 5 13 37 8 19 2 39 30 26 9 20 3 27 34 38 6 31 32 25 22 35 18 14 12 23 29 10 
1 34
9 26
6 9
5 31
20 25
25 31
21 28
17 20
16 28
13 17
2 22
18 19
1 6
1 11
13 32
12 40
19 40
8 24
9 21
6 10
14 18
21 34
20 30
10 18
7 19
23 35
29 34
11 27
17 23
7 28
16 25
20 23
35 36
10 35
34 36
23 25
27 28
4 10
36 39
28 31
18 35
24 39
13 35
15 34
3 23
19 39
10 13
8 21
25 38
21 40
4 16
20 32
10 24
9 16
5 24
27 39
2 32
4 35
11 21
27 40
8 38
23 38
7 22
5 34
12 22
29 37
16 19
1 31
16 38
31 38
32 35
7 35
2 28
10 36
17 39
23 28
12 39
9 30
6 13
7 8
6 16
5 40
4 32
15 16
1 21
8 35
6 39
30 32
29 40
2 18
1 26
31 40
16 35
22 26
22 23
3 11
18 26
2 12
24 33
3 17
1 33
5 30
10 30
27 33
15 23
25 30
12 13
26 29
9 40
7 24
12 24
33 40
16 32
7 37
18 31
3 27
14 28
4 28
26 33
14 19
6 11
20 31
3 33
32 39
6 30
26 30
17 22
7 31
13 19
34 37
7 40
14 40
3 5
18 32
25 40
24 40
5 10
4 6
25 37
8 22
20 33
19 27
10 25
9 23
24 25
6 20
21 36
10 20
8 39
16 20
5 33
11 25
31 33
13 22
3 15
2 29
10 37
17 38
23 31
18 22
14 37
36 37
28 29
24 37
5 13
15 32
19 37
10 15
1 37
8 19
14 26
2 34
15 19
6 17
22 33
11 19
16 17
23 36
5 36
9 33
17 28
16 36
22 27
13 25
8 10
17 33
12 37
3 31
2 13
18 38
8 29
13 40
20 27
3 37
27 32
2 39
6 18
20 22
4 38
1 23
21 23
13 15
17 31
16 33
13 28
3 9
11 33
18 28
1 9
14 35
3 26
2 14
24 29
15 24
6 8
21 32
4 40
10 16
14 16
7 13
30 40
28 40
16 27
12 30
2 25
1 7
17 26
27 30
13 31
3 4
2 4
3 25
14 30
20 34
19 26
9 22
24 26
21 35
28 34
25 27
22 40
1 29
9 37
32 40
31 32
16 24
3 14
2 26
27 29
18 23
23 30
11 38
10 34
28 30
2 9
9 15
1 2
10 12
9 28
25 39
20 39
19 25
9 17
26 36
22 38
5 22
11 18
10 22
28 39
16 18
7 23
37 38
32 34
31 39
13 24
10 39
1 13
18 24
16 40
17 32
14 39
12 38
13 39
1 39
6 12
5 28
20 36
11 12
27 35
10 28
25 28
4 20
15 17
4 39
28 36
11 17
8 34
7 26
26 27
13 14
12 26
2 21
30 35
1 27
7 39
1 8
18 29
28 32
3 29
2 15
18 40
8 27
