40 40 234
31 32 13 25 16 30 11 38 35 37 36 23 29 21 5 3 1 22 19 12 27 40 2 28 8 10 17 6 4 14 33 24 20 18 7 9 34 39 26 15 
20 33 8 32 11 25 19 15 14 28 10 21 37 16 29 30 36 40 39 17 31 18 23 4 22 34 9 27 12 24 38 5 26 3 13 6 1 2 35 7 
35 33 37 19 3 32 4 24 20 5 1 17 11 34 22 23 27 38 9 12 25 15 8 31 40 36 30 28 26 18 14 6 29 2 13 10 21 16 39 7 
24 38 26 12 25 23 31 13 28 19 9 32 11 18 33 5 17 15 6 40 20 30 16 37 35 29 3 39 36 4 34 1 10 2 14 7 21 27 8 22 
12 34 22 1 38 8 30 23 6 36 25 28 4 15 17 35 40 39 26 14 9 31 16 29 13 7 33 11 10 21 3 2 19 27 32 5 18 37 24 20 
6 26 17 8 3 22 28 16 23 19 2 9 38 31 29 1 15 35 7 34 14 37 11 39 21 18 5 10 13 32 40 4 20 12 36 24 27 33 25 30 
9 28 30 5 34 3 13 37 40 14 31 2 22 24 16 11 20 33 15 32 21 26 12 17 18 4 35 1 10 6 38 23 27 29 7 8 19 25 39 36 
36 26 5 13 8 23 29 16 39 25 7 4 9 37 35 27 31 32 3 30 38 28 12 2 6 20 15 21 19 11 14 10 22 24 1 34 17 33 18 40 
35 2 18 13 40 26 36 33 12 16 9 28 25 10 8 3 11 30 31 6 5 17 15 1 20 23 37 38 4 19 22 32 27 29 14 24 39 34 21 7 
14 17 40 13 15 27 25 28 30 8 23 2 16 32 35 36 1 33 21 31 3 9 22 4 37 18 6 11 38 19 20 34 10 24 39 26 29 7 5 12 
30 10 15 26 2 18 36 35 5 1 32 17 7 25 39 31 6 38 4 19 33 29 3 22 12 23 20 28 37 24 34 11 16 27 9 8 40 21 14 13 
35 17 4 39 11 26 40 28 5 34 14 32 19 18 27 6 31 22 10 30 25 12 29 23 37 21 7 13 15 2 36 1 38 3 20 24 33 8 9 16 
33 23 34 8 11 10 17 26 12 13 32 5 35 30 14 28 24 6 7 21 4 3 2 38 29 18 20 37 1 9 40 15 39 16 36 25 31 22 27 19 
19 16 24 25 3 30 13 33 14 2 17 9 34 7 8 26 40 21 38 28 4 20 6 18 32 1 11 31 5 35 37 23 27 15 12 39 22 29 36 10 
20 19 40 17 18 9 11 33 8 7 6 16 32 29 23 28 27 39 13 25 1 14 36 37 26 24 30 31 4 3 15 21 34 5 12 38 2 22 10 35 
36 38 14 21 24 12 28 9 25 29 23 39 11 22 5 7 15 10 19 4 16 17 8 2 37 31 35 3 6 18 32 34 30 20 26 27 1 13 33 40 
2 13 17 12 4 8 23 22 32 40 11 25 36 24 7 27 20 30 6 18 16 5 9 15 35 3 14 26 1 39 28 37 33 21 38 34 31 10 19 29 
39 3 30 7 22 28 18 35 27 19 34 11 1 15 14 37 31 10 2 5 12 20 33 17 23 40 9 4 6 16 26 29 25 36 8 24 21 32 38 13 
12 11 29 38 31 33 39 1 13 27 9 32 14 37 28 17 40 5 16 34 6 22 35 10 15 8 19 3 4 21 7 20 36 2 24 26 23 30 25 18 
30 1 24 9 29 27 36 35 28 6 14 18 31 37 7 26 19 5 3 13 4 2 10 38 20 21 40 11 34 15 33 23 17 39 16 12 25 8 32 22 
39 40 23 10 18 1 22 5 37 30 9 3 6 13 28 29 36 14 38 19 20 4 8 32 31 34 16 25 12 24 7 2 35 21 33 11 27 26 15 17 
22 5 27 38 8 33 20 19 34 25 15 35 40 13 30 31 1 28 18 29 7 16 32 6 17 12 14 36 23 4 9 21 11 2 37 24 10 26 39 3 
6 5 14 36 29 3 37 28 32 18 39 7 34 24 20 9 1 2 15 12 31 38 10 19 33 8 21 16 26 27 23 35 30 11 13 22 4 25 40 17 
20 38 9 24 26 3 7 6 35 28 11 10 33 31 32 27 1 18 39 30 29 22 5 19 14 17 13 40 21 34 2 36 37 16 8 15 4 25 12 23 
34 19 1 17 14 13 38 27 35 10 33 37 5 7 25 6 4 26 23 22 8 18 21 39 12 3 2 28 29 31 20 16 32 15 36 11 30 9 24 40 
40 10 37 30 31 9 24 15 7 27 16 12 36 1 14 21 33 20 18 3 23 26 8 25 38 28 39 22 32 4 6 29 34 5 11 17 19 35 13 2 
5 12 2 25 36 14 10 29 11 21 1 33 30 24 22 13 15 16 23 35 18 9 20 39 8 6 31 32 38 27 37 4 26 34 19 40 7 17 28 3 
11 39 35 5 4 38 37 30 13 20 31 34 8 25 28 26 9 2 17 15 6 22 14 12 16 18 40 29 21 27 3 33 23 1 19 24 7 36 32 10 
19 8 10 2 20 30 17 22 27 12 7 33 29 28 1 24 23 13 35 16 18 32 4 26 9 31 11 3 21 5 6 36 38 40 34 15 37 39 14 25 
5 33 31 37 8 22 25 36 26 27 20 38 6 16 23 40 39 29 1 24 19 10 14 34 4 32 15 12 21 11 9 2 17 3 35 30 18 7 28 13 
20 38 30 16 23 8 21 17 35 1 36 37 31 4 3 15 29 14 9 39 12 19 25 28 40 13 22 11 7 2 18 10 24 34 6 27 33 32 5 26 
10 17 23 20 14 34 22 3 32 36 5 12 30 15 16 18 40 24 6 29 37 4 11 35 31 25 8 38 27 21 28 7 19 2 39 26 9 1 33 13 
9 33 19 28 14 13 6 2 4 37 11 10 26 25 5 8 22 21 18 31 39 38 23 32 16 1 36 30 27 29 3 40 15 34 20 12 17 7 35 24 
9 5 6 24 12 37 15 25 18 27 3 30 16 38 21 28 35 32 7 34 8 40 13 11 39 1 22 19 2 17 4 31 26 29 23 14 20 33 36 10 
30 33 35 22 20 4 5 1 3 10 7 27 16 39 23 25 2 9 31 6 29 26 21 19 12 11 34 40 18 28 8 32 17 13 37 14 36 15 38 24 
23 11 3 13 16 29 38 36 35 4 24 19 18 6 15 14 2 34 21 8 37 12 27 40 39 9 5 28 30 22 25 20 1 10 32 33 7 26 17 31 
15 33 16 1 20 14 10 12 25 8 35 22 17 38 18 29 3 32 31 28 23 40 26 34 4 27 30 39 21 24 6 2 5 9 13 7 37 36 11 19 
28 39 19 17 20 16 8 23 26 35 11 14 24 29 34 37 9 22 40 1 18 32 4 7 30 21 2 25 15 12 5 6 36 13 27 3 38 31 33 10 
32 30 16 5 36 9 4 6 17 29 13 1 34 3 35 33 14 12 2 37 27 28 23 31 10 21 22 38 40 7 8 11 15 39 24 19 25 18 26 20 
37 12 14 34 25 23 26 40 4 10 36 22 7 18 33 5 35 1 31 20 9 24 28 11 30 27 13 29 6 38 3 8 17 16 39 21 19 2 15 32 
15 27
24 30
6 9
20 25
3 35
10 17
25 31
15 20
7 12
1 17
17 20
16 28
26 28
13 30
19 40
3 24
38 40
20 35
4 19
9 21
24 27
21 34
11 22
25 26
6 25
29 34
1 28
17 23
7 28
31 35
33 39
16 25
27 28
34 36
12 34
36 39
15 34
4 5
25 38
5 24
20 32
19 24
10 24
1 40
14 15
6 23
5 21
28 32
10 23
30 39
29 37
12 22
1 31
17 18
22 25
13 23
10 36
1 12
18 36
15 33
8 18
6 13
20 37
27 34
4 32
1 21
23 37
6 39
30 32
5 37
2 18
9 34
17 29
16 35
7 38
2 12
15 36
19 33
9 25
24 31
5 30
10 30
2 38
27 33
4 37
11 31
20 21
23 40
35 40
16 32
3 6
14 28
5 17
16 23
7 18
21 30
29 33
7 31
12 29
27 31
18 21
23 24
37 40
24 40
13 34
4 6
3 22
19 38
8 22
20 33
6 20
21 36
10 20
23 33
16 20
12 23
1 30
7 34
16 39
13 22
11 39
2 29
31 33
17 38
23 31
15 32
3 21
8 19
5 26
20 38
3 38
27 37
2 34
9 18
11 19
8 36
16 17
6 36
7 20
5 36
16 36
3 10
2 30
17 33
14 38
8 29
13 40
25 35
39 40
5 29
27 32
22 34
11 30
8 33
6 33
30 34
12 25
21 23
13 15
16 33
3 9
19 31
15 24
5 16
4 40
20 24
10 16
26 31
33 37
35 38
10 33
27 30
17 26
3 4
18 33
5 9
3 25
4 18
22 37
5 19
23 32
22 40
12 16
13 21
3 14
35 37
1 2
34 39
23 30
8 14
2 9
9 15
29 31
19 36
20 39
19 25
7 10
21 38
4 34
8 37
6 37
5 35
12 21
2 16
10 40
33 35
7 32
6 40
13 24
31 39
2 31
36 40
4 14
18 39
13 39
4 25
19 35
25 34
3 36
11 12
27 35
22 35
20 23
28 36
1 22
26 27
6 38
5 38
13 14
21 22
3 29
8 27
15 37
19 30
