40 40 78
5 18 4 34 8 27 33 10 35 15 12 3 13 40 28 26 6 30 7 31 9 37 38 29 1 2 24 17 39 20 11 21 36 16 22 14 32 25 23 19 
34 33 36 26 39 9 23 6 21 17 3 11 18 5 8 7 20 35 14 31 40 19 27 12 29 37 16 1 13 10 15 30 22 25 2 28 24 4 32 38 
2 34 13 11 5 29 15 19 25 26 35 40 16 7 18 31 8 30 22 10 32 1 6 24 9 28 37 23 17 3 4 21 36 20 14 27 39 12 38 33 
16 9 12 24 1 19 28 11 35 6 21 31 36 22 34 18 17 3 32 13 14 25 20 37 5 10 30 33 39 23 4 8 40 15 7 38 26 2 27 29 
24 39 35 36 10 12 1 6 19 28 17 20 2 22 14 16 31 38 3 18 21 13 5 40 34 32 37 30 33 25 29 4 7 15 8 23 9 26 11 27 
16 26 14 3 1 2 10 36 21 7 11 28 30 34 35 40 4 39 23 22 29 8 32 33 38 13 31 6 12 5 15 20 19 18 25 9 27 37 17 24 
1 4 25 29 19 2 38 27 16 26 22 9 37 34 12 32 8 3 31 40 10 14 33 13 23 30 6 18 11 17 15 20 7 36 24 5 39 21 35 28 
22 29 39 7 17 23 28 15 27 3 37 26 4 31 16 33 40 20 5 19 6 9 12 35 38 30 2 18 36 21 34 32 14 1 24 10 8 13 25 11 
9 6 26 8 34 13 21 15 29 7 24 20 40 14 35 11 19 37 33 27 16 1 17 28 39 2 23 10 38 22 36 25 3 32 4 18 30 12 5 31 
30 20 34 3 12 7 24 10 11 8 31 28 17 40 4 1 39 9 21 5 23 25 35 2 18 19 13 37 27 32 6 26 33 22 38 16 29 15 14 36 
8 4 15 25 36 12 39 16 5 28 10 35 30 18 26 32 2 27 13 9 37 11 20 33 34 23 19 29 17 6 21 22 1 31 24 7 38 3 40 14 
37 19 9 8 30 40 1 29 11 6 20 4 38 17 25 23 27 14 15 16 34 21 32 5 7 28 31 35 3 18 12 22 33 24 36 26 13 2 10 39 
29 16 21 9 8 14 10 28 20 2 1 24 22 5 19 39 6 13 4 15 37 38 11 31 30 33 26 18 36 40 12 3 27 23 7 35 25 17 32 34 
9 38 11 8 18 36 35 13 33 14 26 32 40 30 24 27 37 16 10 6 39 28 15 3 5 12 34 22 19 25 7 20 2 29 4 21 23 1 17 31 
33 30 8 5 38 20 29 39 25 14 19 18 24 9 23 7 15 4 27 13 10 31 28 12 6 26 32 16 36 40 17 1 2 11 3 22 21 34 35 37 
2 29 31 10 38 3 6 28 5 8 32 17 37 11 16 39 13 14 27 12 19 15 22 9 25 40 35 23 18 21 7 36 24 4 34 30 26 20 1 33 
32 13 28 27 9 24 36 2 6 14 12 38 22 37 34 15 31 11 33 40 39 23 19 25 20 21 3 7 5 18 1 10 26 35 30 8 4 29 17 16 
35 27 6 34 17 32 14 9 8 30 10 28 13 22 37 21 16 18 20 3 36 39 19 5 29 15 4 23 12 38 11 7 24 40 33 2 1 26 31 25 
21 26 20 23 34 24 8 19 29 17 14 13 18 25 11 10 5 35 15 40 4 2 39 1 27 9 7 30 12 16 6 33 31 3 22 36 28 38 32 37 
5 22 20 33 15 19 13 29 38 1 28 36 40 32 34 7 35 31 25 10 8 12 30 24 39 23 17 14 27 4 2 3 21 9 16 11 18 26 6 37 
10 31 14 19 4 40 9 1 3 8 7 33 15 36 28 18 38 39 20 13 16 17 29 2 22 5 34 26 37 35 11 25 30 32 27 21 24 12 6 23 
16 6 8 3 15 4 36 34 11 30 10 17 27 33 29 24 19 14 9 38 22 7 5 35 26 31 21 20 37 40 28 2 12 1 25 23 39 13 18 32 
28 30 34 7 29 9 6 24 36 5 26 19 35 33 15 2 31 18 17 11 25 22 13 8 37 40 20 14 38 3 4 27 21 23 16 32 39 1 10 12 
13 6 27 15 1 17 25 8 32 2 37 29 3 12 38 23 9 4 11 10 20 18 7 28 34 31 21 24 40 14 35 16 22 30 19 5 33 39 36 26 
39 23 36 13 15 37 20 25 29 26 38 34 5 4 12 22 11 1 33 31 32 27 3 28 40 18 30 9 14 19 6 16 17 2 8 35 10 7 24 21 
31 38 32 26 40 9 12 23 15 21 20 27 18 2 4 28 25 1 13 33 10 14 34 30 22 3 7 11 17 16 24 37 36 35 29 8 5 39 19 6 
4 14 13 19 15 7 39 27 18 29 31 2 20 36 8 34 35 32 21 1 38 5 16 11 22 26 17 9 6 10 24 25 3 37 12 28 40 30 33 23 
20 11 35 7 25 16 1 18 30 19 4 12 17 29 40 27 24 33 10 23 3 39 5 31 13 28 8 26 34 32 2 21 9 14 22 37 36 6 15 38 
32 15 30 39 36 17 3 24 12 23 1 27 35 38 37 19 4 21 29 8 14 2 18 26 22 20 5 34 31 10 11 13 7 28 16 6 40 25 33 9 
9 7 27 18 26 39 1 23 30 10 12 11 34 17 25 6 36 16 38 3 8 28 40 4 32 33 5 24 14 21 19 29 22 15 13 2 31 37 35 20 
34 5 9 15 21 18 31 33 35 16 24 39 27 38 14 19 12 2 3 11 25 37 30 36 10 29 32 23 7 17 28 20 4 13 22 26 40 6 1 8 
26 3 28 14 22 5 36 2 9 16 10 17 40 7 18 15 11 31 27 24 32 13 38 25 21 4 12 23 30 29 37 8 35 6 19 33 20 34 39 1 
23 31 10 21 17 24 14 19 29 30 9 18 20 8 28 1 32 25 7 38 22 36 37 13 12 15 3 6 35 34 26 5 11 4 2 16 40 27 39 33 
16 40 35 19 12 32 18 20 9 37 6 3 11 21 29 1 2 38 28 34 33 27 13 8 22 36 39 31 14 25 23 10 15 7 24 30 5 26 4 17 
33 30 4 2 16 29 7 35 18 34 14 38 40 24 10 1 15 13 17 9 26 25 5 23 28 21 12 37 20 32 22 6 27 11 31 36 19 39 3 8 
19 10 33 22 23 32 39 34 2 9 16 5 40 30 26 12 14 21 15 27 4 8 35 6 24 18 37 38 11 31 36 13 1 25 29 7 3 20 28 17 
25 1 35 33 9 17 26 12 7 11 23 29 28 36 2 5 21 32 19 40 10 3 34 30 14 20 27 6 22 31 15 37 4 24 18 38 16 8 13 39 
10 12 39 31 24 36 37 35 7 5 15 17 29 27 13 19 14 2 20 38 8 18 23 11 25 21 6 28 34 4 30 26 16 1 9 33 40 32 3 22 
6 34 29 4 21 27 38 8 19 2 5 7 15 35 22 20 16 14 33 12 10 26 30 11 37 13 1 25 36 39 17 28 18 31 40 9 23 3 32 24 
36 30 22 32 14 35 18 24 28 7 19 21 33 27 2 11 4 1 26 23 15 12 3 10 8 31 9 17 37 29 20 40 16 39 6 13 34 38 25 5 
9 26
24 30
8 13
22 23
13 26
26 35
7 25
6 35
9 29
14 33
10 21
3 28
4 22
11 14
23 26
1 6
1 29
11 24
21 39
11 19
13 32
23 36
2 38
12 20
1 25
4 19
9 15
24 27
6 10
3 20
23 40
9 28
8 20
12 37
7 24
12 24
8 10
27 36
21 38
2 15
28 39
3 16
1 32
32 36
19 21
2 39
12 34
2 16
12 14
6 11
29 30
19 39
21 23
25 38
29 33
11 33
21 37
27 40
3 5
21 25
4 39
11 36
5 10
8 34
38 39
12 26
4 17
18 36
15 33
9 23
11 29
33 37
8 39
23 33
4 21
11 25
3 4
22 32
