40 40 156
31 7 4 3 39 5 29 8 19 17 1 25 2 35 37 32 34 21 40 15 27 12 23 26 33 13 9 20 22 38 24 30 36 28 16 18 14 10 11 6 
34 14 38 19 5 6 4 25 15 28 12 32 16 3 17 35 2 24 13 8 30 11 33 31 18 37 20 39 10 7 23 29 26 36 40 9 1 21 27 22 
32 3 14 6 1 10 4 28 12 7 15 29 17 2 34 8 11 38 9 35 25 31 21 24 39 40 20 36 26 23 27 19 13 37 18 22 30 33 5 16 
12 39 7 32 28 21 8 26 38 17 3 25 19 9 36 34 33 40 2 15 6 18 14 1 22 13 37 27 20 4 31 23 5 29 30 24 16 35 11 10 
8 33 18 36 12 1 7 25 32 21 29 16 28 20 38 15 17 35 23 27 26 30 10 22 5 34 3 24 40 19 2 13 39 31 4 6 9 37 11 14 
38 7 31 1 25 19 9 12 5 22 11 27 40 8 20 23 35 28 17 30 2 4 33 3 13 18 32 36 16 24 26 29 34 15 14 21 10 39 37 6 
28 32 25 6 11 40 31 38 4 13 10 21 16 17 23 35 15 2 14 34 22 3 9 30 5 20 12 26 36 19 37 24 8 33 29 18 39 27 7 1 
29 5 23 7 4 6 28 34 35 15 12 10 11 17 3 36 16 8 40 14 20 21 22 2 19 27 37 26 24 39 30 33 1 38 31 25 13 18 9 32 
39 13 15 5 18 34 17 12 36 23 20 26 3 33 2 21 29 25 38 8 30 16 7 1 31 24 32 9 11 37 28 27 19 4 22 40 14 10 35 6 
5 32 1 26 20 40 37 21 17 9 11 39 8 13 23 25 30 15 16 12 27 33 18 10 7 2 29 14 3 19 28 31 34 38 36 4 24 22 6 35 
5 15 24 19 28 35 4 14 33 32 3 37 7 25 38 40 10 9 22 8 20 17 26 1 27 29 31 36 6 13 2 16 34 39 30 11 23 18 21 12 
33 16 27 8 4 3 40 10 18 35 7 6 11 39 17 21 12 14 19 2 22 28 15 32 5 34 31 23 13 20 36 9 29 26 24 30 37 38 25 1 
5 19 25 7 2 10 14 20 35 23 18 24 13 15 38 17 8 32 29 31 11 22 33 39 9 4 6 36 3 34 27 21 12 37 1 30 40 26 16 28 
6 22 33 1 38 9 20 27 29 26 8 36 31 34 10 21 24 11 12 4 40 37 15 32 39 3 5 13 16 14 18 23 19 30 7 28 17 25 35 2 
13 3 38 26 4 36 28 15 17 29 24 1 18 8 35 5 21 16 10 19 23 37 30 25 14 33 7 6 34 40 2 12 32 31 22 20 39 11 9 27 
1 19 40 30 10 4 3 20 22 29 7 18 2 11 31 32 15 34 8 38 35 28 24 27 5 26 13 36 14 6 37 9 33 21 23 16 12 17 39 25 
32 21 17 31 35 11 28 8 29 34 6 4 25 37 9 33 2 39 7 27 18 13 3 23 16 24 22 14 19 30 38 1 12 36 26 20 10 5 40 15 
36 23 39 33 15 26 20 2 12 4 25 8 38 28 40 27 22 14 24 3 31 37 19 9 21 11 6 10 29 35 17 13 1 18 30 32 5 7 34 16 
39 5 10 11 20 3 33 19 13 34 38 24 4 9 18 36 27 28 8 32 25 21 6 12 35 30 14 29 15 31 17 1 26 40 7 16 22 37 23 2 
7 34 40 10 11 26 31 39 36 28 15 25 20 37 38 3 24 35 21 27 12 1 14 6 23 33 30 13 2 4 17 19 18 9 8 22 16 29 5 32 
38 21 32 4 15 3 7 39 6 33 14 10 26 20 35 28 22 27 1 29 40 9 19 16 18 5 8 11 24 36 30 31 34 12 13 17 37 25 23 2 
17 12 1 15 6 26 37 2 28 29 33 25 31 27 22 36 14 23 11 24 32 35 3 10 4 8 30 39 7 18 40 21 5 13 16 20 34 9 38 19 
10 33 27 25 1 22 16 12 38 31 19 14 28 23 32 24 36 21 35 26 4 2 9 37 5 13 30 34 11 8 6 18 29 40 20 3 7 17 15 39 
28 24 11 2 7 27 38 18 30 5 23 32 26 36 33 1 39 12 3 20 17 19 14 29 6 15 9 35 16 25 37 13 22 4 34 31 10 8 40 21 
1 18 25 38 12 34 6 28 33 37 8 9 29 23 13 30 3 21 10 27 20 16 22 2 39 40 11 31 35 5 7 15 32 19 26 4 17 14 24 36 
4 23 36 24 32 8 14 5 9 1 28 30 21 40 17 3 7 26 15 20 25 11 19 6 27 37 12 33 38 22 39 2 13 35 34 18 16 10 31 29 
14 7 5 28 22 17 11 39 20 16 26 4 19 10 35 12 29 6 34 9 25 40 36 15 3 30 2 38 8 13 31 37 21 33 23 18 27 1 24 32 
10 17 4 2 35 5 25 7 29 26 37 19 15 13 28 31 20 21 22 1 39 16 34 38 40 12 3 6 8 23 18 9 36 11 14 24 32 33 27 30 
39 28 32 7 31 26 11 29 20 24 9 35 12 22 6 10 33 30 37 1 38 23 18 5 8 15 40 27 36 17 25 3 16 2 34 4 21 13 14 19 
14 20 26 5 28 8 38 25 7 34 12 33 21 13 35 37 6 23 39 10 30 2 29 24 15 1 27 19 9 36 4 32 18 17 40 31 16 11 22 3 
20 36 24 3 25 38 29 4 13 19 34 22 40 17 35 14 8 33 26 30 11 28 1 2 10 16 15 18 32 5 23 9 12 27 21 39 37 7 31 6 
29 25 10 15 17 6 23 26 33 20 9 14 19 4 39 34 13 24 11 40 31 5 18 21 22 36 16 3 30 2 35 12 38 27 37 32 7 1 28 8 
40 31 20 29 5 34 2 19 13 9 25 27 23 38 28 21 7 8 33 17 16 1 14 22 15 35 11 24 26 6 37 10 32 30 3 36 12 39 18 4 
37 17 4 28 35 36 2 13 34 7 8 6 31 30 14 19 39 1 33 26 3 21 25 32 24 27 23 16 20 29 5 9 10 18 15 11 40 38 12 22 
33 17 21 2 35 19 28 25 31 32 39 34 1 18 5 8 36 13 40 29 14 20 26 9 22 10 30 38 4 23 6 15 16 24 11 12 3 27 37 7 
1 7 25 10 9 22 37 36 29 5 6 8 26 31 20 11 13 12 4 18 30 40 35 3 24 17 32 39 38 28 15 33 2 16 23 34 27 19 21 14 
37 19 3 35 15 31 21 32 24 2 5 10 25 29 27 13 28 9 6 23 16 18 20 8 7 14 12 33 11 40 1 22 38 4 17 26 34 30 36 39 
4 1 39 16 35 19 32 30 18 6 36 28 12 24 5 22 23 25 40 27 29 33 8 10 21 38 17 11 31 14 9 26 7 3 15 34 20 2 13 37 
39 23 4 5 29 24 33 28 21 13 16 10 37 32 8 6 3 1 26 15 7 19 40 30 34 17 20 11 31 22 14 35 36 18 38 12 27 9 25 2 
34 21 24 22 23 33 14 30 36 28 39 4 20 15 12 6 7 37 35 40 38 1 5 32 18 26 3 9 13 25 11 31 16 17 10 27 8 2 19 29 
10 17
21 28
4 36
17 20
7 25
1 6
18 19
23 26
18 30
14 31
38 40
19 29
15 30
14 18
20 30
28 35
10 18
23 35
29 34
11 27
16 25
35 36
34 36
17 36
36 39
24 39
5 24
21 40
26 37
15 29
4 35
27 40
7 22
1 31
18 25
18 36
13 38
5 14
2 37
26 38
7 8
27 34
21 24
4 32
1 15
12 36
3 28
2 12
3 17
19 33
9 25
15 26
6 14
5 30
11 31
26 29
16 29
6 32
2 23
33 40
13 29
14 34
14 28
9 20
6 30
21 30
7 31
10 32
34 37
17 27
14 40
4 11
9 13
38 39
3 22
2 33
22 36
12 23
11 39
10 37
3 15
23 31
4 8
36 37
5 13
3 21
25 32
14 26
30 31
6 17
22 33
11 19
1 20
28 38
6 36
10 38
12 37
24 34
4 24
9 24
25 35
2 39
25 29
1 23
8 33
6 33
16 33
18 28
14 29
19 31
14 16
5 16
4 40
21 32
7 13
30 40
17 21
7 30
27 30
23 27
3 25
8 23
9 22
26 35
21 35
7 16
16 24
11 38
27 29
34 39
3 14
4 9
28 30
2 9
15 35
7 10
22 38
32 34
6 37
29 38
3 13
1 13
8 11
18 24
14 39
18 39
14 20
19 20
3 36
4 39
20 23
26 27
6 38
16 34
11 32
18 40
