40 40 78
10 23 12 6 11 17 2 22 19 24 27 28 25 31 3 13 38 14 37 36 5 40 9 29 15 18 32 21 8 1 35 34 39 30 26 4 7 20 33 16 
14 39 22 4 34 17 6 33 3 7 18 5 24 38 21 23 30 8 12 9 20 37 40 2 15 32 19 35 36 29 16 26 10 11 31 13 25 28 27 1 
11 33 36 8 40 6 10 26 34 32 31 28 13 35 25 2 22 4 27 24 30 23 12 38 39 37 19 20 7 17 5 1 3 16 14 29 9 18 15 21 
4 20 29 24 31 1 7 14 30 22 37 40 11 36 13 38 17 8 21 2 5 32 33 19 27 28 12 6 34 10 3 23 26 16 18 35 25 39 15 9 
16 33 9 22 4 12 5 3 28 32 6 27 31 25 14 2 34 36 23 7 38 10 11 17 8 15 26 35 20 39 30 19 21 37 18 24 29 40 1 13 
11 10 23 38 29 24 20 14 21 8 33 9 16 6 31 32 34 25 2 26 1 12 15 37 7 13 27 35 40 39 36 3 22 28 17 18 19 5 30 4 
20 38 25 31 28 29 2 33 39 32 7 19 9 36 22 10 6 21 37 16 8 4 3 15 13 35 34 14 5 11 12 18 26 1 24 27 40 23 17 30 
7 1 6 26 38 22 28 32 12 29 33 20 27 13 2 18 15 36 25 34 8 10 11 9 31 24 39 16 3 37 17 14 23 30 19 4 35 5 21 40 
37 24 13 20 34 17 40 11 15 12 35 30 19 3 39 38 4 27 9 21 14 25 6 29 23 22 1 31 36 7 8 33 32 18 28 5 10 2 26 16 
21 9 1 3 6 4 14 2 34 16 15 33 31 26 28 29 36 13 10 30 35 7 20 27 23 5 18 19 22 40 39 25 17 11 32 8 38 24 37 12 
34 21 11 31 2 20 30 35 4 22 26 24 33 12 10 19 37 25 40 29 14 17 8 15 1 16 5 23 3 9 18 7 6 38 13 27 28 32 39 36 
10 12 11 6 32 14 21 26 25 1 38 16 35 40 15 27 2 30 28 13 5 20 36 23 24 19 8 29 33 3 31 39 18 34 22 7 9 4 37 17 
25 2 22 36 34 15 20 8 29 9 30 39 5 1 23 4 38 18 11 6 27 3 12 16 33 17 24 13 31 28 32 35 26 14 7 40 19 21 37 10 
28 3 4 30 38 33 16 5 25 13 18 2 34 15 23 29 36 19 26 20 11 24 22 8 9 27 7 14 37 1 35 39 32 21 17 6 31 40 12 10 
14 27 32 10 4 26 36 35 9 37 33 30 34 25 3 20 8 38 23 22 16 12 24 11 15 40 39 1 18 17 5 29 19 21 6 13 7 2 31 28 
4 31 38 18 3 22 29 13 35 15 39 24 19 8 28 32 7 12 23 17 1 16 11 37 33 10 40 26 9 36 25 5 14 30 34 2 27 20 6 21 
36 35 22 32 23 24 39 17 18 16 10 25 4 27 1 12 2 40 8 11 3 34 5 13 21 31 20 26 33 28 37 14 9 15 29 7 19 30 38 6 
3 1 17 8 19 14 16 31 9 15 37 29 35 12 6 13 38 11 20 40 5 28 7 2 27 36 23 26 25 18 34 10 39 30 32 22 21 4 24 33 
5 23 29 33 2 21 16 8 3 9 22 24 12 26 30 4 40 1 31 27 35 18 32 38 15 7 10 28 6 39 17 34 14 13 36 19 25 11 37 20 
21 17 28 37 18 26 8 11 27 12 4 30 3 5 38 31 36 19 16 14 32 24 29 20 13 22 1 23 15 39 6 2 40 10 34 33 25 7 9 35 
29 39 15 12 36 14 8 40 31 30 16 17 26 9 22 3 38 1 10 34 20 4 37 21 19 18 2 27 7 24 6 28 11 23 35 32 25 13 33 5 
14 8 3 12 38 25 17 28 16 26 10 19 1 39 37 2 24 4 13 35 15 11 20 32 27 33 23 5 21 34 36 29 22 7 6 9 18 31 30 40 
15 31 19 29 10 16 7 30 40 36 2 21 4 11 5 25 17 12 27 9 24 33 38 13 22 1 37 34 20 3 26 28 14 35 8 39 23 6 18 32 
30 13 12 36 40 32 31 35 6 8 27 37 9 34 14 22 25 5 2 4 20 10 26 39 7 19 38 29 18 33 23 3 21 17 24 15 1 11 28 16 
12 21 9 39 17 34 16 20 28 31 38 33 15 1 2 5 36 13 40 14 19 24 25 4 3 10 32 26 11 8 7 30 23 37 6 18 22 35 27 29 
7 36 32 8 9 28 26 15 20 21 16 39 11 4 3 40 17 12 33 22 23 30 19 35 2 1 24 10 14 29 34 38 25 37 13 5 18 27 6 31 
8 1 6 22 32 39 35 9 11 14 24 4 5 38 31 29 16 33 40 21 18 7 17 20 30 25 3 26 12 28 36 2 15 13 34 23 27 19 37 10 
12 5 18 20 16 25 35 36 28 14 32 33 8 22 39 1 10 26 38 31 37 19 15 9 2 23 13 27 34 29 21 24 17 30 4 3 40 6 11 7 
21 10 35 27 29 23 31 36 16 17 40 26 20 39 11 18 30 34 33 6 13 19 4 38 1 24 3 28 22 2 32 25 8 7 37 9 5 15 12 14 
6 21 33 7 20 16 13 39 8 11 12 1 28 36 26 35 3 4 30 38 17 5 40 2 18 19 32 10 27 24 15 31 22 25 29 23 9 34 14 37 
24 1 34 25 26 17 18 4 6 23 11 38 21 31 35 12 20 3 14 10 2 7 39 8 32 5 16 13 28 33 15 29 22 30 27 9 37 36 40 19 
30 17 16 40 15 21 26 22 6 37 23 2 11 24 4 31 35 10 12 7 5 18 32 34 39 20 9 8 28 3 1 25 19 13 33 14 36 38 27 29 
9 10 2 24 5 21 8 40 17 12 37 22 11 7 16 19 15 36 32 38 35 4 39 30 25 23 34 14 1 18 33 13 6 29 28 31 20 3 26 27 
21 9 22 5 37 25 11 32 17 4 7 27 36 13 6 34 18 24 1 39 10 40 30 26 3 23 8 31 33 15 28 35 2 29 16 20 12 38 14 19 
2 15 11 24 21 32 34 39 20 16 13 36 17 28 26 10 40 6 3 30 27 33 1 29 19 9 18 8 5 4 14 12 25 7 35 23 37 31 38 22 
39 7 1 8 33 11 18 31 12 24 21 10 16 30 27 38 19 15 9 28 22 34 37 4 29 23 20 40 13 32 5 6 14 17 26 25 35 2 3 36 
3 5 10 17 35 34 37 24 7 31 33 9 1 39 6 21 13 36 22 4 18 16 20 30 26 32 29 40 19 27 23 28 38 8 2 15 11 12 14 25 
33 11 23 6 24 1 8 18 32 12 17 14 39 13 20 22 5 31 10 34 3 35 30 29 4 7 25 27 37 2 28 40 15 9 21 19 36 38 16 26 
3 12 11 37 34 28 13 32 18 39 4 36 27 9 40 14 35 2 20 22 1 24 25 8 19 23 29 38 30 5 33 10 17 7 6 26 31 21 15 16 
11 3 25 26 10 27 32 22 23 5 13 4 19 39 6 21 37 30 24 14 28 29 9 18 2 34 1 31 7 36 40 20 8 38 17 16 33 35 12 15 
11 39
7 21
1 3
6 39
3 25
14 30
4 18
7 38
9 22
11 35
11 28
16 28
4 27
1 37
16 21
5 32
23 26
4 31
16 24
10 34
8 14
5 36
1 16
2 30
37 39
20 30
2 23
16 22
21 31
18 38
15 39
12 17
11 27
22 28
34 36
6 37
4 10
14 28
6 18
20 22
24 39
36 40
15 25
25 38
2 20
5 24
3 40
10 24
26 37
26 30
28 32
25 34
10 28
29 37
22 35
31 38
9 27
15 24
8 34
21 32
4 6
30 35
8 22
14 25
30 40
8 31
1 18
3 18
7 30
1 38
12 30
8 39
7 17
14 32
18 40
9 19
15 16
19 30
