40 40 312
14 24 1 40 32 37 22 17 5 26 3 39 16 33 31 38 9 25 36 28 15 2 7 30 10 19 21 8 29 20 6 34 13 35 23 12 18 27 11 4 
9 37 19 28 13 16 39 30 38 12 3 27 35 36 18 4 21 15 11 25 33 31 22 8 2 34 24 26 5 10 23 14 6 40 20 1 17 7 32 29 
25 7 18 33 10 3 22 26 24 23 5 2 40 17 28 27 21 15 39 31 30 8 35 19 11 13 9 38 4 16 1 14 36 29 32 20 37 34 6 12 
17 30 26 5 23 15 25 19 28 11 27 10 37 36 14 20 18 40 6 16 8 38 1 35 2 34 3 32 31 33 22 29 39 21 7 12 4 24 13 9 
8 23 36 11 24 22 1 2 9 29 34 37 18 20 16 3 39 6 30 12 17 33 27 21 19 31 5 4 7 13 38 32 35 28 40 15 10 26 14 25 
1 37 39 32 2 29 23 15 27 17 8 40 11 16 13 12 10 3 7 22 21 31 14 24 34 6 20 26 9 38 28 25 4 35 18 30 36 33 5 19 
27 39 30 1 5 15 8 20 13 35 29 10 11 23 7 6 25 26 17 3 16 22 4 38 2 31 12 34 33 18 24 36 21 40 14 9 19 32 28 37 
33 17 40 20 26 25 13 24 8 6 11 12 37 10 34 15 21 38 4 14 27 9 31 2 19 32 3 35 36 1 7 5 28 16 30 23 22 29 18 39 
25 16 33 12 22 14 8 37 23 11 32 17 26 39 34 3 1 13 28 5 19 4 2 40 38 31 30 15 20 36 6 24 10 29 27 18 21 35 9 7 
37 4 1 8 17 23 10 16 2 28 3 40 33 35 39 19 7 31 21 14 13 18 20 26 24 29 11 34 22 6 12 5 27 32 38 15 25 30 9 36 
13 8 3 6 27 37 18 38 12 20 15 30 26 31 5 36 1 16 7 24 33 40 28 4 2 32 22 34 29 23 19 17 14 39 25 11 21 10 35 9 
15 17 32 19 34 28 3 2 23 20 4 36 16 38 1 39 27 29 33 30 9 7 25 37 14 8 22 24 31 21 18 13 26 6 11 40 10 5 35 12 
21 34 17 38 10 19 36 20 18 23 14 16 9 29 22 4 6 31 35 5 27 7 28 39 3 15 12 25 32 33 40 26 11 30 8 24 37 2 1 13 
25 21 23 36 29 6 3 13 4 40 19 35 30 37 1 33 8 17 18 7 31 26 16 5 20 39 15 12 27 34 28 10 22 32 24 38 11 14 2 9 
1 27 26 40 18 39 10 37 30 25 35 9 17 4 5 16 11 13 36 6 19 12 29 7 3 15 23 2 38 14 22 28 34 20 24 8 32 21 31 33 
26 31 38 24 25 5 22 21 30 29 39 7 11 14 37 17 32 20 4 16 34 10 1 8 6 15 33 27 36 28 40 18 2 23 12 19 35 3 9 13 
31 21 5 8 33 3 36 38 39 27 20 22 11 26 1 9 10 40 2 16 19 30 12 37 7 35 17 24 23 28 15 4 32 18 29 25 13 6 34 14 
35 12 32 8 3 25 33 29 17 4 27 18 16 6 14 38 20 31 30 13 34 24 37 11 19 5 21 1 28 40 15 2 39 26 36 23 7 10 22 9 
4 37 23 15 17 14 40 34 19 24 11 18 33 1 5 26 21 16 7 29 22 8 2 25 39 38 31 9 3 13 35 10 12 30 6 36 28 32 27 20 
4 27 33 26 14 31 38 25 16 3 5 12 21 10 19 18 35 36 13 11 7 9 29 1 8 20 40 28 32 39 37 2 24 17 34 6 30 23 22 15 
29 38 36 4 33 17 35 13 14 22 18 25 24 1 30 6 27 16 5 37 12 31 11 32 26 7 21 20 8 2 28 9 39 15 19 23 10 40 34 3 
29 3 5 32 37 6 39 8 18 2 22 17 14 10 28 24 36 21 31 35 16 20 25 27 33 34 38 13 23 30 7 19 15 12 11 4 1 26 9 40 
31 24 12 26 22 36 15 23 4 30 38 7 20 8 27 19 21 5 39 32 10 14 2 34 3 29 13 16 6 18 35 1 9 11 25 40 17 37 28 33 
33 18 21 3 37 36 10 23 30 15 6 31 20 28 14 13 22 12 34 38 1 5 2 35 8 9 32 7 24 40 4 29 39 27 17 19 11 26 25 16 
7 27 6 20 37 26 3 40 28 36 8 31 9 38 19 11 23 17 12 34 25 5 39 18 14 16 10 13 32 29 35 21 1 30 33 24 2 22 4 15 
3 21 7 17 1 40 33 12 24 20 18 16 31 36 32 10 6 34 15 29 19 25 4 11 2 37 23 38 13 39 5 9 28 22 30 14 8 27 26 35 
13 25 10 18 5 37 40 24 33 26 21 20 36 22 29 32 23 7 2 38 14 16 17 35 19 34 12 9 6 3 28 31 11 8 4 39 30 27 15 1 
2 25 39 40 21 34 15 7 31 4 13 28 29 38 26 5 22 37 20 23 6 11 35 12 9 19 8 10 3 17 32 30 33 36 24 18 14 16 1 27 
14 12 4 30 6 22 26 7 38 20 17 34 33 2 8 15 16 29 11 24 5 35 3 39 23 37 19 18 25 13 1 31 32 40 27 9 28 21 36 10 
23 14 37 25 24 18 20 22 10 5 12 31 6 17 21 29 33 7 16 3 40 27 4 19 26 30 9 32 15 13 8 2 39 11 38 28 36 34 1 35 
16 31 15 21 1 32 23 14 6 3 2 35 20 39 13 19 11 25 17 8 36 38 10 29 9 5 18 40 7 27 37 30 33 28 26 22 12 24 34 4 
16 15 28 29 14 4 5 35 22 32 19 18 40 9 37 2 24 39 27 26 10 23 17 13 38 34 8 1 7 21 20 3 25 11 30 31 12 33 6 36 
23 2 7 21 28 32 33 3 27 29 22 15 40 25 17 4 10 36 35 24 13 14 18 16 9 37 1 38 19 12 11 5 20 39 31 26 8 6 30 34 
8 27 15 7 36 23 16 2 33 10 12 20 38 6 18 14 5 17 22 30 40 35 24 13 34 37 9 28 11 21 19 25 26 31 32 4 3 29 39 1 
9 5 28 34 40 16 32 19 17 11 31 7 13 18 10 24 14 29 37 26 25 33 22 15 35 8 2 36 3 38 6 20 23 27 1 30 21 12 4 39 
26 29 5 17 16 12 3 14 28 4 40 13 9 15 25 39 1 2 19 35 38 37 30 34 32 33 20 7 23 11 36 22 18 21 10 6 24 31 27 8 
11 2 40 37 5 1 32 27 12 35 28 26 19 30 6 7 36 24 23 10 14 38 3 9 31 18 33 4 20 29 16 39 22 17 25 21 34 15 8 13 
25 7 11 31 40 8 2 39 17 5 24 15 20 6 19 28 16 21 30 38 14 26 18 36 10 3 33 12 35 37 32 13 9 29 22 34 27 1 23 4 
17 38 39 6 27 35 16 30 14 33 25 9 32 11 34 37 28 31 21 18 36 1 15 3 13 10 20 40 12 7 2 22 26 4 23 19 24 8 29 5 
18 31 1 16 23 37 29 6 10 7 12 22 32 30 39 40 17 2 24 19 36 21 34 8 9 26 27 15 35 13 25 38 20 4 14 5 11 3 33 28 
1 34
24 30
9 26
14 17
10 17
6 28
21 28
1 17
17 20
16 28
7 25
17 25
3 7
18 30
1 11
13 32
6 7
4 19
24 27
20 30
10 18
23 35
16 22
17 23
31 35
27 28
35 36
2 27
17 36
10 35
28 31
2 6
24 39
15 34
4 5
3 23
19 39
10 13
25 38
21 40
19 24
10 24
9 16
15 29
14 15
5 21
4 35
28 32
22 39
23 38
6 26
5 34
17 18
11 36
10 36
1 12
17 39
18 25
8 12
3 12
18 36
8 31
13 38
4 26
3 18
10 14
6 13
20 37
3 39
11 15
9 19
26 38
6 16
5 40
4 32
11 16
1 21
28 37
7 21
5 37
2 18
9 34
7 38
22 26
31 37
13 26
3 11
18 26
8 9
14 33
4 12
3 28
8 28
9 25
15 26
6 14
5 30
24 31
1 33
10 30
25 30
15 23
20 21
12 13
26 29
7 24
6 32
16 29
23 40
13 16
33 40
3 6
18 31
1 10
3 27
8 25
4 28
26 33
15 25
6 11
14 19
23 34
7 18
21 30
29 33
11 26
26 30
12 18
33 38
31 34
22 29
35 39
34 37
7 40
12 35
17 40
13 34
19 38
25 37
8 22
4 17
2 33
9 23
24 25
27 38
10 20
23 33
6 27
12 23
10 37
18 22
34 38
4 8
28 29
12 32
5 13
19 37
1 37
8 19
5 26
20 38
19 22
10 26
21 39
4 33
11 19
8 36
16 17
30 33
5 36
9 33
1 25
17 28
3 10
18 27
17 33
4 13
3 31
24 34
13 40
20 40
19 32
9 24
8 16
14 23
5 29
2 39
6 18
21 26
12 14
11 30
1 23
21 23
30 34
13 15
12 25
17 31
16 33
13 28
3 9
18 28
1 9
14 35
3 26
8 26
9 27
15 24
14 16
5 16
4 40
3 32
10 16
20 24
7 13
15 21
30 40
29 32
28 40
1 18
6 31
26 31
21 29
12 30
27 30
10 33
13 31
3 4
9 12
4 7
5 6
19 26
26 35
15 31
9 22
21 35
6 21
11 23
28 34
8 40
7 16
32 37
23 32
5 32
30 37
1 29
11 24
29 35
31 32
2 26
18 23
8 14
1 2
17 37
12 33
34 39
10 34
18 34
24 38
5 12
29 31
19 36
13 36
1 36
25 39
20 39
10 27
9 17
6 22
5 22
4 34
21 32
10 22
23 39
7 23
30 38
2 16
9 32
16 37
31 39
6 40
22 24
2 31
18 24
17 32
3 13
36 40
3 30
18 39
15 38
5 15
19 35
1 39
25 34
5 28
20 36
2 36
25 28
15 17
7 9
20 23
11 17
4 39
12 15
16 31
7 26
21 22
1 27
17 30
3 8
17 35
14 32
4 30
