40 40 78
40 31 28 38 25 39 23 8 2 34 5 30 17 29 6 7 18 1 11 14 33 32 4 20 27 35 26 21 3 16 22 13 37 19 24 10 15 12 9 36 
30 13 8 18 32 2 24 10 4 12 36 29 15 39 38 7 27 37 6 5 14 16 21 1 33 22 26 11 35 3 17 40 23 28 19 25 9 20 34 31 
25 37 31 2 5 17 20 21 40 22 8 9 30 7 1 23 12 35 26 15 10 3 11 14 24 36 27 29 33 4 38 32 18 34 6 28 19 39 16 13 
37 23 2 22 20 18 15 34 17 38 29 24 7 21 36 14 11 31 10 32 3 19 13 28 30 16 40 26 12 25 27 35 9 5 33 8 39 6 1 4 
32 9 19 33 17 30 13 25 11 29 22 35 3 24 7 40 26 20 28 4 21 15 37 39 34 36 1 16 23 18 5 31 38 2 14 6 27 10 12 8 
15 34 7 37 36 30 29 19 5 24 26 13 35 31 14 10 1 6 21 33 25 23 8 20 27 18 9 3 28 11 39 40 2 32 22 12 17 16 4 38 
35 38 4 16 18 14 29 6 30 2 3 28 21 31 25 22 34 17 37 27 36 10 12 39 40 23 32 7 26 24 20 11 8 19 13 15 9 5 1 33 
34 40 12 2 14 4 30 20 24 7 5 13 8 21 6 18 16 11 31 38 25 26 37 32 39 36 27 28 10 22 23 17 9 33 35 15 1 19 3 29 
6 11 28 33 29 22 20 21 7 23 32 13 9 19 3 4 34 24 37 38 12 2 36 16 40 35 26 27 1 18 17 30 25 15 14 39 5 10 8 31 
11 26 2 4 16 7 10 3 8 31 23 36 40 38 15 14 39 17 20 13 27 34 19 28 22 1 12 5 30 6 9 37 29 21 32 25 33 24 35 18 
23 7 18 33 40 8 21 14 13 3 1 34 29 39 32 20 2 36 30 11 17 27 4 38 6 26 12 25 22 37 28 5 10 19 15 24 9 16 35 31 
10 7 9 20 14 28 39 3 18 23 4 19 35 8 38 17 31 24 33 29 2 5 40 22 30 34 13 32 37 11 6 25 16 15 26 27 36 12 1 21 
4 15 11 9 28 17 5 36 40 8 13 20 18 7 24 29 12 33 19 2 21 14 25 37 27 3 39 32 30 16 6 10 26 31 38 35 22 1 23 34 
6 14 19 39 20 15 23 13 7 29 34 27 8 16 10 30 22 35 11 40 21 28 18 36 31 4 1 38 12 37 2 25 3 5 32 33 17 24 9 26 
33 29 7 6 8 20 22 18 38 5 15 17 30 16 3 14 24 35 36 13 26 27 32 25 28 40 10 21 11 34 1 4 37 19 9 39 23 12 31 2 
35 8 1 27 23 12 39 7 34 10 21 11 25 15 28 37 36 5 18 20 3 32 22 4 13 33 6 14 40 24 30 9 38 19 16 2 26 31 17 29 
1 7 5 39 36 18 3 31 8 38 21 37 13 17 11 27 9 32 10 25 23 29 28 16 2 15 14 33 4 6 34 19 26 12 20 30 40 24 35 22 
22 5 13 8 4 40 26 30 32 14 37 27 28 1 7 38 39 12 16 35 19 33 18 24 29 36 6 15 17 3 11 23 10 31 2 9 34 21 25 20 
26 10 37 39 25 19 30 23 22 34 40 36 28 31 32 9 6 8 3 7 16 4 12 38 11 20 14 1 35 21 2 15 17 27 24 18 33 5 29 13 
38 6 30 23 13 7 10 26 3 29 24 14 8 15 12 17 4 19 22 16 32 2 31 11 1 37 39 35 21 9 33 28 27 18 25 36 20 5 40 34 
30 37 14 39 36 25 9 40 28 6 27 12 38 4 29 16 33 31 17 10 5 32 19 18 15 8 35 34 2 11 23 22 1 26 13 21 7 24 20 3 
31 40 18 35 13 6 19 24 25 11 15 30 29 20 33 21 8 5 1 7 26 27 23 2 16 10 3 4 14 32 28 12 36 38 9 37 34 17 22 39 
26 33 9 30 25 23 38 17 10 4 32 35 13 31 34 24 2 22 28 36 19 7 21 8 5 6 11 16 20 15 40 18 37 39 12 1 14 27 3 29 
10 5 25 28 38 9 14 40 23 4 1 24 3 6 20 36 11 39 27 2 15 17 34 30 32 22 21 16 31 7 29 26 18 37 33 35 13 12 8 19 
37 24 38 12 15 18 8 7 28 25 21 16 4 39 22 9 40 33 35 29 11 36 19 27 3 17 30 31 10 20 23 14 34 6 26 2 5 32 13 1 
12 15 24 40 37 23 33 29 19 38 10 20 13 2 34 14 36 32 31 11 16 27 28 6 4 9 3 26 5 18 22 21 35 30 39 1 17 8 25 7 
2 36 24 23 30 11 20 7 14 12 28 17 27 35 29 3 33 4 16 40 32 13 39 9 19 38 10 15 34 18 8 22 21 26 31 25 5 37 6 1 
37 15 33 1 22 9 40 6 35 27 24 19 7 4 31 8 29 36 3 5 18 26 32 23 20 17 10 21 38 39 12 11 13 30 25 16 28 34 2 14 
17 5 4 7 38 10 18 34 22 39 3 25 19 9 27 26 20 14 13 36 16 6 23 37 31 12 28 29 40 24 35 11 32 1 30 15 33 2 8 21 
31 26 23 27 16 22 25 28 39 21 5 13 12 17 32 20 36 9 4 37 3 24 19 33 1 35 34 6 40 14 2 18 10 8 11 15 38 30 29 7 
20 9 39 28 32 40 35 16 13 15 36 14 1 8 25 31 19 21 3 2 26 29 34 33 10 38 7 23 27 6 11 17 18 24 22 37 5 12 30 4 
28 22 18 36 27 38 10 13 35 24 37 33 16 26 1 14 31 4 21 11 9 5 39 29 2 15 3 7 30 6 23 20 19 17 40 8 12 25 32 34 
21 33 37 31 8 13 2 12 3 32 39 36 27 22 40 10 26 38 25 16 5 20 30 7 17 1 35 24 29 19 18 15 23 11 4 6 14 34 9 28 
24 15 6 25 17 27 14 31 23 13 4 5 21 7 38 28 20 12 19 22 11 37 8 9 1 40 36 32 34 3 35 26 2 33 16 29 39 30 18 10 
9 21 36 33 20 16 26 22 35 18 37 40 19 32 17 13 3 1 15 12 2 14 39 38 24 34 25 31 27 6 23 10 28 30 8 11 7 5 29 4 
3 34 26 2 33 9 14 36 10 20 19 16 31 40 23 35 28 18 13 6 29 32 24 8 1 5 37 25 15 21 4 22 17 7 27 39 12 38 30 11 
30 32 18 33 12 35 28 5 2 31 20 1 8 16 23 37 25 22 17 26 29 39 40 4 6 19 13 27 3 14 34 9 7 10 24 21 36 38 11 15 
12 24 33 13 23 1 15 38 30 2 31 26 39 35 14 19 37 36 17 4 11 29 10 5 27 18 16 3 21 6 25 22 9 34 32 8 20 40 7 28 
5 22 26 28 35 38 2 8 11 12 29 18 33 1 13 4 3 21 10 36 30 20 9 31 16 7 27 37 14 6 39 34 23 32 40 17 25 19 15 24 
39 22 8 26 21 18 10 19 9 34 4 36 13 14 40 11 38 2 27 37 31 6 1 32 5 25 33 28 20 30 3 35 24 16 7 17 15 29 23 12 
8 35
1 3
17 38
22 23
36 37
5 6
18 37
22 26
19 37
20 29
9 29
25 32
8 40
1 6
16 28
11 23
15 36
1 29
5 23
21 39
27 29
6 36
5 36
12 20
28 30
6 29
9 15
31 36
21 27
2 9
2 30
3 20
8 10
28 35
7 24
16 32
27 36
1 28
16 25
5 22
19 32
2 39
25 29
22 34
33 35
6 40
26 33
1 23
14 19
10 39
20 31
16 40
23 29
6 33
21 40
4 16
7 32
16 26
18 28
35 39
19 20
14 40
25 28
7 9
12 15
24 40
13 34
1 22
17 40
3 12
11 17
20 33
17 35
8 18
35 38
15 37
1 30
4 32
