40 40 390
26 25 7 29 14 33 32 30 9 2 36 8 38 13 4 11 12 10 17 19 21 40 37 1 20 23 5 34 28 15 3 31 35 6 16 27 18 24 39 22 
2 12 33 29 5 14 26 19 37 3 36 40 20 22 18 30 34 8 17 4 35 28 39 11 27 10 15 31 38 32 9 25 24 16 21 23 6 7 13 1 
29 12 20 10 36 3 13 26 22 32 40 30 28 15 27 6 34 31 1 25 8 23 5 33 21 24 4 18 19 2 17 11 37 38 9 14 39 16 35 7 
35 3 39 17 6 31 20 16 28 23 8 13 29 10 7 37 27 2 36 26 14 1 18 32 22 40 34 5 9 30 24 15 33 38 19 4 25 12 11 21 
1 5 21 23 27 4 18 11 15 17 19 36 24 9 10 20 7 32 26 3 28 34 40 2 13 37 16 38 33 22 30 25 6 35 31 14 8 29 12 39 
33 25 18 3 6 21 9 36 13 5 40 1 22 4 2 12 15 11 23 16 19 29 32 14 28 39 35 26 38 24 20 17 10 8 30 37 34 31 27 7 
7 16 8 33 12 22 10 30 34 19 20 13 3 31 5 23 2 38 17 29 32 24 21 1 4 27 40 14 6 18 15 35 36 37 11 25 39 28 26 9 
22 37 18 16 31 38 26 30 23 20 36 5 14 9 17 2 34 25 12 15 1 11 19 21 6 10 40 3 33 7 24 32 4 29 28 13 27 35 8 39 
21 14 25 20 38 37 16 7 11 12 23 3 34 8 19 6 9 27 32 10 29 39 5 1 18 4 26 13 36 40 15 33 24 22 28 31 2 17 30 35 
37 18 2 24 22 6 39 19 30 7 35 28 29 33 3 27 31 34 4 12 5 25 17 20 26 8 1 38 13 14 36 11 16 40 32 15 10 23 21 9 
39 22 2 19 14 17 15 7 31 32 1 27 12 40 13 18 24 34 25 38 3 6 9 23 35 20 16 29 28 36 8 5 30 21 33 10 37 11 4 26 
30 36 39 32 21 16 14 33 25 28 17 11 3 10 4 34 31 27 8 13 19 7 15 29 35 23 22 1 5 18 20 2 26 12 24 37 38 6 40 9 
24 13 34 39 37 25 40 27 29 26 30 16 22 12 10 11 17 9 19 38 15 7 36 18 8 6 35 4 21 33 32 3 2 31 28 23 14 5 20 1 
14 39 25 23 30 5 3 18 16 9 27 4 24 34 29 19 6 7 28 21 20 1 13 36 31 33 10 22 11 15 26 17 8 40 12 2 37 32 38 35 
30 1 40 22 2 25 37 31 23 6 39 4 11 12 36 17 21 32 15 9 19 18 35 3 24 27 7 20 29 5 34 33 13 28 38 10 16 14 26 8 
14 33 10 26 21 24 40 37 3 34 13 2 12 38 30 11 4 16 1 29 31 5 20 22 19 36 8 23 18 32 28 7 35 6 9 39 25 17 15 27 
29 23 34 4 30 27 37 8 26 24 1 32 22 15 35 28 11 3 13 9 36 33 7 20 5 2 39 14 31 40 19 10 38 25 6 16 12 17 21 18 
10 13 32 2 30 24 18 15 39 40 20 23 35 36 27 4 16 29 11 5 12 21 19 38 8 22 33 17 3 6 31 9 25 14 26 28 1 7 34 37 
23 12 31 14 26 19 21 6 40 25 17 28 32 35 8 18 33 5 4 9 38 2 34 15 1 39 3 7 24 22 29 16 13 37 30 11 27 20 36 10 
21 34 28 26 15 11 17 13 10 23 22 36 7 20 9 19 8 24 38 1 5 18 27 16 30 29 6 31 35 39 14 33 32 2 3 12 40 4 37 25 
28 22 25 31 38 8 24 6 16 15 35 39 14 20 5 27 2 29 3 40 26 37 30 34 18 32 33 19 9 4 17 36 12 23 21 7 10 1 11 13 
12 29 11 6 23 3 9 32 26 4 14 8 34 28 36 19 20 1 13 15 35 40 5 24 27 37 39 30 10 31 33 7 38 2 16 18 22 21 17 25 
14 6 30 23 39 28 24 32 37 34 5 10 13 12 9 18 11 19 38 2 21 35 20 25 4 8 29 16 17 27 36 26 40 31 3 33 1 7 22 15 
5 19 20 4 21 7 25 29 9 3 35 40 13 18 23 28 12 11 26 39 37 30 24 33 15 17 6 8 34 2 36 31 14 1 38 27 22 32 10 16 
7 9 27 36 26 3 12 24 22 18 16 5 39 17 2 31 32 14 30 4 11 6 8 28 33 37 15 35 1 21 10 23 38 40 13 25 19 20 34 29 
19 4 36 40 8 34 22 25 30 10 3 35 33 15 28 14 18 12 29 37 16 38 11 7 6 13 9 24 21 5 27 26 23 1 17 31 32 39 2 20 
4 34 14 40 36 29 10 5 13 22 12 27 8 39 3 24 2 1 33 37 30 9 15 28 20 31 6 11 7 21 19 17 32 16 38 35 18 26 25 23 
15 27 11 21 28 34 1 18 33 25 38 9 6 23 13 12 3 35 14 32 17 10 5 8 36 40 19 7 20 29 26 37 22 4 24 30 39 16 2 31 
7 29 6 40 19 3 36 17 23 26 22 8 39 34 4 35 13 25 5 16 38 9 15 10 14 1 2 32 28 37 33 20 12 11 30 18 24 21 31 27 
7 18 23 5 29 21 31 40 13 9 33 17 1 34 39 35 37 28 3 2 12 16 10 36 6 20 32 8 25 22 11 30 15 26 38 14 4 24 19 27 
28 39 11 36 12 40 34 24 17 14 23 33 7 20 13 16 21 32 4 1 6 8 22 37 5 27 18 2 26 15 31 30 25 3 35 10 38 19 9 29 
25 38 23 24 6 27 15 30 21 8 33 10 31 16 2 32 35 20 34 14 22 29 36 11 1 5 7 28 17 40 18 19 9 37 26 39 12 13 4 3 
33 20 29 7 23 37 13 5 19 39 25 4 16 9 8 3 11 36 12 34 10 18 6 40 14 24 22 27 35 15 32 17 38 21 31 30 1 26 2 28 
1 27 24 15 22 40 23 20 19 10 17 36 35 4 25 34 6 14 37 2 11 5 12 38 39 16 26 33 9 29 21 18 30 8 31 3 32 28 7 13 
14 3 8 33 12 22 37 39 36 4 1 31 21 18 35 38 19 25 15 24 11 34 40 16 6 10 27 23 28 9 32 13 17 5 26 20 30 7 2 29 
20 28 23 22 24 13 34 27 26 12 21 4 5 2 19 30 31 7 17 32 3 10 6 37 38 33 9 39 40 11 35 16 14 15 25 29 36 8 18 1 
9 5 30 7 40 31 23 1 36 34 29 22 26 11 21 3 14 33 2 16 18 35 25 37 24 13 4 38 15 8 39 20 19 10 28 17 27 6 12 32 
19 35 22 11 5 38 30 39 24 27 15 36 32 26 28 40 23 25 6 3 1 18 9 29 7 8 17 31 4 12 16 13 33 10 21 34 2 37 20 14 
4 23 15 36 7 11 27 25 38 26 39 34 30 22 2 17 24 28 21 40 37 9 31 10 32 33 6 14 16 3 8 1 20 13 12 19 29 5 35 18 
6 9 12 26 40 5 35 36 30 14 24 22 37 18 31 34 29 19 15 38 27 33 28 25 10 32 3 20 4 1 16 39 23 17 11 7 21 8 2 13 
1 4
1 5
1 6
1 9
1 11
1 12
1 16
1 19
1 21
1 25
1 28
1 29
1 31
1 32
1 33
1 36
1 38
2 4
2 8
2 9
2 13
2 14
2 17
2 18
2 19
2 20
2 25
2 29
2 30
2 32
2 33
2 34
2 38
2 39
3 5
3 7
3 8
3 12
3 13
3 14
3 18
3 24
3 25
3 28
3 31
3 32
3 34
3 36
3 38
3 39
4 7
4 9
4 16
4 17
4 21
4 23
4 25
4 26
4 27
4 29
4 31
4 32
4 33
4 35
4 36
4 37
4 40
5 8
5 9
5 11
5 12
5 14
5 15
5 16
5 17
5 19
5 22
5 25
5 26
5 29
5 30
5 31
5 32
5 34
5 35
5 36
5 38
5 39
5 40
6 7
6 8
6 10
6 11
6 12
6 16
6 17
6 19
6 20
6 21
6 25
6 28
6 30
6 31
6 32
6 33
6 34
6 38
7 8
7 9
7 13
7 15
7 16
7 17
7 19
7 21
7 26
7 27
7 29
7 30
7 31
7 32
7 34
7 35
7 36
7 38
7 40
8 20
8 21
8 22
8 23
8 24
8 29
8 30
8 31
8 33
8 36
8 39
8 40
9 11
9 15
9 16
9 17
9 18
9 19
9 20
9 22
9 23
9 24
9 28
9 33
9 39
10 13
10 14
10 15
10 16
10 17
10 18
10 20
10 21
10 22
10 23
10 24
10 26
10 27
10 28
10 31
10 32
10 34
10 35
10 36
10 37
10 38
11 13
11 15
11 17
11 18
11 19
11 21
11 22
11 25
11 26
11 27
11 28
11 29
11 31
11 33
11 36
11 37
11 40
12 14
12 16
12 21
12 22
12 25
12 27
12 30
12 31
12 32
12 34
12 36
12 37
12 38
12 39
13 15
13 21
13 22
13 23
13 24
13 25
13 29
13 30
13 31
13 34
13 35
13 37
13 38
13 39
14 15
14 17
14 20
14 21
14 23
14 24
14 28
14 31
14 34
14 35
14 37
14 38
14 40
15 16
15 17
15 18
15 23
15 24
15 27
15 30
15 31
15 34
15 35
15 36
15 37
15 38
15 39
15 40
16 20
16 24
16 26
16 28
16 30
16 33
16 35
16 37
16 40
17 20
17 24
17 26
17 31
17 32
17 35
17 37
17 38
17 40
18 21
18 22
18 23
18 24
18 25
18 26
18 32
18 37
18 38
18 39
19 20
19 21
19 24
19 28
19 31
19 33
19 34
19 35
19 36
19 38
19 39
20 23
20 24
20 28
20 30
20 31
20 32
20 34
20 35
20 37
20 40
21 24
21 25
21 26
21 27
21 29
21 33
21 35
21 36
21 37
21 38
21 40
22 23
22 24
22 25
22 29
22 30
22 31
22 34
22 36
22 38
22 40
23 24
23 25
23 27
23 28
23 30
23 31
23 33
23 34
23 35
24 25
24 34
24 35
24 36
24 37
24 38
24 40
25 26
25 29
25 31
25 33
25 34
25 38
25 40
26 27
26 28
26 31
26 36
26 37
26 39
27 29
27 34
27 35
27 37
27 38
28 29
28 32
28 33
28 34
28 39
28 40
29 33
29 34
29 37
30 31
30 32
30 33
30 34
30 39
30 40
31 32
31 34
31 35
31 36
31 37
31 39
32 33
32 35
32 36
32 37
32 40
33 35
33 36
33 40
34 35
34 36
34 38
34 40
35 36
35 37
35 38
36 37
36 39
37 38
37 40
39 40
