40 40 390
34 18 27 13 4 5 29 37 20 15 22 8 10 21 30 23 35 1 26 33 17 36 11 19 14 38 12 6 40 9 25 2 39 7 24 31 3 28 16 32 
6 37 7 26 2 33 24 8 34 18 10 25 19 12 35 36 32 13 14 5 22 4 20 16 15 28 29 3 39 21 40 30 17 31 38 27 9 11 1 23 
18 25 19 21 12 1 27 4 15 17 11 6 28 37 13 7 3 29 39 14 36 40 20 16 2 5 34 24 31 35 30 10 33 26 22 38 9 32 23 8 
20 16 14 34 24 30 18 4 37 22 31 23 26 13 8 17 36 11 6 15 10 1 19 39 7 35 27 3 40 5 38 2 28 33 21 32 29 25 9 12 
12 23 32 15 7 34 14 11 6 24 39 29 9 3 28 33 10 21 16 17 4 19 18 30 22 5 25 40 26 2 36 38 20 31 8 37 27 1 13 35 
15 28 3 37 30 35 34 1 22 11 40 20 8 5 16 14 10 32 27 39 18 7 24 4 21 33 6 12 19 36 29 26 31 13 23 2 25 38 17 9 
29 21 39 4 38 34 18 24 28 9 11 17 13 20 12 7 23 30 35 6 27 19 16 8 31 2 26 37 10 14 3 36 33 1 25 5 32 15 40 22 
34 19 5 22 24 32 30 15 14 27 11 6 10 40 3 1 39 20 18 28 37 23 38 16 21 36 12 13 25 35 8 9 4 31 33 2 26 7 29 17 
19 28 27 37 39 12 14 25 33 6 32 24 15 10 16 36 38 40 9 20 5 7 34 29 35 22 1 11 4 2 18 8 31 23 3 13 26 21 30 17 
6 7 38 14 28 39 31 10 21 4 11 1 17 16 26 13 27 8 30 29 2 33 18 40 36 19 5 24 25 32 35 3 22 9 34 15 20 23 12 37 
32 39 27 12 34 15 16 7 17 2 35 40 36 24 6 30 5 1 22 18 14 4 21 31 28 3 29 20 9 19 10 37 25 38 23 11 26 8 33 13 
1 22 37 20 39 35 34 24 5 18 31 8 32 23 12 36 15 30 14 19 2 27 25 28 13 10 16 21 9 7 3 26 4 6 29 33 40 11 38 17 
25 39 5 28 4 6 14 38 12 19 2 13 26 32 33 1 40 23 36 21 16 35 29 11 15 18 9 22 17 24 20 3 8 34 37 30 31 10 7 27 
22 31 35 38 29 6 1 25 17 32 23 8 30 34 26 16 24 9 21 5 40 15 7 36 4 27 3 39 2 33 28 20 18 10 19 12 13 37 14 11 
33 9 30 25 40 7 32 6 16 27 37 14 39 10 21 36 24 34 5 8 12 29 4 17 11 13 35 3 23 28 1 22 15 20 18 26 38 19 2 31 
1 7 40 13 4 3 10 33 6 32 27 30 28 38 25 24 19 2 18 23 26 14 20 31 36 15 22 8 5 11 17 29 34 9 12 21 35 16 39 37 
18 1 24 22 20 16 30 17 34 38 37 8 31 14 19 35 4 11 10 27 33 15 39 3 26 25 9 12 28 6 2 32 7 36 5 13 29 40 23 21 
34 8 17 36 22 35 31 39 40 13 20 3 29 15 6 24 23 14 1 19 16 11 25 27 21 18 26 33 7 9 4 12 38 28 30 10 5 37 2 32 
38 19 39 18 21 20 33 40 34 30 4 1 24 23 16 13 14 8 3 32 7 31 27 9 22 2 26 29 5 36 35 15 37 28 6 17 12 10 11 25 
29 31 33 7 35 36 11 14 24 34 4 13 3 21 15 2 40 38 10 19 37 9 17 28 20 22 8 32 5 6 26 30 12 23 1 16 39 18 25 27 
4 30 17 24 3 13 25 18 14 11 12 31 39 10 32 38 21 15 33 2 8 28 26 9 1 22 19 20 7 36 37 6 5 40 16 23 29 27 35 34 
6 17 10 39 1 38 9 23 11 37 24 32 31 27 30 29 34 4 7 21 40 13 18 16 3 26 33 12 15 5 14 35 36 25 2 8 20 28 22 19 
6 1 26 3 9 4 5 29 35 19 27 8 38 23 22 18 21 39 40 2 16 11 20 30 17 25 36 32 24 31 14 28 33 7 15 34 13 12 10 37 
31 16 25 2 5 4 32 28 35 18 38 12 8 17 22 37 3 6 15 27 7 11 13 14 10 24 40 1 26 21 30 19 9 33 36 29 39 20 34 23 
26 28 5 40 22 34 32 2 1 19 12 14 25 37 30 33 21 17 4 29 38 24 11 18 35 27 10 15 3 8 7 9 16 39 6 20 36 31 23 13 
19 5 21 18 8 20 11 32 26 17 10 15 39 13 12 2 31 34 22 27 4 9 23 37 16 33 24 7 30 28 1 29 38 3 36 40 14 6 35 25 
1 32 29 3 18 35 6 8 21 5 36 12 37 17 20 11 25 4 19 31 33 2 10 16 24 30 39 34 40 23 27 7 15 14 9 22 13 38 26 28 
27 8 25 14 39 24 31 2 32 16 23 12 28 22 30 17 10 9 29 5 37 15 20 35 19 33 18 3 1 4 36 21 11 26 34 40 7 6 13 38 
12 1 3 31 5 24 15 37 6 34 9 18 2 30 39 23 27 40 11 8 21 13 25 19 38 14 36 28 17 4 22 32 10 29 26 16 20 35 33 7 
15 11 39 34 21 17 30 23 16 35 37 6 26 13 20 24 38 29 3 18 14 9 40 12 4 7 36 2 27 32 1 28 10 33 31 19 5 25 22 8 
22 14 2 36 4 31 1 24 40 25 32 10 20 7 28 26 18 33 21 38 13 39 35 5 12 16 34 27 37 9 23 29 6 11 8 30 19 17 3 15 
24 27 13 20 6 16 10 31 23 18 15 7 32 37 21 9 36 12 17 11 4 3 2 35 19 30 25 22 34 28 40 5 33 14 26 38 1 39 8 29 
26 39 12 1 4 16 3 17 2 10 15 8 6 34 31 35 5 36 19 9 33 24 27 25 7 11 37 18 14 40 20 38 32 22 28 30 29 23 13 21 
26 11 4 33 36 21 35 31 29 20 9 25 7 23 39 3 10 18 32 28 17 14 27 40 1 2 34 30 13 24 19 5 16 8 12 15 37 6 22 38 
16 20 24 12 4 18 33 17 3 5 9 19 27 22 30 35 25 26 29 8 13 31 21 36 23 28 34 1 11 14 32 39 2 6 7 10 40 15 37 38 
33 20 4 1 3 23 37 36 35 6 24 10 28 14 19 21 7 40 34 15 39 22 38 25 30 16 12 13 8 2 11 29 17 26 9 32 5 18 27 31 
34 26 2 28 32 8 24 36 21 35 5 11 7 22 19 4 12 17 10 37 33 14 18 20 40 25 30 9 29 6 13 3 31 15 1 39 27 23 16 38 
10 32 16 38 12 8 37 39 33 28 2 31 22 18 23 1 9 30 4 27 20 34 6 13 5 35 11 19 14 26 36 7 15 21 25 24 40 29 17 3 
26 19 25 40 30 13 1 22 32 15 18 8 5 6 28 12 11 9 34 3 29 23 33 14 16 20 2 10 38 36 4 27 7 37 31 24 39 35 21 17 
2 34 31 23 39 5 4 12 17 10 24 8 30 37 32 16 6 38 27 36 22 35 28 14 19 13 9 25 7 29 20 15 11 1 21 33 26 40 18 3 
1 4
1 5
1 7
1 9
1 10
1 12
1 14
1 16
1 17
1 19
1 22
1 28
1 29
1 32
1 37
1 39
1 40
2 6
2 7
2 8
2 9
2 10
2 11
2 20
2 22
2 24
2 26
2 27
2 30
2 31
2 33
2 35
2 36
2 37
2 39
2 40
3 10
3 11
3 12
3 13
3 15
3 17
3 18
3 19
3 21
3 22
3 25
3 26
3 30
3 34
4 7
4 11
4 12
4 14
4 19
4 20
4 22
4 23
4 24
4 25
4 29
4 30
4 32
4 33
4 35
4 38
4 40
5 8
5 9
5 16
5 19
5 20
5 24
5 25
5 27
5 29
5 32
5 36
5 37
5 39
6 8
6 9
6 10
6 12
6 16
6 21
6 22
6 25
6 27
6 28
6 30
6 32
6 33
6 35
6 36
6 37
6 39
7 8
7 9
7 10
7 11
7 14
7 15
7 16
7 20
7 25
7 27
7 32
7 34
7 35
7 36
7 37
7 39
8 11
8 13
8 17
8 18
8 20
8 21
8 22
8 23
8 26
8 27
8 29
8 30
8 31
8 36
9 10
9 11
9 13
9 14
9 17
9 18
9 19
9 21
9 22
9 26
9 38
9 39
9 40
10 12
10 13
10 17
10 18
10 19
10 20
10 22
10 23
10 25
10 27
10 28
10 29
10 32
10 35
10 40
11 15
11 17
11 18
11 19
11 20
11 21
11 24
11 25
11 27
11 28
11 30
11 34
11 35
11 37
11 39
12 13
12 14
12 15
12 16
12 20
12 22
12 27
12 35
12 36
12 37
12 38
13 14
13 15
13 17
13 18
13 19
13 21
13 22
13 23
13 25
13 27
13 30
13 31
13 36
13 37
13 39
13 40
14 15
14 17
14 19
14 20
14 23
14 27
14 29
14 32
14 35
14 36
14 37
14 38
14 40
15 20
15 22
15 25
15 27
15 30
15 31
15 32
15 33
15 35
15 37
15 38
15 39
16 17
16 18
16 21
16 23
16 24
16 25
16 26
16 27
16 29
16 30
16 31
16 32
16 33
16 34
16 35
17 18
17 19
17 22
17 23
17 24
17 25
17 26
17 27
17 28
17 29
17 30
17 31
17 32
17 33
17 35
17 36
17 40
18 20
18 21
18 23
18 24
18 25
18 28
18 29
18 31
18 32
18 33
18 37
18 40
19 21
19 22
19 23
19 25
19 29
19 30
19 33
19 39
19 40
20 22
20 24
20 25
20 26
20 29
20 31
20 34
20 35
20 36
20 37
20 40
21 22
21 23
21 24
21 25
21 26
21 29
21 33
21 34
21 38
21 39
21 40
22 24
22 25
22 27
22 28
22 29
22 30
22 32
22 34
22 36
22 38
22 40
23 24
23 27
23 28
23 31
23 32
23 33
23 34
23 35
23 37
23 38
24 27
24 29
24 33
24 34
24 36
24 37
24 39
24 40
25 26
25 27
25 31
25 32
25 34
25 36
25 37
25 39
25 40
26 29
26 32
26 33
26 35
26 36
26 38
27 29
27 32
27 33
27 34
27 36
27 38
27 40
28 32
28 33
28 35
28 37
28 38
29 32
29 34
29 37
29 38
30 31
30 34
30 36
30 37
30 38
30 40
31 32
31 35
31 36
31 38
32 33
32 35
32 36
32 37
32 39
32 40
33 34
33 35
33 36
33 37
33 40
34 35
34 37
34 38
34 39
35 36
35 37
36 37
36 38
37 38
38 39
38 40
39 40
