15 15 5
6 4 3 9 13 2 10 5 7 11 14 1 8 12 15 
6 5 7 12 4 3 9 10 2 8 1 13 11 14 15 
2 15 12 4 14 1 9 6 3 8 7 11 10 13 5 
6 9 13 1 8 11 2 3 14 7 12 10 5 15 4 
4 5 15 8 3 13 7 6 1 9 11 2 14 12 10 
5 11 3 6 1 4 2 15 13 8 10 14 7 12 9 
1 8 13 10 3 14 6 9 4 5 2 15 12 11 7 
8 10 14 7 2 4 1 6 11 12 13 3 15 5 9 
3 12 7 9 15 11 14 6 13 5 1 4 8 10 2 
8 10 6 1 15 2 7 3 13 4 11 5 9 14 12 
13 2 3 1 12 8 14 5 7 15 4 9 6 11 10 
7 8 13 14 10 1 9 4 2 15 5 11 12 3 6 
12 14 4 2 8 6 5 15 11 3 1 7 9 10 13 
3 6 15 8 13 4 5 9 2 14 7 10 1 12 11 
15 14 5 4 1 7 10 13 9 8 6 2 3 12 11 
4 13
9 13
4 15
11 15
9 10
