15 15 5
4 1 8 15 2 10 14 3 6 11 12 13 9 5 7 
4 14 10 12 3 6 13 2 11 8 9 5 7 15 1 
1 14 10 6 3 2 12 11 5 7 4 9 15 13 8 
7 5 13 10 2 11 14 12 8 1 4 3 9 6 15 
3 7 5 13 2 6 4 10 8 15 14 9 12 11 1 
11 5 10 15 8 1 4 13 2 9 3 7 12 6 14 
9 11 13 1 10 14 3 12 2 15 7 5 4 6 8 
5 13 2 4 12 15 10 9 6 1 14 7 8 11 3 
15 2 5 8 12 10 11 4 3 6 1 9 13 7 14 
11 13 15 1 4 9 5 14 3 8 6 7 2 12 10 
12 10 9 3 7 11 15 6 14 8 5 4 2 13 1 
1 11 2 9 7 4 13 5 3 6 10 14 8 12 15 
7 4 13 5 1 8 2 12 10 3 14 15 11 6 9 
13 12 9 14 1 5 4 10 8 6 2 11 3 7 15 
13 1 5 9 12 2 6 15 14 3 4 10 11 7 8 
1 2
2 8
7 9
10 12
6 14
