15 15 10
8 4 7 5 13 2 6 3 1 10 15 12 14 11 9 
5 10 14 9 1 13 12 15 3 7 8 6 11 4 2 
4 5 12 10 14 8 6 15 9 2 3 13 11 1 7 
1 3 4 13 15 12 2 8 14 5 9 10 7 11 6 
5 10 8 2 12 15 7 1 13 11 3 9 14 6 4 
14 3 4 7 13 10 15 1 2 5 12 6 11 8 9 
9 4 14 8 5 7 1 3 15 11 6 13 10 2 12 
7 3 9 12 6 11 2 1 10 15 13 4 5 14 8 
2 5 15 9 12 8 10 6 11 14 1 13 3 4 7 
7 10 11 8 12 14 13 5 6 1 9 15 3 2 4 
8 2 3 9 14 10 15 7 12 1 13 4 6 11 5 
8 10 7 11 1 6 2 14 4 12 3 5 15 9 13 
8 3 10 9 7 11 5 12 1 15 13 2 4 6 14 
1 7 3 14 15 12 13 9 8 6 10 5 11 4 2 
7 15 2 14 4 10 9 13 12 1 8 6 5 3 11 
9 13
1 3
6 7
5 7
2 11
10 12
1 5
9 11
1 7
3 14
