15 15 10
4 15 14 11 2 3 9 10 12 7 1 8 13 5 6 
11 9 14 4 8 5 6 12 1 15 7 10 3 2 13 
1 15 5 6 10 14 11 9 3 8 7 13 2 12 4 
7 12 8 9 6 5 1 3 14 11 4 10 2 15 13 
10 6 8 5 2 3 11 4 1 9 14 15 13 7 12 
15 13 3 7 6 5 4 8 14 11 10 2 12 1 9 
9 13 1 5 3 2 14 7 15 4 10 8 12 11 6 
11 7 15 6 13 5 8 10 4 14 12 9 1 2 3 
7 13 9 4 15 12 14 2 5 6 3 8 10 1 11 
4 2 6 1 15 14 5 11 13 7 8 9 12 10 3 
6 12 14 8 5 9 4 2 13 15 3 10 7 11 1 
8 13 1 7 12 5 3 9 14 2 4 11 10 6 15 
5 2 13 1 9 15 14 7 8 6 3 4 10 11 12 
12 15 11 10 9 13 1 3 7 6 2 4 8 5 14 
14 5 4 12 11 15 2 3 9 6 10 8 13 7 1 
11 15
4 7
5 6
6 11
5 13
1 4
8 9
14 15
1 9
6 12
