15 15 10
2 11 15 8 10 6 7 5 4 13 9 14 1 3 12 
13 11 14 7 8 12 15 2 5 6 9 10 4 3 1 
8 10 14 6 4 12 5 2 15 3 9 11 7 1 13 
8 14 4 13 6 11 15 5 2 12 9 10 3 1 7 
13 1 7 10 8 4 12 6 2 14 3 9 11 5 15 
9 8 7 11 2 5 10 4 14 1 12 15 13 6 3 
6 15 12 10 13 8 5 3 7 2 4 11 1 14 9 
2 6 12 1 9 15 7 5 8 14 10 3 13 4 11 
14 4 5 12 2 3 6 7 1 9 11 15 8 13 10 
7 4 8 5 12 6 14 11 2 1 9 10 3 15 13 
2 1 11 7 3 14 8 9 4 5 15 10 6 13 12 
10 11 7 3 9 14 4 8 13 6 15 1 5 12 2 
11 6 14 8 10 4 2 15 7 3 9 13 5 12 1 
2 14 3 15 8 12 11 13 7 1 9 4 5 10 6 
13 10 6 12 2 9 4 8 3 1 5 15 14 7 11 
12 15
3 12
4 6
10 11
12 14
8 11
3 8
4 12
1 6
3 14
