15 15 10
6 2 8 13 10 14 1 15 12 11 7 9 4 5 3 
13 9 5 2 12 15 3 8 6 10 7 14 11 1 4 
2 5 15 12 6 10 13 1 4 9 11 3 7 8 14 
8 1 9 10 6 12 7 11 14 2 13 3 4 5 15 
4 9 1 8 10 13 2 14 12 3 6 5 7 15 11 
7 2 14 9 10 12 1 13 8 15 11 3 4 6 5 
8 15 4 9 14 10 12 5 7 6 1 3 11 2 13 
3 5 10 13 6 14 11 2 8 9 12 4 7 1 15 
11 4 12 8 15 6 13 3 14 1 7 9 10 5 2 
5 6 1 8 7 14 12 2 11 4 13 3 15 10 9 
9 12 1 8 10 5 15 11 14 4 13 7 6 3 2 
3 14 8 15 11 4 9 2 1 7 5 12 10 13 6 
9 11 2 14 15 1 10 8 12 5 7 3 4 6 13 
9 4 5 10 15 11 12 7 1 3 14 8 2 6 13 
9 10 4 3 5 12 6 13 11 2 15 8 14 1 7 
2 7
3 13
8 11
8 10
10 12
3 11
14 15
11 14
7 11
8 15
