15 15 5
15 3 4 2 14 1 8 10 6 7 5 11 9 12 13 
11 8 5 14 13 6 4 3 15 2 10 7 1 12 9 
10 7 8 15 1 6 11 2 5 12 14 9 4 13 3 
13 12 8 2 3 4 9 15 11 14 1 6 5 7 10 
14 5 1 3 6 11 4 7 10 15 2 12 8 9 13 
8 6 14 13 5 11 9 12 4 15 3 2 1 7 10 
6 11 5 13 9 2 10 3 7 1 14 15 8 12 4 
11 9 8 13 6 5 3 15 12 14 1 2 7 10 4 
13 1 7 5 12 3 11 6 8 14 15 9 2 10 4 
13 10 15 12 14 11 7 5 2 8 3 4 1 9 6 
14 2 6 4 11 8 12 7 5 10 13 9 15 3 1 
13 11 9 5 3 7 2 14 1 10 15 12 8 4 6 
14 6 11 12 3 9 7 2 8 5 1 15 4 13 10 
3 11 9 4 1 5 10 7 13 8 2 6 15 12 14 
8 3 14 7 15 13 4 10 5 11 1 6 12 2 9 
9 10
1 10
1 4
2 9
1 7
