15 15 10
9 1 11 13 3 8 6 14 7 10 4 15 12 2 5 
11 14 12 3 7 15 4 9 13 1 8 2 6 5 10 
12 15 5 9 3 7 2 11 10 14 13 4 1 8 6 
1 3 10 5 9 11 13 15 7 14 6 8 12 4 2 
5 10 6 15 9 4 1 12 8 3 14 2 11 7 13 
15 3 4 9 13 5 7 14 1 11 6 2 12 8 10 
14 11 2 8 6 1 9 15 4 12 3 7 10 13 5 
10 12 5 2 3 13 6 1 15 4 11 14 9 8 7 
11 2 1 13 7 5 4 9 12 14 15 8 6 10 3 
2 12 10 9 8 7 14 6 1 15 11 4 13 5 3 
12 2 13 10 14 8 1 9 3 11 6 7 4 5 15 
2 14 5 9 1 12 10 8 7 6 11 15 4 13 3 
4 8 5 12 13 7 2 10 9 15 11 1 6 3 14 
3 11 14 2 13 8 5 10 6 9 4 1 7 15 12 
15 13 8 6 10 2 11 9 5 12 4 7 14 3 1 
2 7
5 9
3 12
2 9
13 15
4 13
1 5
1 8
1 10
3 5
