15 15 5
5 11 2 12 1 13 14 3 10 4 8 7 9 15 6 
5 1 8 12 6 4 9 7 11 3 15 10 13 2 14 
8 10 2 13 12 14 15 9 11 4 7 6 3 5 1 
11 14 9 5 8 10 1 3 7 13 4 12 6 15 2 
5 11 2 12 6 8 3 1 13 9 10 14 7 4 15 
7 12 13 11 2 14 9 8 15 10 5 1 3 6 4 
11 14 5 8 3 15 1 10 4 7 6 12 2 13 9 
3 1 13 12 6 9 2 8 5 4 15 14 7 11 10 
4 5 3 6 14 8 7 10 12 2 11 1 15 9 13 
4 11 13 10 6 9 5 12 8 3 15 1 7 2 14 
14 7 2 6 5 13 15 9 8 3 12 11 10 4 1 
9 11 4 10 6 14 12 13 1 8 2 15 3 5 7 
3 12 13 8 15 11 1 6 5 4 2 7 9 10 14 
10 7 12 2 11 3 13 4 6 5 9 8 1 14 15 
12 3 8 4 9 10 11 14 6 7 13 5 15 1 2 
2 7
5 7
10 14
1 6
8 12
