15 15 5
2 7 1 3 6 15 12 5 10 8 13 9 14 11 4 
14 7 4 8 2 10 6 11 5 9 3 1 12 13 15 
9 1 6 14 8 13 15 12 10 7 3 11 5 4 2 
2 3 8 4 1 13 6 14 9 15 12 7 10 5 11 
2 12 14 10 11 15 4 1 3 9 7 5 6 8 13 
3 15 11 14 6 2 9 1 12 7 13 8 5 10 4 
5 9 2 10 15 1 14 12 4 13 8 6 3 7 11 
9 12 13 10 14 2 4 11 6 1 3 8 15 5 7 
10 4 6 15 1 2 7 8 3 9 14 12 5 13 11 
2 13 14 5 1 4 8 11 15 3 7 12 10 6 9 
4 8 2 7 12 13 1 3 14 15 9 10 11 5 6 
2 5 1 9 8 11 12 3 7 10 13 15 6 14 4 
2 15 13 11 7 8 1 14 10 9 12 5 4 6 3 
9 13 12 4 10 1 6 3 8 7 5 14 11 15 2 
13 9 6 11 5 7 8 4 15 1 12 10 2 3 14 
5 7
3 12
8 10
4 11
7 15
