20 20 9
13 6 14 11 7 10 17 1 5 15 8 12 19 3 4 16 20 9 18 2 
18 20 3 17 5 9 6 19 4 14 7 16 15 11 8 12 10 13 1 2 
18 4 6 13 3 20 5 8 10 17 7 12 15 2 1 9 16 19 11 14 
4 8 15 7 16 19 2 11 1 9 20 6 18 14 12 3 10 5 17 13 
10 16 17 1 19 8 2 18 5 12 7 9 13 14 4 20 6 3 15 11 
4 18 15 6 1 12 9 5 8 7 16 10 11 13 3 19 2 14 20 17 
15 14 16 10 6 1 4 17 20 9 18 13 7 11 3 12 19 8 2 5 
12 6 15 3 2 19 10 16 11 4 9 5 14 17 18 7 13 8 20 1 
7 4 12 9 11 14 13 19 5 3 10 17 16 8 1 2 15 18 6 20 
13 11 9 12 2 14 4 7 18 1 20 10 15 5 3 8 19 17 6 16 
1 20 13 3 18 2 6 12 7 5 10 17 11 9 15 14 8 16 19 4 
18 9 5 14 4 17 6 15 7 2 1 11 20 13 3 19 16 12 10 8 
11 14 18 3 8 6 16 7 15 19 4 20 1 5 13 10 9 17 12 2 
11 17 12 2 10 6 5 16 9 13 8 4 14 15 3 1 7 20 18 19 
2 17 9 8 10 18 14 19 15 6 20 5 4 1 13 16 11 7 3 12 
13 16 4 2 8 11 10 17 5 12 7 6 1 3 9 19 15 18 14 20 
6 11 5 18 14 20 12 10 15 3 13 9 4 8 7 17 19 16 2 1 
6 12 13 20 1 7 4 17 2 14 11 3 16 8 15 10 9 19 5 18 
19 18 2 7 8 1 4 6 12 5 11 16 3 15 20 10 9 14 13 17 
8 6 4 13 10 17 16 5 2 11 19 20 14 3 7 9 18 12 1 15 
6 7
6 8
10 11
8 12
4 15
2 3
8 16
11 12
6 14
