20 20 9
20 11 10 12 15 13 18 16 1 6 5 9 19 3 8 4 7 17 14 2 
7 3 8 2 14 10 12 18 13 6 17 11 4 19 1 9 15 5 16 20 
3 11 4 20 9 19 7 1 18 5 13 2 16 15 6 8 10 17 14 12 
11 13 20 9 17 3 8 6 4 7 18 15 19 10 12 2 5 14 16 1 
16 10 2 19 14 17 7 11 3 20 5 8 18 1 6 15 9 4 13 12 
6 10 5 7 18 9 20 15 1 13 2 3 8 16 14 19 11 17 4 12 
13 16 4 8 5 15 3 10 18 20 11 2 19 1 14 7 6 9 12 17 
9 14 4 5 3 12 10 8 17 1 16 20 2 19 6 7 11 18 15 13 
11 19 9 18 6 8 3 5 17 20 14 13 4 16 15 12 2 7 1 10 
15 10 14 18 2 4 19 1 6 7 12 3 17 16 20 8 9 11 13 5 
20 2 19 12 5 8 13 14 16 15 7 9 10 17 6 1 11 18 3 4 
15 19 16 5 6 13 3 8 7 14 9 1 10 2 18 17 20 11 4 12 
4 13 12 20 10 16 3 6 14 1 15 9 17 19 11 7 18 5 2 8 
20 18 15 3 7 13 4 16 5 10 6 1 8 11 12 14 9 17 19 2 
11 9 16 20 7 10 13 1 4 8 12 15 17 6 18 2 5 3 14 19 
13 19 3 18 16 8 4 5 1 15 11 14 17 20 9 2 12 10 6 7 
20 14 5 13 7 11 1 15 2 16 10 6 8 3 17 9 19 4 18 12 
4 11 8 19 12 3 10 20 13 18 6 5 9 17 14 15 7 2 1 16 
14 5 17 7 15 4 18 12 9 13 6 1 19 16 10 2 11 20 3 8 
14 15 18 5 2 3 1 10 7 13 19 12 8 16 4 17 6 9 20 11 
9 13
2 19
4 6
5 16
4 9
1 17
1 4
1 18
4 13
