20 20 19
4 8 16 2 13 5 19 18 20 15 12 6 11 17 1 10 7 9 14 3 
14 18 5 9 13 8 3 16 19 12 17 10 4 11 20 2 15 1 6 7 
17 19 11 12 16 5 18 15 6 20 7 8 13 4 14 10 1 9 2 3 
2 18 14 1 10 9 7 17 12 8 20 11 15 3 19 4 5 13 16 6 
16 12 6 20 5 3 14 18 8 17 15 13 1 7 2 4 11 19 10 9 
20 6 3 1 11 5 14 18 10 15 12 13 4 7 9 19 2 17 16 8 
7 9 19 20 16 4 5 13 12 10 15 3 17 2 1 14 18 8 6 11 
6 11 18 20 12 16 7 19 1 13 10 17 9 8 3 15 2 5 4 14 
11 12 13 8 3 2 19 14 10 16 4 18 5 15 6 20 1 7 9 17 
7 10 20 2 19 6 5 4 1 14 3 17 18 13 9 8 12 11 15 16 
6 8 18 19 15 11 14 1 16 12 2 20 5 17 3 9 13 7 10 4 
20 15 11 17 4 6 7 8 13 12 16 9 18 14 19 1 5 10 2 3 
13 12 15 9 19 6 16 17 2 10 5 1 20 4 7 3 14 18 11 8 
5 7 20 9 3 13 16 11 14 6 4 2 18 12 15 17 8 1 19 10 
6 7 1 18 19 15 16 11 20 4 10 9 13 3 14 5 2 8 17 12 
8 3 1 13 17 14 4 2 6 7 16 18 20 15 19 5 11 10 12 9 
4 9 3 8 17 10 18 2 15 6 7 20 19 16 5 14 11 13 1 12 
5 19 2 13 11 3 10 7 1 6 17 18 9 16 20 14 15 8 4 12 
8 5 15 2 3 1 9 7 18 16 19 20 14 4 11 13 12 10 17 6 
4 16 7 10 3 12 15 2 19 11 6 13 17 14 8 9 1 20 5 18 
2 7
17 18
12 15
8 13
6 8
12 14
9 15
5 8
15 20
10 13
1 18
10 15
8 19
7 10
3 7
16 19
15 16
2 17
7 9
