20 20 19
4 13 19 15 17 8 9 7 11 16 10 6 2 20 3 12 1 14 18 5 
18 2 9 19 10 15 5 20 8 6 3 17 1 7 14 13 12 11 16 4 
15 7 19 14 6 9 12 2 3 8 5 16 10 20 1 17 4 13 18 11 
17 11 4 20 6 7 3 14 2 12 10 19 8 9 16 1 18 15 13 5 
14 12 15 2 10 16 17 18 6 4 19 13 1 8 7 20 5 3 11 9 
2 13 16 6 5 20 9 17 12 1 10 15 18 7 4 19 3 14 8 11 
1 6 7 18 19 20 12 3 11 9 17 4 8 14 10 16 13 2 5 15 
11 20 3 14 13 6 15 7 12 5 1 10 8 16 17 9 4 19 18 2 
14 11 15 3 4 19 12 20 13 6 16 1 5 18 9 8 7 10 17 2 
20 14 4 2 8 18 7 10 19 3 6 12 13 15 16 9 1 11 5 17 
14 5 15 9 1 3 16 6 8 7 20 4 13 19 12 17 2 18 11 10 
2 3 14 7 11 15 17 6 4 19 16 12 20 5 8 18 1 13 10 9 
11 15 3 14 8 18 19 7 13 20 5 17 12 2 1 16 9 4 6 10 
9 7 20 16 14 2 18 3 13 1 19 6 17 8 5 15 11 10 12 4 
6 7 13 20 3 2 16 8 4 12 9 18 15 10 11 17 1 19 5 14 
8 6 10 19 11 7 1 16 9 14 5 18 17 13 4 2 12 15 3 20 
17 12 6 18 11 8 16 5 9 20 10 7 2 13 15 19 14 4 3 1 
19 7 14 9 15 18 1 8 20 5 17 2 13 16 11 12 6 4 10 3 
14 20 17 11 1 13 5 18 3 15 10 19 12 4 8 6 16 2 7 9 
14 19 13 10 2 6 9 17 3 16 7 15 12 8 5 20 4 18 11 1 
2 7
5 9
7 14
2 6
17 18
14 19
5 17
5 12
1 16
1 17
1 4
10 15
12 18
11 20
2 3
9 17
12 16
9 18
1 20
