20 20 19
19 14 6 18 15 13 17 12 10 9 7 1 20 8 4 3 11 2 5 16 
11 14 20 18 7 5 3 13 1 6 17 16 8 9 10 15 19 12 2 4 
2 13 20 15 8 7 16 3 12 5 6 19 4 17 9 11 10 18 1 14 
15 13 10 2 17 16 4 5 12 11 8 3 20 19 14 9 1 18 7 6 
3 18 4 5 10 17 20 14 6 8 9 7 1 19 13 12 11 16 15 2 
6 9 7 13 5 12 1 19 3 10 8 17 11 18 20 14 2 4 16 15 
2 15 11 20 5 8 6 13 10 16 1 17 4 18 3 7 19 12 9 14 
18 8 13 16 2 19 9 20 10 3 12 11 7 14 4 1 6 15 17 5 
14 19 12 6 18 3 17 1 13 4 16 7 5 2 11 10 9 20 8 15 
16 13 9 4 3 14 10 1 7 18 12 15 5 17 20 11 19 2 8 6 
2 16 17 5 13 7 3 12 19 4 14 11 8 9 15 6 10 1 18 20 
10 7 12 18 6 17 13 8 16 11 1 3 19 2 5 14 4 20 15 9 
10 7 20 12 16 3 18 5 9 1 17 8 13 4 19 6 14 2 15 11 
19 4 16 5 7 6 15 8 9 2 18 11 17 3 1 13 14 10 20 12 
6 18 7 9 2 15 11 1 19 12 20 14 5 16 3 10 13 17 8 4 
18 16 5 19 1 2 8 20 14 13 12 3 7 9 10 6 4 11 15 17 
5 2 20 6 1 9 4 7 17 14 11 12 3 15 8 18 13 19 16 10 
8 19 20 18 11 15 10 7 6 3 4 12 1 14 2 16 17 9 13 5 
5 14 18 16 17 19 4 9 10 12 7 6 1 20 3 13 2 15 11 8 
14 7 19 13 15 10 9 20 5 18 2 1 8 12 3 11 16 4 6 17 
6 14
6 7
10 11
1 12
5 6
7 12
4 15
7 13
8 10
8 20
4 13
1 15
3 19
7 17
2 15
6 12
2 5
1 11
11 13
