20 20 9
19 4 16 6 2 5 8 14 7 3 20 18 1 15 9 12 13 17 11 10 
8 3 10 15 19 13 1 6 12 5 16 7 18 11 9 20 14 2 17 4 
12 11 4 8 16 3 17 18 14 13 6 5 15 1 7 19 9 20 10 2 
14 8 18 9 17 13 20 3 4 6 15 5 7 16 12 19 1 10 11 2 
8 7 19 14 11 1 4 9 6 12 5 16 15 2 10 20 13 18 17 3 
5 13 11 8 7 6 3 15 18 17 1 20 16 14 12 2 9 10 4 19 
11 12 19 13 8 2 4 5 1 7 15 3 6 16 10 14 18 9 20 17 
7 6 14 13 11 15 12 5 17 16 18 1 10 19 3 8 20 4 2 9 
16 4 15 19 9 18 12 7 13 5 6 3 1 17 11 2 20 14 10 8 
7 2 6 9 3 19 16 10 12 13 4 1 11 17 18 15 20 14 5 8 
1 17 5 11 12 14 4 9 19 15 16 7 6 2 18 13 20 8 10 3 
3 9 8 2 19 18 15 1 16 17 10 20 7 5 14 12 6 11 13 4 
3 18 20 13 19 16 8 5 10 12 17 2 7 1 15 9 11 4 6 14 
7 11 15 5 1 10 13 17 20 16 3 18 2 19 6 4 12 14 9 8 
13 12 5 18 1 2 8 6 17 10 16 15 4 19 11 7 9 3 14 20 
8 4 3 1 16 15 11 12 10 13 9 6 17 20 14 5 7 2 19 18 
20 8 7 10 14 5 9 19 2 3 16 12 1 18 15 11 17 6 4 13 
12 14 2 13 11 7 4 5 8 20 19 6 16 3 10 17 9 15 18 1 
17 19 4 8 11 12 14 13 5 20 15 10 2 16 1 18 3 6 9 7 
19 11 2 18 3 13 12 1 16 6 9 17 5 4 7 8 10 15 14 20 
12 20
4 9
16 19
5 13
2 20
1 15
9 16
11 15
13 20
