20 20 9
20 7 17 15 13 4 12 2 18 3 6 14 19 1 11 16 8 10 5 9 
6 8 5 13 7 16 12 2 20 11 4 14 15 19 1 17 18 10 3 9 
12 6 14 1 13 2 7 17 3 11 10 15 9 20 4 16 8 19 5 18 
19 6 15 16 12 20 8 11 1 10 3 5 18 13 9 7 2 14 4 17 
12 5 17 7 15 10 18 11 1 19 16 8 4 13 2 3 9 20 6 14 
18 20 12 13 10 19 7 1 11 2 14 15 3 17 16 6 5 8 9 4 
12 4 8 10 7 6 17 11 20 16 3 14 5 19 1 2 13 9 18 15 
18 13 8 19 20 14 2 4 7 5 17 1 12 16 10 3 11 15 9 6 
3 12 17 7 2 10 19 6 5 14 18 16 1 8 15 20 9 11 13 4 
9 5 3 6 17 7 2 14 19 8 20 11 15 4 16 18 1 10 12 13 
20 9 8 13 16 15 3 10 7 19 11 6 12 18 2 5 17 1 4 14 
9 20 7 3 15 2 17 8 12 1 13 11 4 14 10 16 5 18 19 6 
5 17 3 14 8 13 19 1 12 7 9 15 11 18 16 10 6 20 4 2 
20 1 4 12 8 19 9 10 11 15 3 7 17 14 6 2 16 13 5 18 
13 2 8 16 17 19 15 11 4 12 5 7 20 14 1 18 3 9 6 10 
14 10 1 12 2 15 16 20 5 3 19 4 17 8 7 9 11 18 13 6 
18 19 15 13 7 10 14 8 20 16 4 17 2 11 6 5 1 12 3 9 
16 20 10 12 19 6 7 5 2 4 9 17 11 1 8 15 3 13 14 18 
11 9 6 13 15 14 1 16 17 3 19 8 10 7 20 5 2 18 4 12 
8 19 13 18 7 5 3 1 9 15 12 11 17 10 16 20 14 6 4 2 
6 18
8 13
4 19
3 13
3 10
5 13
1 18
7 19
1 19
