20 20 19
14 19 6 16 13 9 3 1 15 2 17 10 5 8 11 20 7 12 4 18 
2 4 20 7 11 3 5 16 13 6 17 14 12 18 1 15 19 9 10 8 
20 19 16 8 17 2 6 1 4 14 12 11 10 15 7 13 18 3 5 9 
14 4 16 15 1 6 3 9 19 17 13 20 12 11 7 2 5 10 8 18 
10 19 7 8 1 15 3 18 11 13 14 20 5 9 4 6 17 16 2 12 
1 7 2 12 16 4 10 15 18 3 9 14 20 5 13 17 8 11 6 19 
7 1 3 2 10 5 4 8 17 19 15 13 11 9 18 20 12 14 6 16 
8 14 7 20 17 3 18 12 5 4 6 9 19 15 2 13 16 11 1 10 
4 11 10 20 13 8 5 17 16 2 18 19 6 9 7 1 12 3 15 14 
7 11 5 19 20 9 15 13 2 8 12 3 4 16 1 6 17 10 14 18 
1 14 3 10 16 11 4 18 6 7 17 8 20 12 9 2 13 5 15 19 
4 12 16 6 8 2 13 15 5 20 18 9 7 3 11 10 19 17 14 1 
15 12 3 11 5 17 1 7 18 13 8 2 6 14 9 10 4 19 16 20 
20 3 15 18 8 11 19 10 4 16 5 9 6 2 14 13 17 12 7 1 
5 3 19 16 12 13 14 1 17 18 2 7 11 8 6 9 15 4 20 10 
7 17 10 14 12 8 20 3 2 15 16 4 6 18 5 13 9 1 11 19 
20 2 11 13 6 4 9 1 19 18 17 15 7 3 5 10 16 8 14 12 
16 20 11 19 15 17 18 13 14 5 3 2 6 4 8 7 9 12 1 10 
16 2 13 14 18 4 1 3 9 8 20 11 5 6 19 10 17 15 7 12 
5 1 13 17 12 16 2 14 9 18 7 11 15 19 3 6 8 10 4 20 
12 20
1 3
4 6
9 20
3 13
1 13
6 10
12 18
13 17
2 5
2 3
3 19
16 20
8 17
16 19
8 16
15 16
6 16
3 5
