20 20 19
4 12 10 3 13 20 1 19 18 15 7 2 8 17 14 11 6 16 9 5 
9 1 17 13 12 16 11 3 14 5 4 6 19 8 10 2 15 18 7 20 
18 12 2 19 3 13 17 15 10 6 1 4 16 14 20 11 7 8 5 9 
15 17 13 5 9 3 4 8 2 10 12 18 19 20 14 16 7 11 6 1 
15 16 17 1 10 20 12 3 2 8 18 9 7 14 13 19 5 11 6 4 
19 11 15 7 9 14 3 18 8 5 13 17 16 1 20 12 10 2 6 4 
5 9 17 15 8 13 7 16 1 18 12 4 6 11 3 19 2 10 20 14 
8 2 11 10 15 17 4 14 6 20 7 12 18 16 9 3 19 5 13 1 
18 12 9 13 8 5 7 14 6 11 2 16 3 17 20 19 1 4 10 15 
3 15 5 10 4 12 17 6 14 19 11 1 18 20 7 8 2 16 13 9 
3 16 14 9 20 5 1 17 6 10 19 12 4 13 2 7 18 8 11 15 
4 20 2 16 19 9 3 1 17 8 7 18 6 14 11 5 13 12 10 15 
5 1 6 9 13 2 18 15 4 3 11 20 16 12 19 10 17 7 14 8 
14 15 19 9 6 1 4 17 8 18 16 13 5 3 20 10 12 7 2 11 
12 6 18 9 17 8 5 7 2 15 3 11 1 4 14 10 16 20 19 13 
6 7 18 10 17 9 2 12 3 14 20 11 5 15 1 8 16 19 4 13 
19 4 3 10 16 11 12 1 18 6 9 15 5 7 20 8 2 13 17 14 
3 8 1 5 10 13 9 17 15 18 19 12 14 20 7 6 11 4 16 2 
11 8 19 5 17 10 12 18 4 20 16 7 6 15 14 2 13 9 1 3 
20 5 7 17 15 3 2 14 4 6 19 12 13 11 16 8 18 10 1 9 
11 16
5 9
7 20
6 8
9 20
3 13
9 15
5 12
8 10
1 4
8 20
10 18
8 19
15 18
15 17
3 17
3 4
9 12
6 14
