25 25 30
13 1 24 5 6 18 4 3 23 19 2 10 22 16 21 20 9 14 8 12 15 11 17 25 7 
1 23 7 11 4 10 22 20 14 13 12 9 6 17 3 15 25 16 2 21 18 8 5 19 24 
24 9 2 1 3 15 11 14 20 23 21 7 19 12 4 18 6 10 16 17 25 8 13 5 22 
25 17 4 23 8 10 2 6 18 13 14 9 11 7 1 5 21 24 15 20 3 19 12 16 22 
20 4 14 22 8 13 23 17 5 3 12 6 19 10 11 15 7 21 24 9 25 16 1 18 2 
12 24 9 23 14 2 3 25 8 4 22 13 6 11 15 20 19 16 7 18 10 17 21 1 5 
10 8 3 14 25 1 20 18 11 4 2 21 12 22 5 9 15 23 7 17 19 6 13 24 16 
11 24 22 7 8 12 10 21 14 23 6 5 13 4 18 3 25 1 16 17 20 2 9 19 15 
6 12 15 4 16 13 11 23 20 14 1 10 9 2 5 19 7 17 22 18 21 3 8 25 24 
5 6 3 23 9 21 16 7 17 13 19 20 2 1 15 18 8 14 12 11 10 24 22 25 4 
2 15 25 12 3 21 9 14 23 19 1 11 20 8 17 16 24 7 10 18 6 4 5 22 13 
4 12 9 3 13 10 20 1 25 14 21 6 19 24 8 23 22 11 7 5 15 17 2 18 16 
13 15 2 16 17 9 6 19 25 21 11 14 5 8 7 3 12 4 23 1 24 22 20 18 10 
15 20 2 9 8 11 1 7 13 22 23 4 25 18 3 14 21 10 16 6 12 19 5 24 17 
19 11 24 15 18 22 6 4 21 3 2 7 13 8 16 25 17 20 5 9 10 12 14 23 1 
22 11 1 20 4 19 10 24 5 23 2 16 15 17 3 21 25 13 7 6 9 14 8 18 12 
10 17 9 19 7 6 12 21 13 11 8 2 3 18 14 15 16 1 24 20 22 25 5 23 4 
10 15 11 24 16 3 1 18 2 21 14 6 22 12 17 13 23 19 25 5 9 4 8 7 20 
21 5 12 23 1 11 16 6 20 15 14 24 25 10 22 4 8 18 9 2 3 17 19 13 7 
8 17 25 7 4 24 23 12 15 20 3 22 18 9 21 6 5 14 1 13 16 19 10 11 2 
9 4 6 15 5 19 3 10 7 20 23 21 2 25 13 18 11 1 22 24 14 17 12 8 16 
4 15 3 20 12 10 25 23 19 8 13 22 14 2 17 21 5 11 7 18 9 16 1 6 24 
21 13 12 18 3 11 8 22 9 2 24 1 6 15 4 25 7 19 20 10 23 17 16 5 14 
15 18 1 14 3 20 5 12 25 19 2 10 8 7 4 23 11 21 24 22 17 16 9 6 13 
19 17 18 1 7 22 25 3 5 8 24 14 13 9 6 11 16 21 2 4 12 20 10 15 23 
1 21
4 8
3 11
17 20
10 15
2 22
6 24
6 17
14 22
9 21
13 25
1 14
12 24
4 13
7 10
7 23
9 20
13 24
18 24
4 16
19 24
8 17
11 12
6 8
1 12
1 18
1 8
11 20
11 15
15 16
