25 25 30
20 15 13 1 7 18 19 5 4 10 22 21 3 17 14 23 24 16 8 12 6 11 2 9 25 
3 20 7 23 11 17 18 19 9 2 13 12 22 8 14 6 4 5 10 24 21 16 15 1 25 
21 11 8 6 18 15 23 12 7 10 3 14 25 1 16 2 13 5 24 20 4 9 17 22 19 
22 10 23 3 2 13 1 12 6 16 19 7 17 25 15 11 14 24 9 20 8 4 18 21 5 
21 1 5 20 7 14 25 10 15 4 3 6 11 17 9 22 19 16 2 8 12 24 23 18 13 
7 23 4 18 8 14 16 6 2 1 22 24 3 25 11 9 20 10 15 5 17 21 19 12 13 
8 22 15 16 9 5 3 11 25 18 14 13 10 12 2 1 4 7 24 23 17 21 19 6 20 
13 19 3 1 9 22 6 7 25 17 15 11 23 12 16 8 4 10 24 2 20 21 14 18 5 
4 20 10 2 16 7 11 17 6 13 24 23 14 8 1 19 18 15 9 5 12 25 21 3 22 
6 24 19 25 16 15 18 11 12 3 23 10 5 9 8 17 7 14 21 1 13 20 4 2 22 
10 3 1 5 18 20 24 12 9 17 23 7 4 19 16 11 21 25 6 15 2 22 14 8 13 
23 12 22 16 18 15 19 14 4 9 1 8 25 17 24 7 10 13 3 2 5 20 6 21 11 
16 14 19 3 25 2 11 24 5 15 12 18 9 23 7 21 8 20 10 1 22 13 4 17 6 
1 3 19 21 25 12 5 11 8 16 10 24 18 14 23 7 4 6 17 20 22 9 13 15 2 
13 21 18 8 20 7 9 22 19 2 23 24 16 11 12 15 17 10 14 25 4 6 5 1 3 
24 13 6 5 15 9 8 4 2 20 7 10 11 21 12 3 25 19 14 16 1 23 17 18 22 
7 10 24 12 1 9 19 16 2 20 17 14 5 11 25 6 22 18 4 3 15 23 8 21 13 
18 17 1 14 9 24 5 12 23 7 8 4 22 15 11 3 10 20 13 16 21 2 25 19 6 
22 6 10 19 14 9 16 13 17 5 11 23 2 18 12 4 25 24 7 20 15 8 3 21 1 
19 6 13 10 8 16 12 18 7 14 25 3 5 23 15 4 24 17 20 2 1 11 9 21 22 
20 9 1 21 19 13 15 25 23 4 2 6 11 10 5 14 18 17 22 16 7 3 8 24 12 
15 11 13 2 23 22 19 5 25 8 20 4 18 3 21 1 17 24 10 14 9 12 6 16 7 
21 6 16 18 7 25 4 24 10 19 14 2 15 22 20 11 9 3 1 5 8 12 23 17 13 
17 18 20 13 15 1 5 12 22 21 3 7 16 2 10 23 6 24 9 8 25 14 11 4 19 
19 5 16 1 15 3 9 6 7 18 21 23 12 11 14 13 4 2 20 8 17 10 24 22 25 
5 9
14 17
3 25
3 15
6 21
3 21
2 22
6 14
13 25
4 13
17 24
9 11
10 22
8 25
17 19
22 24
13 24
10 24
5 21
2 24
7 9
2 7
15 24
3 22
8 12
13 14
12 19
5 20
1 8
10 20
