25 25 15
10 13 15 8 4 7 11 9 23 22 24 3 12 14 17 21 20 1 16 6 5 18 19 25 2 
10 17 25 21 3 16 7 14 13 20 5 15 8 24 6 4 19 23 22 9 11 12 18 2 1 
11 8 16 14 25 9 1 20 18 10 6 15 22 2 17 13 5 19 21 7 24 12 23 3 4 
16 8 6 9 17 1 7 19 25 12 11 14 3 4 15 21 10 5 20 13 2 22 24 23 18 
13 1 11 3 23 7 15 18 8 2 20 14 21 25 19 22 6 12 10 4 24 5 9 17 16 
19 1 15 7 17 23 18 3 12 9 25 20 11 14 10 24 22 16 8 13 5 6 2 4 21 
7 22 13 15 24 16 2 1 4 11 5 3 18 12 20 6 19 14 10 9 25 8 23 21 17 
9 22 11 23 4 15 20 16 24 10 6 5 25 17 21 12 19 2 14 7 8 13 18 3 1 
11 15 22 16 14 19 7 24 9 5 20 17 18 6 2 3 23 21 25 1 10 13 8 4 12 
15 12 19 1 18 5 3 24 8 20 11 22 10 25 14 23 7 21 6 17 16 13 9 2 4 
21 4 8 25 11 23 18 6 9 5 22 13 17 7 3 20 15 19 24 10 2 12 1 16 14 
12 5 16 3 11 21 7 10 22 1 25 14 4 6 19 9 8 15 17 23 13 2 18 20 24 
17 13 16 9 25 3 7 8 2 20 5 12 11 14 10 23 19 24 22 18 21 1 15 6 4 
7 17 21 8 3 13 5 2 11 20 23 19 14 10 6 4 24 15 9 22 16 12 18 25 1 
8 1 25 24 13 6 17 22 12 5 16 19 20 21 18 3 14 15 10 9 4 2 7 11 23 
4 25 11 18 7 21 17 10 12 22 23 16 6 1 14 9 5 20 2 19 15 3 8 13 24 
8 9 5 1 21 4 18 20 22 25 24 11 23 3 14 6 12 10 13 19 7 17 2 16 15 
19 14 9 20 7 23 13 6 17 25 15 21 2 16 24 18 22 4 8 11 1 5 3 10 12 
14 20 15 7 11 22 23 9 12 2 21 25 4 13 5 3 24 18 6 19 10 16 17 8 1 
12 17 10 23 9 1 3 11 22 2 7 4 24 20 18 16 8 15 13 6 25 19 5 14 21 
16 1 17 10 15 12 3 24 7 11 6 5 21 19 23 18 9 14 20 22 25 13 8 2 4 
22 14 11 23 12 10 20 25 2 19 3 4 5 7 18 15 24 8 9 6 21 1 13 17 16 
11 25 3 9 5 24 18 19 17 14 22 20 16 13 1 15 4 2 12 23 6 7 21 10 8 
24 23 15 9 8 16 17 2 10 19 14 25 11 3 1 5 13 4 22 12 21 7 18 6 20 
4 22 8 14 1 5 12 16 9 25 21 24 23 19 3 2 11 17 7 15 18 20 10 13 6 
6 9
13 23
1 12
14 19
10 16
7 12
2 11
16 23
12 24
9 11
12 17
1 19
9 18
6 12
14 22
