25 25 30
8 9 22 7 12 25 5 20 17 10 4 23 6 11 14 13 3 19 18 21 16 15 2 1 24 
18 15 10 14 3 22 4 2 5 8 20 19 13 11 16 24 9 6 23 25 1 7 12 17 21 
4 5 6 15 21 7 11 16 13 9 12 17 3 18 10 8 25 24 19 20 1 23 2 22 14 
11 22 5 7 2 9 18 20 19 1 21 4 6 23 8 17 3 13 24 25 12 15 16 10 14 
20 19 17 9 14 18 2 5 12 21 24 13 15 23 6 8 25 10 16 22 3 4 1 11 7 
7 4 17 11 18 21 5 19 20 25 13 6 1 10 2 24 9 16 8 12 3 14 23 22 15 
6 12 22 20 7 9 1 10 17 15 3 24 18 19 5 4 16 2 14 13 21 11 25 23 8 
15 13 23 22 21 24 25 10 7 19 6 9 18 8 1 2 12 3 17 5 14 11 16 20 4 
17 1 25 2 6 15 23 16 3 12 7 22 13 19 9 21 18 20 24 10 11 14 8 5 4 
20 12 14 16 13 24 8 18 25 21 1 2 10 4 6 11 22 17 3 5 7 15 9 19 23 
16 11 10 12 6 2 5 13 9 22 19 17 1 4 23 25 8 18 14 24 21 3 15 20 7 
15 14 3 6 22 20 2 4 1 23 11 25 21 5 9 17 16 7 12 19 13 10 8 24 18 
14 22 21 1 6 13 15 4 19 11 2 18 25 8 5 17 7 9 24 23 16 20 12 3 10 
22 8 15 13 18 5 23 19 1 7 6 2 3 20 24 12 11 14 25 10 21 16 4 17 9 
16 1 19 10 17 3 18 5 8 20 24 21 7 9 2 23 4 22 13 11 25 15 12 6 14 
4 19 9 25 3 18 6 13 17 14 7 8 15 5 24 16 21 10 11 23 2 1 12 22 20 
22 8 15 13 21 17 16 2 5 14 25 4 18 7 11 10 6 12 20 24 19 23 9 3 1 
12 22 6 5 7 2 18 13 23 21 19 4 3 1 14 17 8 11 20 10 16 15 25 24 9 
12 1 5 22 23 7 19 8 16 3 2 25 21 9 18 11 15 20 13 4 17 24 10 14 6 
19 11 7 2 8 4 16 13 18 9 6 15 23 14 22 25 21 12 3 10 5 24 20 1 17 
22 18 25 6 17 10 3 20 15 4 16 9 19 8 11 24 23 1 7 12 21 14 5 2 13 
3 10 1 21 6 5 17 2 25 11 19 14 20 12 15 4 22 7 8 13 18 24 23 9 16 
17 22 19 12 20 5 7 11 24 2 18 10 1 4 23 9 15 8 14 16 3 13 25 6 21 
13 20 19 18 9 6 23 12 17 16 22 15 8 10 21 2 14 3 11 5 4 1 24 7 25 
24 6 11 18 22 16 10 1 21 4 2 8 19 17 9 12 7 15 5 3 13 23 20 14 25 
6 9
9 22
3 11
10 15
7 20
9 15
6 10
7 24
14 18
13 16
12 24
2 13
15 18
19 21
17 19
22 24
1 13
1 4
14 15
7 22
11 12
12 22
3 5
12 15
5 10
3 12
15 24
1 22
6 20
3 18
