25 25 15
11 9 19 8 16 13 23 2 21 10 6 15 5 20 4 25 18 3 1 7 24 14 17 12 22 
21 5 20 3 2 17 7 15 6 12 10 4 18 22 24 25 19 11 8 23 16 9 13 14 1 
23 19 2 17 11 21 8 7 1 15 25 10 14 12 13 22 3 4 6 16 5 18 24 9 20 
20 11 14 24 23 22 5 18 10 17 13 9 8 2 15 19 6 7 21 3 1 16 4 12 25 
21 3 10 9 1 11 12 18 25 13 2 16 8 17 23 22 6 24 5 20 4 19 7 15 14 
9 25 4 5 1 17 22 15 24 23 16 20 18 8 2 3 21 7 10 6 11 12 19 14 13 
19 15 6 4 13 11 17 18 22 16 10 21 12 7 14 9 20 25 1 3 24 23 2 5 8 
25 18 5 3 6 11 8 15 17 4 22 20 12 2 24 9 19 14 16 23 7 21 13 1 10 
4 19 17 1 10 24 15 13 16 20 25 5 21 14 11 9 3 2 18 8 7 23 22 12 6 
20 3 15 16 24 18 7 17 12 13 23 6 22 11 2 10 4 8 1 21 14 25 9 19 5 
5 17 20 24 8 13 2 6 22 1 15 9 10 12 23 11 4 7 3 18 14 25 19 21 16 
16 19 22 2 17 15 14 5 23 13 12 18 4 7 8 3 10 20 6 21 11 24 1 25 9 
19 6 24 1 2 22 7 16 5 10 13 9 17 18 8 15 12 11 23 21 14 4 25 20 3 
8 13 4 17 9 5 12 22 15 19 7 1 2 3 25 24 21 16 20 14 10 6 23 18 11 
15 21 4 11 16 3 1 23 17 12 19 20 18 22 9 5 13 14 7 8 6 10 25 2 24 
3 17 5 22 13 10 25 18 8 7 23 4 11 9 12 24 19 6 21 20 16 14 15 1 2 
7 4 18 8 14 10 13 21 2 15 3 17 1 23 16 11 5 25 6 22 20 9 12 19 24 
14 1 24 17 4 10 16 25 3 23 6 21 19 9 2 7 12 15 18 20 5 13 8 22 11 
3 11 10 22 8 14 5 4 13 20 21 19 18 25 23 16 12 9 7 24 17 6 2 1 15 
8 17 23 22 25 11 4 2 9 3 13 24 18 19 21 1 12 7 15 20 5 16 10 6 14 
5 1 21 8 22 24 13 7 23 18 2 19 3 16 10 11 17 20 6 25 4 9 14 15 12 
21 15 11 14 17 3 18 7 24 12 10 19 6 2 8 5 4 16 13 20 9 22 25 1 23 
5 1 3 22 10 16 17 25 19 6 8 14 21 12 2 18 20 24 23 11 4 15 7 13 9 
24 8 15 4 20 5 17 22 19 11 1 2 14 21 16 3 6 25 10 9 7 23 13 18 12 
9 19 2 3 13 6 20 15 23 18 12 17 14 7 21 16 5 25 4 10 24 1 22 8 11 
20 22
5 11
4 18
14 25
10 13
1 14
1 16
5 19
5 25
9 12
16 21
10 23
13 20
2 4
21 24
