25 25 30
11 9 7 21 23 3 15 19 20 22 12 13 17 14 1 24 8 4 2 10 16 5 25 18 6 
18 5 7 11 22 10 23 3 21 2 20 16 25 12 19 6 24 4 9 15 17 13 1 8 14 
14 3 20 4 5 2 10 1 6 22 13 8 7 18 15 12 24 16 9 11 17 25 23 19 21 
14 22 18 19 13 15 2 16 11 23 20 8 25 4 1 12 10 24 3 17 7 21 9 6 5 
12 13 24 8 7 9 2 17 19 10 16 20 25 15 11 3 23 14 6 5 4 1 18 21 22 
11 12 16 15 2 10 4 25 22 5 9 6 21 14 1 24 8 17 3 7 18 23 19 20 13 
4 6 13 5 19 15 7 21 24 1 23 18 17 14 2 9 12 20 22 11 3 25 10 16 8 
17 13 16 8 15 10 23 12 7 19 6 21 1 24 5 2 18 25 4 22 14 9 20 3 11 
16 18 1 24 14 10 19 15 17 12 6 22 8 13 2 9 5 4 25 3 23 21 20 11 7 
23 24 12 11 19 15 21 14 6 17 22 2 9 18 20 10 5 1 16 3 25 13 8 7 4 
6 11 10 12 2 24 17 4 16 21 25 14 7 20 3 23 22 5 13 1 15 18 8 9 19 
16 17 21 23 14 9 2 10 5 6 25 22 4 18 1 7 8 11 15 20 13 24 3 12 19 
24 11 13 18 14 12 9 7 21 17 19 4 16 5 20 10 2 25 6 1 22 23 15 3 8 
20 12 8 3 25 4 21 1 6 14 24 7 23 13 18 2 9 17 11 22 10 16 15 5 19 
14 19 25 24 21 15 22 11 1 9 5 10 3 16 23 6 2 12 20 4 17 13 8 7 18 
14 18 13 6 10 25 8 16 17 15 23 2 21 1 3 19 9 7 22 4 5 12 20 11 24 
23 12 17 1 15 9 18 19 16 4 3 2 13 25 11 6 24 22 8 14 5 20 7 21 10 
23 4 15 8 13 17 25 2 3 12 21 10 11 14 22 24 6 18 20 16 9 1 5 7 19 
19 5 22 3 17 23 16 10 25 18 20 21 6 13 7 12 24 8 1 15 4 9 2 11 14 
11 6 10 25 14 13 19 4 21 17 12 16 22 20 15 7 8 2 1 9 23 18 24 5 3 
11 3 14 21 5 2 1 12 15 24 6 18 20 4 7 17 19 23 25 9 22 10 8 16 13 
5 2 17 18 25 23 14 12 21 22 10 15 11 20 6 8 13 16 4 1 3 19 7 9 24 
20 17 24 25 15 23 2 19 8 7 16 6 18 3 4 5 14 22 12 9 1 21 13 10 11 
18 24 19 10 8 17 23 3 5 11 2 15 9 22 20 25 21 13 1 12 7 4 6 16 14 
4 15 5 11 12 18 13 23 10 16 9 6 8 2 22 21 14 20 1 19 24 3 25 7 17 
3 11
5 13
15 16
13 17
5 8
7 20
8 24
2 19
20 21
1 14
16 22
4 24
14 23
16 18
8 15
12 21
12 14
5 11
13 15
16 23
11 21
6 12
2 24
16 19
12 15
3 22
20 24
10 16
12 23
7 8
