25 25 15
25 9 3 19 14 21 15 24 4 18 2 23 1 5 11 20 8 6 13 7 22 17 10 16 12 
13 7 10 6 4 12 18 15 16 20 3 5 25 19 11 2 17 14 8 24 23 22 21 1 9 
13 16 24 20 5 23 10 21 25 15 6 7 18 17 14 8 2 9 12 4 22 3 1 11 19 
7 14 3 12 6 23 1 21 15 4 19 8 5 17 2 11 22 9 18 25 24 13 16 10 20 
6 2 23 7 8 20 22 13 14 5 12 18 3 11 17 16 21 10 24 15 25 19 4 9 1 
1 13 17 2 18 15 21 4 6 16 7 24 14 19 20 10 12 9 22 8 25 3 5 23 11 
12 14 17 2 15 20 5 11 22 21 1 8 16 25 4 10 24 23 7 13 3 6 18 9 19 
25 11 9 13 2 4 23 20 1 24 7 5 18 17 3 6 19 8 16 12 21 14 22 10 15 
7 10 20 14 8 2 16 15 22 18 4 23 11 1 5 13 24 12 25 9 6 21 17 3 19 
23 2 19 18 22 10 12 3 5 16 20 24 25 8 4 1 21 15 6 11 7 13 9 14 17 
15 25 11 4 10 13 5 20 14 16 21 9 23 2 3 6 24 12 22 18 8 19 1 7 17 
4 1 19 24 16 23 12 6 10 14 18 20 15 2 5 8 22 3 7 21 17 9 25 11 13 
14 15 10 11 4 22 3 5 7 17 24 16 6 20 8 19 23 1 18 13 25 9 12 2 21 
19 13 6 12 5 17 22 24 11 2 8 16 21 1 14 23 4 3 10 7 9 25 18 15 20 
13 3 12 24 5 6 20 16 8 7 10 14 2 9 11 23 25 1 15 22 17 21 18 19 4 
23 11 13 24 19 21 20 3 2 4 16 17 18 8 14 15 25 1 22 5 6 12 7 10 9 
19 6 5 7 9 20 21 10 18 25 12 2 17 23 1 14 15 22 8 4 3 24 16 11 13 
8 14 12 9 18 11 16 6 3 24 1 15 23 20 4 10 17 19 13 7 25 22 2 21 5 
5 1 19 14 21 24 6 17 23 15 8 18 22 20 9 13 11 3 7 4 10 16 12 25 2 
6 13 17 9 24 15 10 1 20 2 25 23 8 11 7 19 14 5 3 12 16 21 4 18 22 
7 25 12 11 14 8 18 4 15 21 6 16 10 13 9 20 2 5 3 1 24 22 17 19 23 
22 18 8 11 25 16 3 10 19 14 21 17 15 4 2 23 5 9 20 7 13 24 12 1 6 
20 12 15 13 11 21 2 8 17 18 24 1 9 4 7 3 14 16 23 19 25 6 5 22 10 
8 5 13 16 1 25 20 2 17 24 4 22 21 15 10 3 12 18 14 9 19 23 6 11 7 
3 6 21 4 12 23 1 11 19 2 22 16 15 5 24 8 13 17 14 7 9 10 20 18 25 
13 22
9 13
2 6
10 17
8 12
13 24
2 21
7 24
16 23
5 24
6 20
12 18
16 25
14 23
6 14
