25 25 30
22 1 20 7 19 8 14 15 4 10 5 25 23 24 13 18 2 17 9 16 12 3 6 21 11 
5 15 10 8 17 7 24 12 1 20 9 13 23 11 19 25 6 3 16 2 14 22 21 4 18 
5 16 15 14 21 10 1 24 12 19 17 2 11 25 8 23 6 3 7 13 18 22 4 9 20 
22 20 1 17 21 4 11 7 10 12 9 2 19 25 5 24 8 13 6 15 3 18 16 23 14 
18 10 1 6 20 23 14 8 4 25 15 13 16 21 11 24 2 7 3 17 5 12 22 19 9 
20 6 15 24 22 4 19 2 1 16 13 25 14 12 10 3 18 21 11 9 7 5 17 23 8 
5 4 15 2 10 9 3 7 16 20 17 11 1 23 22 21 13 14 8 25 24 12 19 6 18 
1 3 14 7 8 20 9 5 13 17 15 23 24 11 2 25 19 21 18 12 22 4 10 16 6 
4 23 21 19 25 9 13 16 17 18 15 11 1 3 24 22 8 7 5 20 6 10 14 2 12 
22 9 16 15 7 18 8 1 3 24 12 20 14 4 21 13 23 2 19 10 6 25 11 5 17 
19 9 13 15 14 3 1 10 7 6 4 16 21 22 18 24 5 2 25 20 8 23 11 12 17 
20 24 4 22 5 15 25 3 13 17 6 16 11 18 9 21 1 23 14 8 12 10 7 19 2 
3 8 16 24 15 22 13 7 9 4 10 12 20 11 2 23 14 5 17 6 25 21 18 1 19 
18 3 22 8 16 6 2 7 1 25 5 10 19 23 12 21 15 13 17 9 4 24 11 20 14 
1 15 25 16 3 4 6 22 12 5 23 24 7 11 20 2 10 21 8 19 18 17 9 14 13 
9 10 14 24 22 17 8 1 12 7 13 4 25 2 3 6 18 11 21 23 16 15 20 5 19 
1 12 25 16 5 13 2 17 9 23 14 8 4 10 22 15 7 20 6 3 19 18 24 11 21 
21 12 15 18 14 9 13 4 16 24 6 23 8 11 3 25 20 7 17 22 5 2 19 10 1 
20 10 12 3 11 1 13 21 5 22 25 24 8 9 2 4 16 19 15 6 17 23 14 7 18 
9 22 25 17 5 3 14 13 19 16 7 8 2 20 15 6 10 4 1 18 12 21 11 23 24 
12 6 21 14 9 1 23 4 17 25 13 7 15 18 2 3 24 10 22 5 16 8 20 19 11 
20 9 10 8 7 2 11 23 22 16 15 21 18 5 3 14 4 25 12 17 13 6 19 1 24 
3 21 22 10 4 25 15 16 23 1 8 11 18 6 2 5 7 9 13 19 12 24 14 20 17 
6 17 16 3 9 8 7 18 5 11 25 22 20 23 14 10 15 1 13 12 24 21 19 4 2 
15 9 12 4 8 10 17 23 20 5 18 25 14 19 2 6 1 22 3 13 24 21 11 7 16 
3 11
5 13
10 21
12 16
11 19
8 14
12 20
15 23
4 19
9 15
17 23
3 16
13 20
4 10
5 17
19 24
12 18
5 15
18 21
11 12
5 10
14 25
2 21
10 25
9 23
10 20
2 25
16 20
11 15
9 12
