25 25 15
25 7 13 23 4 14 21 11 24 19 2 9 18 17 3 22 8 20 5 12 16 1 6 15 10 
3 14 1 17 25 12 10 20 2 22 9 8 21 16 4 23 11 5 6 24 18 15 19 7 13 
3 22 1 23 11 25 12 20 16 5 15 10 8 6 9 4 14 18 7 19 17 2 13 24 21 
2 13 8 1 6 15 16 19 14 3 25 21 17 5 24 18 20 7 10 22 12 9 23 11 4 
18 24 10 20 8 19 7 15 16 13 1 23 12 14 6 21 3 25 2 4 11 5 9 17 22 
10 14 21 18 15 5 6 22 19 7 4 3 25 11 1 20 16 9 2 23 17 24 13 12 8 
9 7 19 22 18 17 6 2 24 10 4 15 13 16 23 3 5 14 8 25 21 11 1 12 20 
25 4 14 10 2 1 23 11 12 9 24 6 20 21 15 13 16 5 22 7 19 8 18 3 17 
17 25 20 22 8 23 1 13 3 16 19 15 12 18 6 11 4 9 14 24 2 10 7 21 5 
23 12 2 3 9 22 13 1 17 24 8 15 14 4 16 10 6 7 25 19 5 20 11 18 21 
2 20 5 11 19 23 13 25 22 10 7 3 12 8 1 16 21 4 9 18 14 15 24 17 6 
11 8 9 18 25 5 1 20 6 12 22 23 16 10 13 21 4 7 24 17 19 2 14 3 15 
18 3 4 2 20 13 10 9 15 7 21 8 5 17 23 25 12 6 24 14 1 16 19 11 22 
2 11 15 10 3 25 19 9 23 22 16 7 14 21 18 6 20 24 12 4 8 13 17 1 5 
7 21 12 16 22 6 9 14 10 8 17 20 1 4 19 15 3 23 11 18 5 13 24 2 25 
11 16 8 1 9 12 10 18 24 17 22 21 25 13 7 20 15 19 5 6 2 23 3 4 14 
25 10 7 21 9 2 1 12 17 22 19 15 23 13 6 8 3 11 16 24 4 14 18 5 20 
18 12 17 21 13 20 4 1 11 25 15 8 19 16 24 3 2 10 9 5 6 7 22 23 14 
15 1 14 24 21 7 10 2 20 17 13 23 25 12 16 4 22 5 6 11 3 9 19 8 18 
6 4 23 7 5 2 3 20 13 12 22 16 1 21 8 17 24 25 18 10 9 14 19 15 11 
24 7 18 22 15 5 11 2 8 3 23 21 14 6 1 17 20 9 19 10 16 25 12 4 13 
12 11 13 9 24 14 1 18 22 4 23 5 16 2 10 8 6 19 17 3 15 25 21 7 20 
23 24 8 16 17 20 4 25 13 22 21 1 3 14 5 7 11 9 6 2 19 18 15 12 10 
20 5 7 22 4 19 12 6 2 11 9 14 3 13 17 10 21 8 15 24 16 18 25 23 1 
8 10 18 20 4 15 14 6 12 9 5 19 16 7 17 21 1 2 13 23 24 25 22 3 11 
5 9
3 12
7 15
5 16
20 21
1 13
4 15
3 11
5 25
17 24
6 23
17 25
1 6
7 17
9 12
