25 25 15
13 22 1 20 8 25 5 4 19 12 21 23 10 18 16 15 6 7 17 2 9 24 3 14 11 
24 15 10 18 22 1 21 9 6 23 16 11 13 8 2 19 25 7 20 17 4 5 3 14 12 
14 9 2 16 25 7 21 10 19 5 13 20 18 8 22 12 1 24 17 11 4 6 23 3 15 
4 11 16 1 18 21 3 7 10 2 15 12 24 13 23 17 9 5 6 14 22 25 8 19 20 
4 24 6 22 20 25 18 9 10 13 7 17 12 14 8 5 16 3 21 15 19 11 23 1 2 
18 14 22 11 15 9 3 17 10 21 24 4 5 7 8 23 19 13 20 16 25 2 12 1 6 
22 24 4 17 1 12 18 25 15 9 7 21 5 8 20 3 13 19 6 23 2 11 16 14 10 
21 24 20 5 18 6 17 2 19 11 25 1 4 16 12 23 14 15 9 22 10 7 13 3 8 
10 5 1 8 22 12 17 3 16 18 23 19 11 14 4 20 13 15 9 7 21 25 6 2 24 
12 7 11 19 13 25 17 2 9 22 14 10 3 16 8 20 15 6 24 21 23 1 5 4 18 
10 1 20 2 21 14 19 5 12 23 13 24 15 7 11 17 6 18 22 16 4 25 9 3 8 
22 23 24 20 11 2 10 5 8 25 3 19 1 17 9 12 4 21 13 18 15 7 16 6 14 
4 14 9 22 18 20 1 16 23 21 2 8 3 7 13 19 10 11 25 17 5 6 15 24 12 
24 11 20 2 13 6 12 7 4 8 5 25 9 10 14 19 1 17 16 22 21 23 18 3 15 
4 17 18 23 11 10 15 25 20 7 9 1 24 5 16 19 6 12 14 22 8 21 3 2 13 
18 16 1 11 22 8 4 3 9 13 15 14 19 10 12 6 24 23 5 17 21 2 7 25 20 
20 21 7 11 18 8 16 5 2 3 19 22 13 17 12 15 6 23 24 10 4 1 9 14 25 
24 22 15 13 6 14 10 8 11 4 25 9 2 19 12 1 3 5 23 7 21 18 17 16 20 
16 14 5 22 24 12 18 2 9 21 25 13 6 8 23 15 3 11 17 4 1 20 7 10 19 
14 1 16 15 10 17 24 8 6 4 12 2 23 21 13 22 19 25 9 3 5 20 18 7 11 
3 10 8 19 24 17 20 11 23 12 1 18 9 2 14 13 22 15 5 21 7 6 16 4 25 
8 15 5 20 24 18 14 22 25 16 6 23 2 4 1 17 21 12 7 13 9 11 10 19 3 
24 13 8 23 20 12 11 9 2 3 16 19 22 5 15 4 7 25 14 18 10 17 21 6 1 
2 3 12 16 1 14 7 10 5 13 24 23 9 22 8 17 4 6 19 25 11 15 20 21 18 
18 22 9 15 3 2 12 21 13 16 7 17 19 5 20 8 6 25 24 11 14 1 23 4 10 
6 19
7 21
4 9
1 25
20 24
13 14
2 21
2 11
2 23
1 18
11 21
11 18
6 17
2 4
6 14
