30 30 21
14 20 29 4 23 2 30 24 15 16 27 19 25 21 8 17 5 11 18 7 12 6 9 22 10 13 3 26 1 28 
7 4 24 10 25 6 21 3 1 28 23 8 13 15 29 11 2 20 5 16 9 18 30 22 26 27 12 14 17 19 
24 22 30 17 2 6 23 1 27 16 15 28 25 11 26 3 14 19 8 7 9 20 5 4 12 13 29 21 10 18 
30 18 29 11 12 20 13 25 7 27 5 10 15 2 21 4 1 6 16 17 14 22 8 24 23 26 19 9 28 3 
23 19 2 18 21 7 28 17 20 11 6 4 1 16 24 12 27 22 30 29 15 26 25 3 9 8 10 13 14 5 
19 15 18 14 1 20 13 10 25 6 29 4 30 12 16 26 2 24 5 7 11 21 27 9 17 3 22 28 8 23 
19 28 12 11 24 6 2 8 18 20 30 4 9 22 25 3 29 23 13 7 1 10 27 26 21 16 15 17 14 5 
13 14 11 28 24 16 21 22 5 8 9 12 1 6 7 29 19 27 17 4 2 15 26 20 30 23 3 25 18 10 
19 1 28 4 17 15 29 21 7 20 6 13 18 27 25 3 16 10 11 5 23 30 2 22 12 24 26 8 9 14 
7 15 28 13 4 6 23 19 22 12 16 1 30 21 24 25 17 5 8 9 29 14 3 20 2 26 11 27 10 18 
11 16 2 30 15 8 7 27 9 12 5 21 28 20 6 19 4 10 18 23 14 29 25 22 17 1 3 24 26 13 
2 23 26 16 6 24 17 20 1 15 28 3 29 9 18 8 22 30 12 13 27 25 19 11 7 10 4 21 14 5 
3 12 1 25 10 19 7 8 26 9 13 16 23 5 21 4 17 27 18 15 11 22 29 24 20 2 6 28 14 30 
18 12 14 4 2 21 1 29 9 3 20 8 28 7 16 6 24 27 30 13 23 5 10 11 15 26 22 17 25 19 
6 21 26 23 22 11 30 3 7 17 15 9 29 18 1 16 14 20 19 27 25 10 12 8 24 4 2 13 5 28 
29 3 10 26 17 5 14 6 2 21 25 28 22 8 11 20 27 16 24 12 1 9 23 13 18 4 30 15 19 7 
4 19 16 24 15 25 26 3 12 11 5 21 7 28 10 29 6 27 13 30 14 22 8 1 18 17 20 23 9 2 
2 9 24 3 23 15 29 10 12 27 13 21 11 20 19 18 5 26 14 8 4 25 1 30 22 16 6 17 7 28 
24 18 1 5 30 19 4 20 7 22 29 21 15 17 13 3 8 12 27 23 9 10 2 25 6 11 16 26 14 28 
6 11 26 4 28 30 27 24 29 8 15 5 12 14 18 2 16 19 10 13 20 21 9 7 1 25 22 23 3 17 
15 27 24 26 11 25 29 19 7 28 6 13 4 5 17 22 10 3 1 30 2 12 23 8 14 21 9 16 20 18 
19 17 20 1 15 14 9 22 18 27 6 30 8 16 11 21 29 10 24 23 3 7 4 28 5 26 12 2 25 13 
27 12 17 30 11 9 19 28 15 18 2 25 13 8 6 5 21 14 10 3 29 4 16 20 1 23 26 22 7 24 
22 10 23 20 6 4 2 24 21 15 7 29 27 11 28 9 8 18 13 17 26 14 25 19 3 12 16 30 5 1 
27 10 3 9 1 24 6 26 16 30 7 19 17 12 15 18 8 4 11 23 2 29 20 13 21 28 25 22 14 5 
4 21 14 15 7 23 29 17 3 20 8 6 24 30 1 26 16 22 28 9 19 2 5 25 11 13 27 12 10 18 
11 1 6 9 22 21 3 23 19 13 16 8 29 25 26 14 5 17 18 2 10 30 7 28 24 20 27 12 4 15 
24 25 22 17 11 3 5 10 8 15 20 13 23 26 14 16 7 6 21 19 2 9 1 18 30 28 12 29 27 4 
2 18 22 17 1 10 20 12 14 13 29 4 9 8 19 15 11 24 28 26 23 7 3 16 30 6 5 27 25 21 
5 20 15 16 4 9 21 28 17 24 2 19 10 6 1 12 29 3 26 23 27 11 14 30 25 18 7 22 13 8 
2 7
8 14
5 30
6 18
17 19
5 10
2 19
4 28
5 6
14 25
7 28
9 19
12 18
2 22
12 16
3 16
7 22
3 17
6 15
3 26
7 9
