30 30 43
17 12 26 25 2 20 8 19 30 21 18 1 10 15 28 13 14 9 24 6 29 3 22 11 23 7 27 16 5 4 
6 2 9 8 15 30 24 26 18 20 19 11 12 28 13 1 25 22 7 3 10 27 23 29 16 4 17 5 14 21 
26 5 28 4 20 16 23 19 2 30 11 1 22 9 6 27 29 3 14 13 17 18 24 15 25 7 12 10 21 8 
10 16 30 13 20 14 12 21 1 23 26 29 24 8 11 5 17 18 22 4 9 7 28 3 6 15 27 19 25 2 
14 29 8 4 16 12 3 9 5 19 10 30 6 23 18 13 20 2 1 24 27 7 11 22 17 26 25 15 28 21 
18 9 5 14 28 20 22 16 17 21 11 26 29 4 13 30 23 2 10 27 19 3 6 12 7 15 24 1 25 8 
2 23 19 17 20 16 3 14 29 12 28 27 18 4 25 1 5 15 8 13 22 11 30 10 9 6 26 7 24 21 
29 20 12 15 30 8 1 27 18 3 2 23 11 28 13 21 17 5 14 9 4 10 25 16 19 6 24 26 22 7 
19 17 26 10 24 23 11 18 3 8 4 30 25 29 20 1 21 16 7 13 2 28 5 14 9 6 22 27 15 12 
25 14 17 13 20 28 18 26 12 10 27 9 8 11 21 6 5 2 1 3 7 19 30 4 15 23 22 24 16 29 
20 26 16 3 22 25 5 13 24 19 2 23 9 4 11 10 27 1 29 14 15 12 30 17 18 8 28 6 21 7 
5 23 4 28 7 26 1 16 27 29 6 21 8 17 18 9 12 3 30 14 11 2 15 13 10 22 20 19 25 24 
7 24 26 4 28 11 15 8 12 6 23 29 22 20 21 27 2 14 25 18 16 13 1 19 3 10 17 9 5 30 
17 7 24 18 5 2 21 30 12 1 19 4 8 16 29 22 9 20 11 13 15 23 10 26 3 28 25 27 14 6 
27 13 14 15 22 12 9 26 29 11 8 3 19 23 5 30 20 24 1 4 18 2 6 16 10 7 25 17 28 21 
5 25 1 4 22 24 14 18 3 2 7 30 21 16 17 27 23 15 9 19 12 11 8 6 28 29 26 10 20 13 
27 25 28 29 13 19 9 22 15 11 4 2 8 7 1 21 14 18 23 3 20 17 30 24 6 10 5 26 12 16 
22 13 14 9 20 12 17 10 30 23 11 21 28 25 4 7 18 26 8 1 19 15 16 5 29 2 24 27 3 6 
29 21 23 11 19 26 10 17 25 8 14 30 13 27 28 16 5 12 7 2 18 15 20 24 1 9 22 4 3 6 
27 25 15 18 14 17 13 28 21 22 29 8 12 2 23 19 6 10 30 5 20 3 9 24 11 1 4 7 16 26 
11 27 3 5 9 1 14 2 29 8 19 16 23 18 28 30 13 26 15 4 22 10 20 25 24 17 12 6 7 21 
19 28 15 1 29 17 23 7 26 20 27 21 30 2 9 14 11 4 5 3 25 18 22 10 12 8 24 6 13 16 
10 2 13 22 9 30 18 14 12 11 21 28 1 15 24 8 17 26 4 5 23 20 19 25 27 7 29 16 3 6 
15 16 7 25 22 3 2 9 28 26 17 14 29 8 21 20 18 24 12 11 10 23 5 6 13 4 19 1 27 30 
5 9 2 25 26 14 28 20 3 4 6 18 15 10 24 22 7 17 16 8 21 13 23 1 12 11 27 30 29 19 
30 24 20 4 9 15 29 17 7 26 28 27 12 13 6 11 14 16 25 21 3 2 23 5 19 8 10 18 22 1 
14 26 13 17 25 6 22 11 15 3 1 21 8 4 2 16 9 28 19 7 29 27 23 5 30 10 18 12 20 24 
3 27 18 17 13 24 23 20 10 7 26 5 4 15 16 12 30 14 11 21 19 8 6 1 29 28 2 22 25 9 
6 24 18 8 19 3 14 22 29 23 12 30 16 2 21 28 17 4 9 1 7 11 25 15 5 13 26 10 27 20 
12 3 18 30 27 6 15 2 28 22 8 26 19 17 1 25 9 7 24 10 23 13 16 20 4 11 14 5 21 29 
13 22
15 27
10 11
14 30
28 29
4 18
13 26
25 27
17 25
7 11
13 21
5 8
2 26
16 17
1 2
12 20
20 21
13 16
12 24
10 18
8 29
11 27
9 17
6 22
6 15
23 25
14 28
5 11
13 15
1 4
17 22
12 29
14 20
11 12
3 5
13 23
5 10
6 8
2 28
2 21
11 20
10 20
9 19
