30 30 21
16 15 13 24 25 5 21 28 23 27 22 6 11 14 20 8 12 19 17 10 9 7 2 29 18 4 1 3 26 30 
9 1 4 5 15 29 17 10 2 18 25 27 11 19 13 23 14 7 28 30 16 22 21 24 6 26 20 8 3 12 
1 28 10 19 16 18 24 9 3 20 29 15 22 6 27 26 7 4 12 11 8 2 17 13 21 14 23 25 30 5 
29 5 21 19 9 10 24 1 4 3 13 25 8 14 7 2 16 11 12 17 23 15 28 20 22 6 30 26 27 18 
3 4 1 21 2 10 30 16 28 9 19 7 20 11 29 23 6 24 22 14 15 13 25 18 5 8 17 12 27 26 
6 13 16 24 11 26 8 10 28 17 5 20 21 12 2 27 4 14 25 9 29 15 30 18 7 1 22 19 23 3 
12 26 21 9 15 18 13 2 10 5 1 17 7 16 30 19 6 27 22 20 11 14 23 24 28 4 25 29 3 8 
29 8 23 22 6 28 26 16 19 3 20 14 5 1 17 27 11 25 12 9 15 21 24 30 13 10 4 7 18 2 
29 2 18 26 19 3 14 25 10 24 22 15 4 17 23 20 8 9 11 27 28 13 30 5 16 12 7 1 6 21 
29 11 12 10 9 13 5 21 4 27 26 1 14 15 8 30 19 18 28 23 20 17 7 2 3 6 22 24 25 16 
13 3 24 1 15 25 11 27 23 4 26 10 5 16 30 22 21 29 6 14 2 17 8 12 28 20 18 9 19 7 
9 4 30 5 25 8 11 21 12 24 2 7 19 6 1 10 26 17 16 18 3 22 23 15 29 20 13 14 28 27 
24 21 26 28 9 17 27 16 11 15 22 18 29 14 1 5 8 3 10 2 20 7 12 13 19 25 30 23 6 4 
9 24 11 8 5 18 2 13 15 30 21 26 19 23 29 28 1 16 4 7 20 10 6 22 3 12 25 17 27 14 
21 24 10 20 9 19 17 7 13 5 3 11 1 29 25 23 28 26 15 8 18 22 14 30 6 12 27 16 2 4 
3 19 8 10 16 22 11 20 25 14 1 7 27 18 26 24 6 23 9 30 21 28 12 2 13 4 29 5 17 15 
21 23 24 29 26 6 9 11 13 4 1 22 17 3 25 2 16 30 27 15 20 18 8 19 12 28 7 5 14 10 
28 23 6 22 24 7 21 17 8 25 18 26 27 5 3 9 30 16 19 12 11 4 29 1 2 20 14 13 15 10 
9 30 2 15 20 24 14 1 13 26 12 8 17 5 23 27 6 19 21 28 11 7 16 25 29 18 3 10 22 4 
25 3 1 6 29 13 17 26 21 7 14 30 10 15 9 16 8 22 27 5 19 23 20 2 24 11 18 4 12 28 
2 8 9 15 1 4 19 27 23 20 26 10 18 5 3 6 21 30 22 12 7 24 13 16 14 25 29 17 11 28 
13 18 3 25 5 11 2 8 20 19 26 1 28 15 29 22 6 27 14 9 21 16 23 30 4 17 10 7 24 12 
26 7 29 9 18 1 14 5 10 12 30 15 19 25 11 2 6 4 20 16 23 13 24 28 27 21 22 3 8 17 
29 26 1 12 13 15 8 23 28 22 6 5 20 19 3 18 7 21 16 14 4 30 17 10 25 2 11 24 27 9 
6 29 7 23 11 19 15 28 25 21 17 30 3 10 20 12 1 18 14 22 9 16 24 5 26 8 13 4 2 27 
25 1 28 6 23 19 11 27 14 13 26 22 5 3 30 8 24 2 7 15 16 17 4 10 9 20 21 12 29 18 
1 21 13 6 26 17 23 27 11 7 4 28 8 30 25 22 16 9 19 20 29 18 15 10 14 3 12 5 2 24 
24 28 9 30 3 12 4 7 19 14 2 8 6 26 10 18 20 13 25 27 15 1 21 22 11 16 29 23 17 5 
17 4 16 15 23 14 25 7 18 3 22 11 29 28 13 26 1 20 10 30 6 8 9 19 2 27 5 12 21 24 
26 19 27 10 21 13 9 18 4 12 16 2 23 8 7 15 5 11 22 1 28 30 14 17 6 3 25 20 24 29 
4 10
7 21
10 30
1 12
3 13
26 29
26 28
3 11
1 4
21 30
12 18
3 28
4 22
8 18
5 27
9 18
11 15
7 16
18 19
13 29
14 22
