30 30 21
28 11 10 22 23 5 19 21 20 26 15 6 18 14 13 16 8 2 25 30 9 27 17 4 24 3 7 12 1 29 
29 26 11 18 25 15 19 5 3 23 14 20 27 28 9 6 4 2 8 24 21 7 1 17 16 12 30 13 10 22 
18 30 27 7 10 9 20 19 24 4 29 16 6 8 13 22 11 25 21 28 1 23 5 3 17 14 15 26 2 12 
23 11 3 9 12 13 7 30 4 18 2 20 22 5 8 24 26 1 27 6 21 15 16 17 25 10 19 29 14 28 
13 1 7 30 20 9 21 23 11 16 5 24 22 25 28 8 15 27 6 3 12 19 29 18 17 2 10 14 26 4 
6 1 2 4 12 9 29 18 5 26 3 16 28 17 25 13 19 27 22 8 14 23 10 7 21 24 11 15 30 20 
14 6 27 21 30 19 29 26 4 7 8 16 5 20 11 15 24 18 25 12 10 1 22 17 3 9 23 2 13 28 
1 16 8 14 9 3 11 6 4 2 19 7 13 24 5 10 29 20 25 26 18 17 27 28 22 21 12 15 23 30 
15 14 5 20 1 7 24 8 2 22 26 10 21 17 18 30 23 11 28 12 6 27 3 29 19 9 16 25 13 4 
9 20 27 25 26 28 17 15 21 23 29 19 2 16 4 6 14 13 10 24 8 18 30 5 1 11 12 3 7 22 
8 1 30 24 25 29 28 17 2 18 7 15 26 13 16 14 23 21 9 3 6 4 10 12 19 27 22 20 11 5 
28 18 4 14 20 17 7 27 24 3 9 1 19 30 23 8 2 21 26 22 6 13 29 16 5 11 12 10 25 15 
4 25 17 23 30 11 1 14 29 26 27 28 21 19 7 10 16 12 22 2 6 15 20 8 9 24 5 3 13 18 
27 17 19 15 18 13 9 23 8 29 12 20 7 5 14 11 24 4 26 1 10 22 6 16 3 28 21 2 25 30 
25 24 17 29 28 8 10 15 3 6 23 20 16 27 13 18 5 11 21 19 30 1 7 22 2 12 14 4 26 9 
15 30 20 18 6 3 23 11 9 2 13 17 24 28 4 7 1 25 19 10 12 14 22 21 8 26 27 29 16 5 
13 17 2 3 18 24 4 15 7 5 1 16 9 21 22 25 20 19 27 14 23 10 8 28 6 29 26 11 30 12 
21 14 4 20 10 9 2 8 30 7 22 6 19 11 3 13 24 5 25 26 28 18 23 27 15 29 1 17 16 12 
29 13 15 8 18 23 6 21 30 10 7 20 27 22 9 5 11 1 28 26 4 25 19 3 16 17 14 2 12 24 
24 6 11 27 3 1 19 29 5 10 12 4 30 18 2 23 16 28 17 22 13 7 20 21 9 26 25 14 15 8 
17 6 1 14 8 13 3 12 22 26 27 20 28 30 15 2 5 16 21 25 9 24 11 4 10 19 18 29 23 7 
12 10 22 21 27 26 18 2 19 13 14 6 24 9 4 1 8 20 15 29 11 17 28 3 16 25 7 30 23 5 
11 18 7 13 30 6 26 10 1 22 16 12 15 28 3 21 4 24 14 25 19 9 29 20 27 8 17 23 5 2 
13 2 28 14 18 8 20 26 17 24 22 10 27 15 30 21 19 16 12 5 1 11 9 23 6 7 4 3 29 25 
17 1 24 4 22 5 9 3 28 26 10 19 18 8 6 13 29 14 12 11 30 27 25 2 20 16 23 7 21 15 
23 4 11 20 12 9 5 10 6 14 29 17 8 21 2 1 24 19 27 28 3 15 13 22 30 26 16 18 7 25 
7 2 18 12 10 13 15 26 9 21 8 25 22 29 30 28 24 6 4 5 1 16 27 23 17 14 20 19 11 3 
28 27 3 22 20 5 18 6 23 24 1 15 25 19 9 7 17 26 12 4 2 11 29 21 14 13 16 8 30 10 
21 22 23 16 25 10 6 24 2 27 1 30 5 17 3 8 7 29 14 9 12 13 28 18 11 26 4 15 20 19 
14 2 21 18 29 27 11 23 8 24 5 13 10 25 22 4 30 3 20 19 7 17 1 12 16 15 28 26 9 6 
23 30
10 11
2 28
21 27
5 11
19 29
16 25
22 26
23 29
8 10
10 25
17 20
20 29
25 26
19 24
6 24
11 24
17 23
17 26
3 14
15 17
