30 30 43
16 22 4 10 14 1 19 20 29 21 28 12 11 26 9 18 25 3 17 30 5 8 23 24 13 27 7 2 15 6 
27 4 22 24 12 23 2 7 5 21 13 30 25 11 28 9 19 15 14 20 29 10 16 8 17 18 6 26 1 3 
14 5 27 26 4 10 25 29 7 17 9 15 21 23 13 2 6 12 8 11 3 30 1 19 28 20 22 16 24 18 
19 12 30 14 27 20 24 21 7 9 10 11 8 25 15 17 29 23 5 26 22 13 3 16 18 28 6 1 2 4 
2 11 13 21 10 28 17 7 16 29 22 24 15 12 6 27 5 30 3 4 25 26 23 14 8 18 19 9 1 20 
25 29 9 19 15 11 17 2 5 6 23 3 10 8 26 7 28 20 24 16 21 27 30 14 22 4 1 18 13 12 
6 22 5 7 21 18 13 19 17 25 12 1 28 9 16 4 23 8 14 27 2 30 10 15 24 20 26 3 11 29 
16 30 23 26 9 24 13 25 14 29 4 20 22 15 7 5 28 27 1 10 19 21 17 12 8 3 2 11 18 6 
16 28 9 29 22 19 8 6 15 13 4 30 17 5 27 11 1 10 26 14 24 7 25 23 21 2 12 18 20 3 
11 5 21 3 27 16 23 28 30 22 4 2 24 17 9 20 14 26 29 1 12 6 15 10 19 13 25 8 18 7 
26 1 14 15 3 12 22 10 23 27 4 29 30 19 18 20 2 6 11 5 17 16 25 13 21 8 9 28 24 7 
7 15 20 4 30 9 3 18 12 25 29 10 19 26 28 14 6 2 5 23 16 1 21 8 22 17 27 11 24 13 
9 4 6 30 8 5 14 29 28 26 23 20 1 17 21 10 15 22 7 27 18 2 16 12 25 19 3 13 11 24 
23 3 20 15 17 11 21 28 16 5 10 24 18 7 12 19 8 30 1 9 6 27 25 14 13 29 22 2 4 26 
23 19 20 5 16 6 28 21 30 25 11 7 13 1 15 12 22 8 26 24 27 29 10 14 3 9 4 18 2 17 
23 16 11 5 4 25 15 17 24 13 22 3 26 12 8 6 19 21 1 7 28 20 2 9 10 30 18 27 29 14 
2 3 6 18 24 14 9 5 16 21 8 26 27 22 13 15 23 19 1 4 11 30 12 28 20 17 7 25 29 10 
1 13 28 25 20 5 21 30 23 22 10 24 11 29 15 9 17 2 16 18 27 3 4 6 19 12 7 8 26 14 
13 22 8 16 20 1 30 3 19 6 26 2 28 14 27 17 12 10 29 4 25 24 15 21 9 18 7 5 23 11 
10 6 14 20 7 30 22 9 8 18 4 11 3 21 24 16 17 2 5 29 26 28 23 27 12 1 15 19 13 25 
22 3 1 20 29 26 8 28 7 27 11 4 18 13 6 12 14 17 19 9 2 30 16 5 24 10 21 25 23 15 
9 15 7 24 8 21 26 20 2 12 29 23 1 18 16 11 14 17 27 13 4 3 30 22 28 5 25 6 10 19 
2 23 19 8 18 25 7 5 3 6 20 12 11 26 13 14 4 15 17 16 28 27 9 21 24 22 30 1 10 29 
21 15 23 20 4 2 17 27 26 12 18 22 16 14 29 1 25 30 3 10 8 7 9 24 19 28 5 13 11 6 
22 4 27 18 16 24 17 26 8 21 3 15 7 9 13 25 6 29 23 20 11 1 28 2 14 5 12 30 19 10 
10 16 9 22 4 6 18 21 14 23 11 12 30 28 5 13 24 20 3 29 19 25 27 1 15 26 8 7 2 17 
3 18 21 15 1 28 25 7 11 22 5 8 16 12 9 23 10 24 13 14 4 30 6 17 2 26 29 20 27 19 
18 24 10 3 11 16 8 6 29 5 21 1 23 17 22 26 14 25 13 9 15 20 28 4 2 7 30 19 27 12 
3 21 22 18 28 6 23 7 26 24 17 4 11 15 20 2 29 13 1 27 12 19 30 16 8 5 10 14 9 25 
24 13 19 4 3 6 26 22 27 1 7 20 8 28 15 9 16 30 5 29 2 23 12 21 25 18 10 11 17 14 
24 30
18 22
17 29
18 26
7 25
7 16
10 26
5 23
7 29
9 25
23 30
4 9
1 16
3 20
20 30
13 16
11 22
8 20
1 5
10 27
9 17
2 27
20 22
11 30
5 11
29 30
4 5
12 18
11 26
3 26
4 20
2 17
20 24
10 16
14 25
15 21
17 30
19 27
12 26
12 30
10 20
16 20
15 16
