30 30 43
8 23 14 6 2 17 12 1 24 5 28 20 15 11 13 26 10 21 7 25 30 19 22 9 4 16 29 18 3 27 
28 27 18 21 8 12 15 13 25 14 29 22 16 30 10 1 24 3 23 2 6 7 4 5 9 26 19 17 11 20 
27 5 4 6 10 17 19 14 7 12 18 23 15 21 26 1 28 11 9 2 29 3 24 20 30 25 22 13 8 16 
29 25 15 2 13 23 1 27 12 5 16 6 9 22 19 24 8 30 18 17 20 28 3 7 21 14 11 26 4 10 
4 10 14 23 5 9 26 27 21 2 13 17 11 28 15 16 3 6 25 1 12 29 18 20 22 30 19 24 8 7 
2 24 19 23 12 20 16 10 18 9 29 4 5 8 6 13 3 15 30 26 14 21 1 17 7 27 25 28 11 22 
24 21 27 8 29 26 16 2 22 30 17 6 3 5 20 9 14 23 25 28 4 18 15 7 10 12 11 13 19 1 
20 10 3 24 7 4 29 5 19 21 15 11 9 12 8 1 25 13 30 2 17 18 23 22 26 27 16 14 28 6 
9 15 24 13 16 8 11 10 23 22 20 30 21 26 29 4 25 27 6 28 19 12 2 14 5 1 18 17 3 7 
24 4 14 21 27 11 16 2 25 3 6 8 10 18 30 26 28 9 22 5 12 15 17 19 29 7 1 23 20 13 
18 1 24 12 30 22 20 9 14 10 2 26 19 5 27 3 28 13 7 11 25 6 15 29 21 23 17 8 4 16 
21 19 5 10 27 12 29 3 16 30 2 4 6 22 7 25 23 26 9 24 28 15 11 18 17 14 13 20 1 8 
20 21 28 8 9 22 2 30 6 10 16 13 5 24 26 25 11 15 29 7 23 27 4 18 12 1 3 17 19 14 
24 19 5 8 30 17 6 29 2 22 18 4 12 27 26 3 9 25 15 20 14 23 21 28 10 11 16 1 7 13 
5 3 26 20 30 19 1 2 10 21 15 6 17 16 27 24 28 18 12 22 23 14 25 29 7 4 13 9 8 11 
17 19 25 6 8 9 20 7 2 13 5 11 18 14 24 22 15 4 12 30 29 28 21 3 23 10 1 16 26 27 
20 15 29 17 11 23 13 9 16 3 19 4 26 14 8 22 24 21 7 27 10 25 6 2 18 28 30 1 12 5 
1 21 18 7 16 20 17 2 14 28 12 6 22 26 10 8 24 15 4 29 23 5 11 25 13 27 3 19 30 9 
15 27 11 24 17 6 23 29 4 21 22 10 13 16 28 30 3 8 5 19 26 14 7 2 20 12 1 9 18 25 
13 21 10 26 18 8 22 19 5 30 29 1 25 14 15 27 2 28 3 6 12 11 4 16 23 20 9 17 7 24 
7 11 21 10 22 12 27 23 14 3 29 15 9 2 18 28 30 20 16 4 26 1 6 17 5 13 25 24 8 19 
8 30 12 10 5 15 28 26 3 6 18 14 17 29 11 13 21 1 7 9 19 23 16 4 27 25 20 22 2 24 
8 15 19 12 2 14 17 7 26 1 6 24 29 9 25 18 21 30 20 5 4 13 3 11 27 22 23 10 28 16 
4 5 21 11 19 6 17 23 28 14 16 7 9 29 15 10 1 24 3 8 30 20 12 27 13 18 22 26 25 2 
3 14 9 21 23 6 1 10 8 12 19 4 24 30 11 22 20 18 28 15 25 16 7 13 26 27 5 2 17 29 
19 18 21 29 22 4 30 7 6 12 20 27 13 25 17 16 2 5 1 3 10 11 14 26 23 8 28 9 24 15 
22 30 25 13 21 23 26 24 28 10 12 1 17 11 5 6 4 27 14 15 29 2 20 3 7 8 9 16 19 18 
13 11 30 6 29 2 9 1 5 16 18 27 21 28 15 26 22 4 19 10 24 17 3 12 8 7 23 14 25 20 
1 4 17 6 7 15 16 29 27 11 9 14 3 8 21 20 26 5 28 22 18 12 23 2 25 10 24 13 19 30 
29 12 30 26 1 2 5 15 3 11 22 27 7 16 14 13 4 21 25 28 10 17 6 8 19 23 18 20 9 24 
4 7
7 21
3 25
15 20
5 26
2 12
10 26
11 24
7 29
16 24
16 17
1 2
20 26
12 20
4 9
20 21
15 30
6 10
1 5
4 23
6 25
15 18
4 24
16 25
8 16
2 27
7 23
5 11
23 29
4 14
11 26
9 16
12 29
14 20
12 22
2 7
9 27
14 16
23 28
5 7
19 27
24 25
2 25
