30 30 43
26 29 6 21 17 15 10 2 24 3 1 27 20 28 5 23 16 22 13 18 19 14 4 7 11 9 25 30 8 12 
11 15 29 13 3 4 22 10 21 30 7 26 2 28 24 14 5 27 16 23 8 6 17 19 18 12 9 1 25 20 
5 8 12 28 27 20 16 30 19 10 21 9 6 22 25 3 7 11 1 23 17 18 15 14 26 13 29 2 24 4 
2 8 13 14 16 28 29 22 23 1 15 25 4 30 18 7 5 12 20 19 3 26 9 24 10 27 21 17 11 6 
13 17 29 19 2 7 11 8 28 4 5 26 30 22 6 23 27 14 16 10 24 1 21 25 3 18 12 15 9 20 
18 16 23 1 4 30 27 5 6 28 12 24 14 20 26 3 8 9 11 13 25 22 19 15 10 29 7 21 17 2 
8 7 17 14 2 10 21 15 29 22 20 25 18 13 27 12 11 28 24 16 4 5 9 6 30 3 23 26 1 19 
4 30 5 3 16 28 10 9 29 17 7 24 19 20 14 13 1 26 6 22 11 8 21 12 23 18 27 15 2 25 
9 17 12 19 15 4 6 23 28 16 7 18 22 25 26 11 30 24 13 27 21 2 14 5 8 29 20 3 10 1 
13 6 7 23 10 12 1 17 18 21 26 22 5 19 4 3 27 15 11 2 14 25 28 29 16 20 30 24 8 9 
30 20 19 21 16 29 1 17 25 12 8 10 9 27 26 4 15 5 11 24 14 13 28 3 22 7 2 18 23 6 
10 19 18 21 13 20 6 1 25 14 11 29 7 23 16 30 27 5 26 2 22 17 28 8 12 24 4 3 15 9 
11 9 1 2 20 29 30 28 22 12 8 18 27 15 14 10 19 3 16 7 21 4 24 13 23 6 5 17 25 26 
10 26 5 13 1 14 18 4 17 9 30 22 12 29 6 16 20 21 19 15 24 28 25 8 7 11 2 27 23 3 
20 17 15 28 30 27 14 4 23 16 1 10 5 2 22 18 6 19 7 3 12 9 29 21 13 24 25 26 8 11 
18 27 29 16 10 13 23 6 8 9 14 19 12 11 1 26 3 30 21 20 5 7 25 17 4 24 22 28 15 2 
14 13 18 12 27 30 4 23 10 1 29 15 24 22 7 3 6 17 26 20 25 8 5 11 9 16 21 28 2 19 
27 13 7 22 23 9 8 11 17 10 2 14 4 30 26 19 29 25 28 12 21 18 3 6 16 24 1 15 20 5 
11 20 7 27 14 29 23 5 25 2 3 26 10 13 18 9 6 4 28 15 30 19 16 12 24 22 17 1 21 8 
20 25 2 4 6 21 24 1 26 17 9 16 14 30 19 11 29 13 5 7 28 15 8 10 3 12 18 23 22 27 
3 15 27 6 4 25 5 18 26 19 2 22 24 29 20 1 14 8 28 13 21 11 16 23 7 9 30 10 17 12 
28 7 11 9 21 30 25 5 22 8 2 18 15 13 16 14 6 23 17 20 1 26 19 29 27 3 10 4 24 12 
11 16 1 25 24 27 22 6 21 12 20 2 5 19 8 18 9 28 26 3 23 4 29 17 7 13 30 14 15 10 
15 28 2 29 22 14 5 4 13 24 30 8 10 26 25 9 20 6 3 7 19 1 17 18 11 27 12 21 23 16 
23 21 3 29 19 30 28 22 9 16 17 12 14 24 5 1 20 4 15 8 27 26 13 6 11 2 18 7 10 25 
5 3 10 12 14 22 11 15 4 30 20 18 17 16 23 7 8 13 6 26 21 27 25 29 28 9 24 1 2 19 
1 12 20 21 17 16 27 30 7 11 19 13 4 3 8 5 2 28 22 23 15 14 18 6 10 24 29 9 26 25 
1 30 3 12 26 25 28 20 9 13 19 14 5 17 7 27 11 23 4 16 22 8 18 6 15 2 10 29 24 21 
23 9 10 17 25 26 3 4 13 21 19 18 5 14 2 22 12 20 11 16 27 6 29 7 30 28 15 24 1 8 
19 6 17 8 18 9 15 29 3 14 1 5 25 20 21 7 26 22 11 12 2 30 23 27 24 13 10 16 28 4 
15 27
14 30
1 26
6 28
4 8
11 28
9 22
24 26
18 26
10 21
11 14
1 11
14 18
13 16
16 22
5 25
6 25
9 17
7 10
23 27
10 22
14 23
2 16
7 14
14 28
10 13
2 20
1 4
14 24
12 18
2 3
18 28
1 9
7 22
2 14
2 28
10 16
8 22
15 21
12 30
16 20
11 15
1 30
