30 30 43
5 25 6 20 10 4 3 29 18 1 8 7 21 22 24 28 15 30 26 23 17 19 13 14 9 2 11 12 16 27 
3 11 17 21 23 24 6 27 9 29 16 4 2 18 1 8 28 30 12 14 13 20 5 7 10 26 22 15 19 25 
5 6 30 17 9 22 11 21 15 19 14 24 4 23 26 18 25 3 7 8 1 27 10 16 2 13 29 12 28 20 
5 20 16 15 25 28 22 18 23 14 10 4 17 6 3 29 12 24 27 2 7 11 21 26 19 13 9 30 8 1 
8 2 15 21 18 22 4 23 17 11 29 3 1 14 28 20 24 19 13 10 26 12 6 7 27 5 16 9 25 30 
16 12 21 3 14 11 4 22 2 15 25 7 1 18 23 29 19 24 5 10 20 6 28 17 8 13 27 30 26 9 
23 24 20 15 1 14 21 19 9 6 22 18 28 7 29 12 10 11 17 4 25 8 27 5 16 2 26 30 13 3 
15 6 5 20 2 11 19 27 18 22 12 16 4 13 3 10 23 17 9 8 29 7 25 21 28 26 14 30 24 1 
29 14 26 5 21 15 25 30 8 27 13 9 10 19 6 1 2 28 7 20 18 22 23 4 3 12 16 24 11 17 
17 2 21 3 14 16 8 5 15 24 23 30 11 9 20 10 4 13 27 25 7 26 29 6 12 18 19 1 22 28 
13 1 26 2 22 5 12 3 9 6 20 4 25 16 15 28 19 29 14 7 11 10 30 24 8 23 27 17 18 21 
25 26 1 12 9 3 10 18 17 27 29 4 14 2 7 6 11 23 20 24 13 8 28 16 19 30 22 21 15 5 
26 21 14 27 3 19 28 12 23 4 25 15 2 16 1 11 9 6 8 10 29 7 20 18 24 5 13 30 17 22 
28 22 5 21 1 10 13 18 25 24 15 12 6 29 19 17 16 8 26 2 9 27 23 3 4 7 30 14 11 20 
22 6 17 8 13 12 1 19 2 15 9 26 4 21 16 25 5 29 20 28 3 27 7 24 23 11 10 18 14 30 
25 23 13 17 8 11 10 22 26 2 19 18 20 15 30 7 9 12 28 14 1 27 3 5 4 6 16 24 21 29 
11 9 26 14 29 1 24 2 13 17 27 18 16 19 28 4 21 5 12 3 8 6 25 30 10 23 22 7 20 15 
7 19 22 4 29 16 1 14 17 11 26 24 5 20 10 21 23 28 3 9 6 12 30 25 15 18 8 27 13 2 
18 4 6 2 24 14 29 17 25 20 13 22 10 19 8 12 5 3 9 15 21 1 11 30 7 23 27 28 16 26 
20 15 17 12 9 22 8 26 10 1 16 21 3 5 23 19 4 29 28 18 30 2 13 24 11 6 27 7 25 14 
19 27 18 22 24 23 26 21 9 16 20 5 4 17 15 10 2 30 7 14 12 3 25 13 11 8 29 28 1 6 
23 28 11 10 25 19 12 16 26 9 6 2 5 13 4 29 14 15 21 18 8 20 1 30 27 24 7 22 3 17 
2 16 1 25 28 13 8 19 29 3 21 17 9 26 7 27 24 18 30 23 20 10 15 5 6 12 22 11 4 14 
7 4 19 3 11 16 24 28 9 6 25 8 20 15 21 14 23 29 17 12 13 1 10 18 22 30 2 27 26 5 
29 14 22 26 23 27 2 19 13 15 4 12 3 11 8 20 17 16 24 21 25 28 18 6 30 10 9 1 7 5 
13 1 23 6 3 4 9 7 25 18 2 12 22 24 5 17 21 28 29 14 27 20 11 15 10 16 30 26 8 19 
26 11 5 29 24 13 25 21 4 2 22 18 7 1 27 3 20 30 16 28 14 10 6 8 17 15 12 9 23 19 
18 24 10 17 9 22 19 7 25 6 8 16 12 20 23 1 3 13 11 5 30 27 26 14 2 4 29 15 28 21 
30 20 22 6 8 23 19 9 3 15 28 12 16 18 2 21 1 11 29 5 14 26 27 25 4 10 7 17 13 24 
21 7 19 24 22 27 29 23 12 30 13 17 28 5 10 4 26 6 15 18 14 11 2 3 1 16 20 9 8 25 
13 22
1 21
3 25
10 11
8 23
15 20
21 28
9 22
1 15
20 29
4 12
18 19
13 30
1 11
16 24
12 20
2 19
15 23
17 28
16 29
4 13
25 26
6 22
8 16
7 23
19 21
4 28
8 21
12 25
5 15
1 19
16 26
2 24
9 13
13 23
24 29
14 16
6 8
14 25
1 27
9 23
24 25
5 14
