30 30 21
4 24 22 27 9 25 16 19 21 28 23 12 11 29 7 18 20 13 1 30 10 15 17 3 5 26 8 14 6 2 
21 30 28 20 4 16 18 2 22 9 5 7 23 12 24 25 29 17 27 3 14 10 13 15 19 6 26 1 8 11 
1 13 8 9 26 2 20 11 12 4 3 29 5 19 21 28 25 23 18 17 24 6 22 15 7 10 30 16 27 14 
30 23 16 18 17 27 29 3 13 11 21 4 1 24 6 14 8 12 7 28 9 15 20 2 26 19 25 22 10 5 
21 15 14 23 19 29 13 17 4 20 9 12 5 8 27 22 3 1 24 2 11 16 30 6 18 28 25 7 26 10 
29 1 16 23 5 21 8 24 14 28 9 3 10 4 20 22 6 12 17 18 30 11 13 27 7 25 15 2 26 19 
6 21 30 11 29 25 2 16 14 7 26 5 9 24 22 1 17 20 10 13 18 23 4 15 8 27 19 12 28 3 
14 5 7 3 11 16 22 12 23 24 18 13 30 1 17 20 21 27 8 19 15 10 25 9 29 2 26 6 28 4 
22 2 16 17 10 14 7 8 15 28 6 27 23 21 11 4 5 25 1 3 9 19 26 12 29 13 20 18 30 24 
2 17 24 15 30 16 6 11 7 3 27 21 14 28 5 23 9 19 8 4 20 13 26 29 25 1 10 18 22 12 
11 25 27 9 6 17 2 23 7 14 3 1 22 18 20 26 21 19 4 24 12 29 16 28 15 30 5 10 13 8 
14 20 6 8 25 9 30 7 12 3 13 5 22 15 24 21 16 17 4 19 2 23 27 29 18 1 10 11 26 28 
3 5 12 10 30 11 2 18 24 13 14 28 9 26 4 16 19 8 7 27 6 29 15 21 25 17 22 20 23 1 
19 8 2 3 7 14 23 25 26 18 17 4 1 30 11 15 27 5 20 16 24 21 12 22 13 28 6 29 10 9 
27 21 19 13 1 25 4 6 17 8 18 9 3 26 2 28 12 24 20 7 29 14 11 10 22 16 23 5 15 30 
25 20 19 27 26 7 2 4 24 10 30 9 17 3 15 16 23 21 1 8 11 6 22 18 12 29 14 13 28 5 
19 15 11 3 18 9 29 14 24 2 28 26 30 12 13 5 8 22 1 23 21 20 27 4 7 17 25 10 16 6 
21 6 23 12 13 22 11 26 16 1 29 9 14 2 5 3 18 28 8 24 19 20 15 25 7 27 30 10 17 4 
3 4 11 2 26 9 15 5 21 1 19 14 10 6 27 12 8 20 18 23 28 22 16 29 25 13 24 7 17 30 
17 19 14 16 18 21 24 25 28 11 5 1 7 6 2 8 27 13 20 10 3 29 9 15 4 26 12 23 22 30 
17 13 27 16 3 26 9 4 8 1 7 2 23 30 25 28 18 22 29 12 19 11 14 10 15 5 21 20 6 24 
2 30 28 10 11 25 16 19 21 7 18 14 8 12 23 24 17 5 22 26 13 20 9 29 4 15 3 27 6 1 
6 8 14 17 16 20 5 1 15 4 18 21 22 28 27 7 30 13 10 26 2 23 9 3 11 29 19 24 25 12 
20 26 23 13 21 28 11 25 9 27 3 22 29 8 12 10 24 30 19 15 14 2 4 7 16 6 1 17 18 5 
16 20 7 15 5 4 13 10 11 8 6 22 21 29 27 23 14 24 25 18 30 17 2 1 12 9 3 28 26 19 
3 20 9 27 28 11 18 21 7 8 16 19 10 1 17 6 25 24 30 26 5 23 13 14 22 29 2 15 4 12 
10 21 30 4 8 12 6 27 1 28 20 17 25 16 22 7 14 2 19 9 26 29 13 24 11 23 18 5 15 3 
29 5 18 4 24 6 11 23 30 21 1 2 22 15 27 17 16 14 13 3 26 19 9 12 25 10 8 20 7 28 
9 16 12 3 19 27 29 25 6 1 8 20 26 4 2 23 14 28 17 13 10 22 24 21 15 11 18 5 30 7 
10 2 22 5 14 6 29 16 11 9 19 8 17 18 21 25 24 23 7 13 15 26 12 1 30 3 4 28 20 27 
20 27
12 21
9 27
21 26
2 8
15 30
10 19
21 29
5 14
8 30
14 27
3 18
16 22
18 28
3 19
9 17
4 21
2 24
27 28
5 8
7 9
