30 30 21
15 12 9 5 30 11 18 13 17 4 10 25 19 26 21 28 29 6 2 16 8 24 3 1 7 27 22 20 23 14 
27 30 15 17 20 21 29 8 24 22 9 18 13 2 3 16 10 19 23 14 1 11 12 6 7 28 25 5 4 26 
2 26 25 12 6 28 13 24 20 18 16 17 29 7 1 11 19 10 30 23 14 21 27 8 5 3 15 22 4 9 
27 30 4 6 15 10 8 13 29 11 9 7 28 1 14 20 19 3 12 24 2 16 22 5 18 23 21 17 26 25 
15 14 29 20 12 21 11 4 16 30 19 27 10 8 18 23 5 25 26 17 3 9 24 22 1 28 13 2 7 6 
28 8 12 19 1 11 5 22 10 24 18 6 3 13 17 16 7 9 14 4 23 15 2 30 21 20 26 27 25 29 
17 25 6 11 2 5 8 7 4 27 22 29 16 24 23 20 19 14 30 3 1 21 10 18 13 9 28 15 26 12 
13 2 20 11 30 10 29 12 3 16 19 8 26 28 27 6 24 4 9 15 21 14 1 25 23 22 18 17 5 7 
6 22 23 17 18 7 12 11 14 5 24 29 9 8 15 4 30 28 16 26 21 19 10 20 2 13 1 27 3 25 
1 2 11 4 14 21 24 30 6 23 20 3 19 8 29 7 9 22 25 12 18 28 26 15 27 13 17 16 5 10 
3 27 5 16 18 24 28 21 20 22 19 13 2 4 6 7 11 17 8 15 10 29 9 23 25 26 12 14 30 1 
3 14 4 11 23 13 20 22 8 21 26 29 12 10 24 27 15 18 19 6 2 1 5 9 17 28 25 30 16 7 
14 16 2 3 1 17 19 15 20 22 5 6 4 12 27 28 25 29 23 7 18 13 11 26 8 24 30 21 10 9 
10 3 16 23 30 25 9 17 27 6 21 18 1 7 26 5 19 20 14 22 2 11 13 29 28 12 4 24 8 15 
12 26 3 16 8 11 28 19 23 30 27 5 25 7 20 24 4 18 22 17 2 1 9 6 29 13 21 10 15 14 
17 2 3 14 27 7 13 29 28 15 1 8 25 5 16 4 18 26 9 22 30 19 23 10 20 24 21 12 6 11 
22 29 16 30 28 17 5 27 23 12 3 21 26 13 10 11 14 2 9 1 18 7 20 25 19 8 6 4 24 15 
6 15 20 25 27 13 24 17 5 28 14 23 29 1 21 19 26 8 3 4 2 18 22 30 12 16 7 9 10 11 
2 15 11 14 23 10 13 8 17 26 30 1 22 18 25 21 19 29 9 20 28 7 27 6 16 3 12 5 4 24 
10 18 11 16 1 20 28 13 5 12 9 6 22 26 21 30 14 2 23 8 4 19 3 29 7 24 17 27 25 15 
19 12 25 20 18 11 8 5 17 22 24 14 27 13 1 2 10 30 4 26 21 15 7 28 3 29 16 23 9 6 
29 20 2 9 23 13 1 28 24 17 14 10 16 11 21 27 4 18 8 3 6 7 30 22 25 26 5 19 12 15 
19 28 3 8 22 7 30 10 9 23 14 21 6 1 5 4 15 13 29 2 27 26 16 17 12 20 24 11 18 25 
11 16 15 8 13 10 21 28 20 4 12 25 22 17 1 29 18 19 3 14 30 24 2 23 27 9 5 6 7 26 
7 9 23 22 13 10 30 17 26 19 20 3 14 5 18 16 8 15 1 4 28 27 12 24 11 29 2 6 25 21 
19 4 5 14 11 1 7 22 16 24 26 29 30 13 9 27 28 3 25 8 21 6 20 15 12 2 10 23 17 18 
7 3 16 5 1 13 21 30 4 27 2 23 25 24 12 15 9 18 8 29 6 14 26 20 28 17 10 19 11 22 
23 12 28 13 18 30 7 24 27 1 14 29 21 20 11 8 10 25 4 26 19 15 3 2 16 17 5 9 6 22 
29 19 13 18 26 7 10 12 24 4 23 28 11 14 27 8 17 25 2 3 5 30 20 6 1 16 21 22 9 15 
23 12 1 21 10 19 18 29 7 26 13 2 27 20 16 17 25 6 30 15 11 3 9 8 28 22 4 5 14 24 
2 29
6 18
11 17
3 5
8 19
1 26
10 13
1 16
16 28
10 21
10 14
14 15
18 19
3 6
3 9
17 26
7 17
13 20
18 30
14 23
11 13
