35 35 59
8 30 21 7 5 32 23 11 16 10 1 3 18 26 22 35 2 29 13 6 9 24 12 33 28 19 25 14 20 27 15 34 17 4 31 
16 21 5 10 6 13 14 23 18 11 27 7 30 17 19 29 9 25 31 26 22 12 3 32 28 15 4 2 8 24 33 34 20 1 35 
14 23 19 13 33 15 10 4 35 34 22 28 16 17 25 5 2 26 21 18 24 30 20 3 32 7 1 6 11 31 27 12 8 29 9 
34 18 26 19 28 31 11 5 33 2 12 3 4 23 8 27 15 25 10 13 16 29 32 1 14 7 21 30 20 22 9 35 17 24 6 
21 9 28 2 4 15 31 1 18 13 32 3 16 14 7 5 33 20 19 26 12 24 35 10 34 23 6 27 25 22 8 30 17 29 11 
18 10 31 15 12 29 23 17 16 21 20 30 6 24 2 33 13 22 9 35 26 11 27 8 7 34 25 1 28 32 3 19 4 5 14 
25 30 24 1 16 33 7 2 4 12 23 13 34 22 21 8 32 35 6 29 19 31 14 18 28 9 15 27 10 3 5 20 11 26 17 
35 34 1 9 30 10 2 4 15 7 13 28 27 16 6 23 3 19 33 8 18 25 21 14 12 5 26 31 20 32 24 29 22 17 11 
2 33 6 7 32 13 12 24 17 14 27 22 3 5 8 4 26 28 1 30 25 15 20 23 29 18 21 16 10 35 9 34 31 19 11 
34 24 20 3 30 1 11 27 22 4 23 19 13 25 18 7 21 26 33 9 32 29 15 2 6 16 31 14 12 10 35 17 5 28 8 
30 9 4 12 25 10 11 8 34 23 21 16 33 18 20 32 19 14 29 13 26 22 17 24 5 28 27 15 35 3 1 2 31 7 6 
16 30 26 14 10 2 4 13 1 20 22 9 35 21 6 17 27 32 19 12 5 33 31 7 3 29 25 23 34 18 28 8 24 15 11 
13 24 35 34 12 26 20 31 23 22 29 11 16 8 14 27 19 18 5 32 2 25 4 30 7 21 33 9 10 17 3 6 1 28 15 
1 15 35 27 2 23 13 29 19 8 14 28 3 5 26 33 21 18 12 11 6 24 10 25 4 7 31 9 22 16 17 30 32 34 20 
18 28 29 13 23 32 35 21 22 7 19 5 15 33 16 10 27 31 11 17 3 1 2 6 30 24 14 20 9 25 26 4 34 8 12 
17 10 12 35 2 30 11 26 15 32 31 29 20 5 16 28 8 27 1 33 13 34 6 25 7 23 24 3 9 22 18 21 4 19 14 
32 27 33 19 10 20 28 31 18 5 1 16 29 17 35 22 30 26 8 12 15 2 3 9 24 13 6 11 14 34 7 25 4 23 21 
7 35 5 6 24 21 26 17 11 31 1 12 23 22 30 14 3 8 32 15 13 34 16 4 9 18 20 33 19 2 27 10 29 25 28 
16 5 31 2 9 13 29 27 15 32 11 3 12 21 35 26 33 14 4 10 24 23 17 1 28 19 30 22 34 20 8 6 7 25 18 
13 3 16 21 2 14 15 7 6 11 34 29 20 32 25 24 33 30 4 23 31 22 5 27 19 9 18 12 17 26 8 35 1 10 28 
21 16 5 22 9 6 32 18 23 15 25 33 10 8 20 19 4 28 12 35 34 30 1 2 17 13 31 7 24 29 27 3 14 11 26 
26 11 10 22 4 12 33 31 30 35 20 23 2 19 9 1 24 8 17 32 16 18 27 6 5 13 25 3 21 7 14 28 15 29 34 
34 15 21 31 8 10 32 14 1 23 4 33 25 11 17 13 2 3 18 35 20 7 29 27 30 24 12 26 5 19 6 9 16 28 22 
2 4 34 22 19 5 7 25 30 33 16 10 21 31 12 32 14 23 9 8 15 6 28 3 11 29 24 13 35 17 18 27 1 20 26 
26 8 35 16 19 30 9 12 7 15 4 20 10 11 33 13 14 5 23 21 25 29 28 27 17 1 22 18 24 3 34 32 31 6 2 
32 3 33 9 14 25 24 17 20 30 11 8 13 12 18 26 28 22 15 31 35 1 29 2 21 27 6 16 7 19 10 23 34 5 4 
2 22 14 6 9 18 23 11 21 20 34 33 31 19 3 5 35 7 12 8 32 16 28 13 10 26 29 1 27 24 25 4 15 30 17 
11 30 8 21 19 22 14 17 12 6 18 28 23 33 29 32 2 9 5 25 35 34 10 15 3 24 20 1 26 7 31 27 4 16 13 
4 12 20 33 31 28 10 18 1 3 23 24 26 21 30 14 2 8 27 16 35 11 7 22 15 34 13 25 32 9 6 29 17 19 5 
26 14 17 27 2 5 25 22 28 10 13 12 33 7 6 29 11 35 19 30 4 31 23 16 34 32 18 21 20 15 9 24 3 8 1 
22 24 34 11 13 4 29 33 25 27 3 23 6 1 28 21 14 30 19 17 32 5 16 20 2 15 12 9 26 35 31 7 10 18 8 
32 6 33 17 27 25 19 11 5 29 1 9 14 23 2 18 13 28 24 15 35 26 22 4 12 34 16 30 7 31 8 21 10 3 20 
33 22 8 26 17 19 24 34 30 28 14 6 13 11 4 1 29 35 20 27 16 3 25 23 31 21 15 12 32 10 2 7 9 5 18 
18 33 24 11 1 12 20 34 14 21 3 32 8 29 16 17 4 7 35 2 15 28 23 13 10 26 6 27 5 25 31 30 22 19 9 
26 22 13 3 17 14 15 23 1 8 31 11 30 27 10 18 20 24 2 6 25 16 19 34 7 5 35 4 12 28 21 29 32 9 33 
1 34
9 26
12 27
20 34
13 26
1 17
24 26
17 34
7 16
23 32
1 20
6 14
16 17
23 30
6 7
4 19
19 29
22 27
3 10
2 30
7 24
3 31
9 11
13 29
3 16
11 18
12 34
4 10
18 35
5 11
6 11
15 25
20 31
24 28
1 4
23 34
19 24
29 33
18 28
11 12
8 26
10 28
7 9
4 29
9 13
12 15
4 15
16 34
10 25
9 23
4 26
3 18
13 18
28 33
14 21
13 31
1 30
9 12
22 30
