35 35 59
26 25 16 31 5 2 4 35 15 17 6 18 33 7 29 20 3 10 14 23 9 27 11 24 21 13 22 32 28 19 8 1 30 34 12 
25 22 15 18 19 8 12 27 21 11 17 28 20 32 34 31 16 33 4 5 10 7 9 3 23 13 29 24 1 14 6 30 2 35 26 
19 6 11 4 31 25 14 27 18 21 10 17 26 15 34 24 13 32 7 35 8 22 5 9 30 29 28 33 12 1 23 2 20 3 16 
17 27 34 25 26 22 1 6 23 7 5 21 35 20 2 19 9 30 33 14 32 28 12 16 13 4 11 31 8 18 15 10 3 29 24 
17 18 10 26 2 32 16 4 19 31 22 29 34 14 28 11 8 7 5 21 35 27 25 33 3 6 13 30 20 9 12 1 24 23 15 
24 32 1 15 7 12 22 10 35 9 30 4 6 21 33 23 29 26 2 14 19 31 18 20 3 17 5 8 11 28 16 25 34 13 27 
28 23 4 27 24 11 20 32 12 6 30 15 18 33 25 14 17 26 29 22 31 19 16 21 3 1 7 9 2 35 5 10 13 34 8 
18 8 13 35 11 32 4 20 12 17 14 1 34 22 31 25 26 16 7 29 19 3 21 5 24 30 6 27 15 9 23 28 33 2 10 
13 23 14 15 9 2 6 34 31 28 12 24 25 35 4 5 20 8 1 30 21 18 19 29 32 10 7 3 26 27 33 11 22 17 16 
20 27 18 11 19 33 23 26 15 5 30 17 32 25 13 8 12 2 9 4 22 6 16 10 21 1 24 14 31 35 3 29 28 34 7 
2 8 17 25 15 27 9 4 3 5 16 23 11 6 21 31 13 28 30 7 32 20 29 19 33 22 1 34 12 18 10 24 26 35 14 
35 8 27 20 13 21 5 11 19 14 26 34 16 28 31 18 9 1 30 25 22 4 32 24 3 29 6 23 12 17 15 10 7 33 2 
24 9 29 22 6 23 27 19 30 35 32 7 10 15 4 25 11 1 21 3 2 8 26 34 31 33 28 12 16 14 5 18 20 17 13 
24 30 3 34 18 25 32 29 4 12 14 33 20 1 21 22 23 11 6 15 7 27 8 2 10 16 28 9 19 35 13 26 31 5 17 
24 4 3 22 26 28 27 23 2 16 13 32 12 11 20 8 14 6 19 29 18 10 30 31 9 34 17 33 15 21 25 5 35 1 7 
17 4 1 35 13 6 14 29 25 19 2 22 11 26 5 12 3 18 24 33 16 28 21 34 9 31 15 23 20 32 7 27 8 30 10 
34 33 25 10 5 2 26 28 27 13 32 11 17 24 7 12 29 19 4 15 35 3 31 14 1 16 20 18 6 22 30 21 8 23 9 
10 32 3 25 8 7 20 15 34 6 13 9 21 30 18 31 22 28 35 4 16 19 24 29 23 14 26 5 27 1 12 17 11 33 2 
17 22 26 27 31 21 3 14 24 9 33 8 11 28 29 7 12 15 34 2 19 1 25 4 5 18 10 32 20 13 30 35 6 16 23 
7 19 1 29 2 24 10 27 13 9 30 16 18 17 3 14 4 33 25 11 15 35 34 12 21 8 22 6 32 26 5 23 20 31 28 
28 34 17 18 22 21 20 3 14 1 13 8 19 4 33 16 6 35 5 9 25 2 15 29 32 31 7 26 24 27 23 30 12 10 11 
19 9 17 4 5 16 11 22 7 14 25 35 10 8 29 31 18 30 12 3 23 20 27 1 21 28 2 6 34 32 24 26 33 13 15 
25 18 35 12 31 5 4 23 7 10 21 19 33 2 34 22 9 15 32 28 24 6 16 29 27 26 3 20 17 14 30 1 13 11 8 
10 8 25 1 2 18 13 29 27 33 9 32 16 7 14 30 5 19 22 3 6 23 12 4 26 24 34 11 20 17 28 35 21 15 31 
4 33 11 23 22 29 20 17 19 7 27 10 24 8 9 34 2 16 13 30 5 3 26 28 32 14 21 1 35 25 31 18 15 6 12 
8 21 10 3 6 23 4 27 11 12 2 18 33 35 34 1 13 5 31 16 19 17 14 22 9 26 25 15 28 32 30 29 20 24 7 
12 6 32 29 14 9 27 24 33 3 15 11 2 10 4 18 19 26 28 5 1 34 20 31 35 23 8 13 21 30 16 25 7 22 17 
25 2 10 29 13 19 12 31 6 4 33 7 20 16 8 23 30 27 22 15 24 3 28 1 26 35 14 18 32 9 21 17 11 5 34 
17 25 29 18 3 6 22 11 1 23 16 12 27 13 10 31 32 24 7 26 34 20 33 2 35 4 14 28 15 30 21 9 8 5 19 
9 23 25 33 7 34 13 17 11 5 15 8 6 1 20 29 3 27 28 35 22 24 16 19 18 10 2 21 4 26 31 30 12 14 32 
15 13 7 4 34 16 9 5 1 12 3 10 35 2 21 32 30 22 31 18 27 23 17 11 25 29 19 20 33 14 6 8 28 26 24 
4 29 32 12 3 21 34 31 11 6 35 27 14 22 24 15 26 2 18 17 28 20 13 33 9 8 30 19 23 16 25 5 10 7 1 
34 35 14 15 4 27 7 17 28 20 1 24 10 26 18 9 16 30 31 2 29 13 19 8 6 22 25 3 11 32 5 23 12 33 21 
24 27 23 15 29 17 19 31 20 3 34 16 1 33 26 32 4 13 6 21 11 28 18 35 14 10 30 2 9 8 12 25 7 22 5 
14 24 31 18 35 16 30 5 12 2 7 19 28 34 15 3 10 20 13 27 32 4 25 21 1 29 11 23 26 6 22 9 33 17 8 
13 22
1 34
14 17
7 21
22 23
5 19
8 9
18 19
6 24
29 35
8 28
7 11
9 18
3 17
27 29
7 33
16 29
9 28
14 27
2 13
29 34
4 24
1 10
19 32
9 24
20 27
23 25
27 32
8 25
6 18
13 24
13 35
6 33
30 34
21 30
19 24
11 26
12 18
5 21
25 34
10 32
6 26
12 35
1 22
4 6
18 25
2 28
24 29
30 35
14 25
20 24
9 23
3 8
24 25
1 8
20 28
10 33
4 21
22 32
