35 35 29
33 32 2 30 24 8 4 15 14 13 29 18 3 1 20 26 21 7 16 17 34 22 6 19 28 11 5 9 23 27 12 35 10 31 25 
18 4 25 20 29 26 3 10 2 7 9 31 17 14 21 22 11 30 23 15 32 24 35 6 34 16 28 19 12 13 33 5 27 8 1 
1 6 29 12 33 21 16 19 31 35 9 20 34 15 5 27 28 23 26 3 11 4 14 32 17 7 8 13 24 18 10 2 25 30 22 
32 15 11 14 20 6 10 31 28 17 4 19 5 18 12 21 23 9 27 13 35 24 26 25 3 29 34 22 16 1 30 2 33 8 7 
30 6 20 18 29 34 11 16 33 27 22 26 25 23 21 17 12 32 8 35 31 10 19 24 15 5 9 2 7 1 28 4 3 14 13 
32 15 22 5 7 17 28 19 12 26 23 16 31 13 35 14 34 2 25 18 6 9 21 11 4 24 20 8 29 30 1 33 27 10 3 
24 20 15 4 1 22 21 8 5 31 30 18 2 35 12 9 6 11 7 16 26 23 33 13 19 28 29 25 34 14 32 10 17 3 27 
20 13 18 11 23 9 2 22 29 14 26 10 27 12 19 17 24 4 6 31 21 35 30 3 5 16 1 28 7 32 15 33 8 34 25 
5 29 1 26 23 28 34 20 27 3 6 33 32 12 19 18 11 21 8 17 16 4 14 35 31 7 22 15 13 9 2 25 24 10 30 
4 26 31 35 21 12 22 19 24 7 11 9 13 3 16 17 14 20 15 27 34 25 32 10 29 8 30 1 6 2 5 33 18 23 28 
20 30 33 19 13 14 5 18 15 28 12 9 35 34 1 6 8 27 17 7 2 10 22 29 4 32 23 11 26 3 24 31 25 21 16 
25 29 18 22 4 28 12 34 2 27 16 13 8 17 14 24 20 33 19 9 21 35 11 10 15 5 7 6 32 30 3 1 26 31 23 
2 26 24 32 23 25 12 16 29 4 3 34 33 5 35 17 31 13 7 1 30 15 9 20 11 19 10 27 28 14 6 21 18 8 22 
30 32 22 6 1 14 24 23 20 8 12 5 2 11 16 13 15 35 34 10 17 27 26 33 28 9 3 31 7 25 19 18 29 21 4 
31 26 28 35 2 25 8 30 16 13 5 21 27 17 23 4 9 12 34 33 24 15 32 3 22 29 14 7 6 1 10 19 11 18 20 
3 8 14 6 32 21 13 7 31 34 19 27 29 17 15 12 18 10 4 25 9 33 1 24 16 5 30 2 23 11 28 20 26 22 35 
34 29 23 17 8 7 1 12 10 3 9 13 15 33 11 2 14 6 26 5 30 27 18 35 32 24 22 21 25 19 4 31 20 28 16 
12 24 25 33 18 22 11 16 4 32 34 9 28 13 6 1 5 26 35 19 29 21 30 2 10 27 7 23 3 8 31 15 14 17 20 
25 18 21 29 34 22 24 26 32 17 27 7 3 1 20 13 6 19 11 5 33 35 10 15 4 12 30 2 8 14 28 31 9 23 16 
35 6 4 18 16 5 7 17 9 21 24 1 23 32 30 15 25 12 10 20 13 27 22 29 34 33 3 14 19 31 28 2 11 26 8 
23 3 20 7 30 28 22 6 11 19 13 14 1 35 21 29 8 15 12 24 9 25 33 18 10 2 16 17 5 32 27 34 4 26 31 
3 9 26 14 21 11 5 10 27 29 13 7 24 23 31 32 12 19 35 33 6 16 17 18 25 2 1 8 34 20 28 30 4 22 15 
28 8 22 12 1 14 25 16 35 6 21 7 3 32 9 30 15 33 13 2 4 5 26 23 11 18 34 29 10 27 17 19 31 24 20 
28 9 32 24 18 8 17 23 16 11 10 22 12 14 26 34 20 3 6 19 21 27 31 35 29 2 33 13 30 4 5 7 25 1 15 
34 26 25 17 30 4 8 12 27 19 14 13 7 10 2 22 20 18 29 23 1 5 15 16 33 3 11 21 32 24 28 9 31 35 6 
5 12 17 18 21 19 28 30 2 20 10 1 4 15 8 13 11 24 6 32 25 7 23 3 35 22 33 31 34 27 9 16 14 26 29 
28 29 24 4 25 8 1 9 19 6 20 35 11 31 23 12 27 16 7 5 30 34 22 33 17 3 21 10 14 18 2 32 15 26 13 
19 26 29 27 34 5 25 7 14 8 1 16 18 9 31 13 6 10 33 35 24 32 21 11 28 4 23 15 20 17 3 22 12 2 30 
15 33 21 25 2 24 9 18 32 3 12 13 27 14 7 4 8 26 22 17 31 30 28 23 1 16 10 34 5 6 29 35 19 20 11 
29 11 7 1 17 28 25 22 10 21 5 19 30 14 9 4 26 2 13 20 33 3 32 23 31 27 15 35 24 16 18 6 34 12 8 
2 10 8 22 15 26 18 3 30 24 1 4 17 11 19 21 35 33 32 5 13 9 16 14 29 7 27 25 23 12 31 28 20 34 6 
4 31 19 6 18 16 32 1 27 7 21 34 23 33 13 11 20 15 5 24 29 8 22 30 14 17 28 9 26 12 2 10 35 25 3 
32 10 6 15 7 14 30 22 13 21 12 20 35 18 8 5 11 19 2 27 17 1 28 4 31 16 9 25 29 23 3 34 33 24 26 
31 20 27 13 1 30 3 15 18 33 11 32 23 6 25 24 8 16 17 12 26 28 35 19 29 10 34 5 9 21 22 7 4 2 14 
21 27 32 35 19 8 17 11 16 30 20 10 22 5 24 6 3 1 33 4 25 18 7 26 15 29 23 2 31 14 13 9 28 12 34 
6 9
14 17
10 11
3 35
18 22
13 30
31 32
18 34
20 21
1 14
6 25
4 24
1 10
10 22
25 35
1 24
18 35
20 22
14 19
1 4
9 16
17 22
6 23
4 25
11 21
6 26
3 12
2 11
21 29
