35 35 29
15 26 18 5 27 28 17 6 8 35 14 1 11 20 22 13 23 31 2 21 24 16 34 32 9 3 33 10 4 12 30 7 19 25 29 
10 35 4 24 34 1 27 9 3 18 7 25 11 12 32 33 8 29 2 16 22 26 31 14 5 6 17 23 13 20 28 21 15 30 19 
25 2 8 11 4 16 15 12 1 3 14 6 33 5 21 29 20 7 22 34 35 30 23 24 32 18 31 19 10 13 27 28 17 9 26 
34 16 17 30 32 9 8 18 24 10 15 25 33 19 2 21 28 26 11 12 22 5 35 20 6 27 14 31 23 7 3 1 29 13 4 
3 29 27 21 17 16 11 28 12 6 22 7 10 13 34 32 9 23 14 25 24 30 8 5 20 33 31 4 1 15 2 19 26 18 35 
2 33 18 15 9 10 24 23 5 6 8 17 21 1 20 13 26 35 14 11 30 31 12 25 19 32 29 34 7 28 3 27 22 16 4 
15 3 17 9 20 21 10 14 2 29 22 24 18 1 26 19 31 27 34 5 8 13 23 11 4 12 6 35 33 32 28 16 7 30 25 
8 2 25 18 33 24 27 22 28 34 3 6 4 29 5 11 26 35 23 7 21 1 15 17 12 16 30 10 13 31 9 14 32 19 20 
16 26 20 12 7 21 19 35 14 3 13 17 29 1 25 23 18 11 5 2 8 9 31 34 30 10 4 27 24 15 22 32 33 6 28 
16 13 7 18 35 24 32 26 20 14 2 12 25 22 9 34 30 3 21 29 28 23 17 6 33 5 1 10 8 31 27 15 11 4 19 
14 28 23 8 5 9 16 33 15 26 25 35 7 18 27 30 13 24 17 34 29 11 20 31 6 3 12 1 22 2 10 19 4 21 32 
32 11 23 18 12 30 27 26 24 3 16 34 17 21 6 28 4 14 9 33 19 29 25 13 10 35 2 5 22 7 8 20 1 31 15 
35 33 15 26 19 4 5 9 17 32 30 3 7 1 22 14 16 12 11 27 8 2 20 23 24 13 28 10 6 31 21 29 34 18 25 
26 5 27 3 9 12 25 31 28 24 34 16 32 6 4 29 21 18 14 2 30 13 11 33 7 15 10 8 1 20 17 35 22 19 23 
35 8 17 15 27 11 20 22 3 9 5 32 16 31 12 23 1 2 7 28 24 19 30 4 14 29 21 26 34 6 33 13 25 10 18 
22 9 1 18 10 16 27 4 30 12 2 24 15 31 29 21 25 33 5 7 20 32 23 14 3 6 28 19 34 13 26 8 11 35 17 
27 3 23 24 19 13 29 31 20 5 11 21 9 1 4 33 6 2 8 10 32 26 15 25 14 34 22 7 17 30 12 16 35 18 28 
2 4 31 22 3 15 21 35 30 19 8 32 9 33 17 28 11 34 5 27 23 18 14 24 7 29 6 25 10 13 12 1 20 16 26 
2 29 31 5 1 17 23 3 28 16 21 34 10 7 30 25 32 27 19 22 35 14 9 12 26 20 4 11 33 15 13 24 8 6 18 
2 33 27 35 34 22 16 21 3 31 18 26 11 23 13 4 17 30 20 8 10 24 6 15 32 7 28 25 14 9 19 29 5 12 1 
9 6 24 23 19 3 26 11 4 32 15 17 2 13 29 33 20 18 28 12 1 27 31 7 22 21 35 30 34 14 25 5 10 8 16 
17 26 22 35 24 34 29 11 21 31 14 13 20 23 7 18 5 2 9 1 4 25 30 6 8 33 28 15 10 16 3 12 19 27 32 
6 33 30 35 23 5 20 28 4 14 12 2 10 34 19 25 11 31 21 22 1 3 15 13 32 8 7 29 24 27 9 17 18 26 16 
30 22 11 4 14 6 20 27 25 29 13 28 9 24 7 23 21 3 17 2 5 15 26 32 19 18 34 16 31 33 35 8 1 10 12 
17 30 28 22 23 32 3 8 27 20 4 35 5 2 7 33 11 29 21 14 15 6 25 31 12 1 26 34 13 24 18 10 9 19 16 
33 17 10 14 12 18 8 35 23 24 29 26 25 2 22 11 19 28 5 30 27 15 34 4 31 3 32 1 6 16 20 21 13 7 9 
8 10 32 14 18 26 12 20 4 33 35 23 19 28 25 16 27 2 31 17 34 9 13 5 3 7 22 24 21 1 6 29 30 11 15 
1 29 7 2 16 12 15 33 14 9 6 34 31 35 28 13 18 21 17 3 4 20 25 27 19 8 30 23 5 22 32 26 24 11 10 
6 12 5 23 4 20 25 21 3 35 32 13 27 8 30 16 11 24 15 29 26 10 19 22 17 28 31 2 33 1 7 34 14 18 9 
23 12 29 20 24 8 9 15 11 2 3 16 10 6 27 1 31 18 22 33 5 28 7 35 17 26 21 4 34 25 14 13 19 32 30 
31 23 24 21 9 8 20 22 30 35 10 1 29 26 6 14 32 25 17 12 11 4 27 28 16 13 15 19 3 18 5 34 7 33 2 
7 11 25 19 26 4 18 21 3 13 29 5 28 30 12 9 27 14 32 35 2 8 15 34 23 22 17 16 6 24 31 10 20 33 1 
6 11 19 5 3 20 17 30 21 27 34 9 31 1 26 4 12 33 23 28 16 25 14 13 15 24 22 2 18 29 35 7 8 32 10 
31 4 27 34 20 11 8 7 25 2 15 13 16 12 28 21 23 24 14 33 5 30 32 18 22 35 6 26 3 9 10 29 17 1 19 
33 13 15 20 22 10 12 32 16 23 35 34 18 26 27 3 30 4 6 9 1 5 2 11 31 7 25 14 19 28 29 24 17 21 8 
3 15
28 29
6 28
6 35
28 34
8 19
3 28
19 22
5 32
1 11
15 26
2 19
22 27
6 18
13 35
20 31
30 34
2 10
5 21
9 31
27 31
10 32
2 7
22 25
8 22
5 7
10 25
19 23
4 30
