35 35 59
7 25 15 31 16 12 17 32 4 27 8 6 33 28 3 11 5 10 34 35 26 9 24 1 14 29 30 18 23 2 19 21 20 22 13 
25 34 29 10 1 4 6 16 35 32 30 11 33 2 20 23 31 14 5 15 17 12 18 24 27 22 7 9 28 8 21 3 19 26 13 
19 11 3 35 32 13 21 12 26 27 30 22 23 4 15 8 17 20 28 6 25 14 24 31 10 18 33 1 34 5 29 9 7 16 2 
7 32 31 33 12 21 23 20 10 8 35 6 17 30 26 27 2 24 14 34 11 4 1 13 18 19 16 22 29 3 9 28 25 15 5 
33 3 7 20 28 32 22 2 8 17 26 19 11 29 31 15 23 30 14 10 6 4 24 13 27 18 5 21 16 34 25 35 12 9 1 
7 20 29 8 19 26 4 34 10 30 23 17 32 22 3 5 28 12 14 27 21 13 6 35 25 9 33 1 11 16 18 15 31 24 2 
25 31 1 5 32 21 10 20 13 18 26 19 6 17 34 24 2 35 28 12 15 33 7 14 27 4 30 29 9 22 11 23 8 16 3 
5 31 22 4 33 7 20 35 9 12 10 25 19 13 11 32 27 18 16 26 1 29 8 30 34 14 24 3 21 2 6 23 28 15 17 
7 5 14 3 6 19 29 9 25 24 33 2 30 12 4 23 13 10 34 35 26 22 1 20 11 28 8 32 17 16 15 31 27 21 18 
6 33 7 2 11 31 9 12 22 15 27 18 26 8 13 19 23 10 25 5 16 1 3 29 20 34 35 14 28 32 24 30 17 21 4 
6 13 9 11 3 5 35 23 33 17 7 2 15 27 29 25 19 10 4 30 20 34 31 28 22 14 18 24 1 12 8 32 21 26 16 
22 23 34 17 19 12 1 16 6 31 18 10 24 25 14 4 29 27 26 21 2 13 20 7 8 5 15 30 3 35 28 32 11 33 9 
3 16 13 26 12 24 25 35 7 10 15 5 1 4 23 34 8 22 19 21 17 20 31 11 27 28 9 2 18 14 29 30 32 6 33 
22 24 4 14 19 30 6 11 21 10 25 28 18 8 35 33 29 27 13 7 12 20 32 15 34 31 23 1 3 17 2 9 26 5 16 
1 28 34 14 6 8 25 26 22 17 10 27 9 2 35 24 7 32 31 12 20 13 21 23 11 18 16 5 4 3 30 29 33 19 15 
15 10 9 19 20 14 3 23 26 33 24 18 22 17 13 30 8 4 12 32 2 29 25 11 27 28 1 34 35 5 7 21 6 16 31 
34 26 14 8 4 18 32 2 30 19 21 27 15 13 16 12 33 10 9 11 22 23 7 20 31 17 29 3 5 25 24 28 6 35 1 
9 6 33 34 16 15 2 29 23 1 3 25 4 10 30 13 7 8 32 11 35 20 28 14 24 17 22 12 31 18 19 26 5 21 27 
21 7 1 3 9 15 10 35 8 5 22 30 20 19 6 29 13 23 31 25 18 12 28 16 11 4 32 27 33 26 17 14 34 24 2 
14 8 13 35 25 18 2 24 26 16 22 3 19 33 4 12 10 30 31 5 29 27 7 9 34 15 21 1 17 20 11 6 28 32 23 
32 28 11 3 19 6 13 23 33 15 14 35 20 12 1 29 27 30 26 10 4 17 34 24 21 25 18 16 7 9 31 8 5 2 22 
34 3 2 24 11 21 30 31 20 28 22 4 23 12 5 33 18 14 8 35 9 26 6 27 19 7 13 17 1 10 29 16 25 15 32 
32 33 23 11 4 19 6 5 25 14 24 8 17 1 2 28 31 15 9 12 20 34 30 35 10 21 18 22 27 7 26 3 13 16 29 
24 19 20 23 9 35 6 32 21 30 31 13 11 27 8 17 10 7 1 26 28 29 16 18 15 25 4 22 33 2 3 5 12 14 34 
13 1 26 33 28 29 5 3 35 17 27 22 2 11 16 19 18 23 30 7 15 24 4 12 20 14 6 21 25 10 34 32 9 31 8 
2 3 22 20 19 26 35 18 16 33 24 14 6 29 9 4 23 12 34 13 5 10 27 17 11 8 1 28 31 15 7 30 25 21 32 
25 18 30 17 23 10 24 35 34 13 5 29 3 31 27 1 2 19 22 7 16 9 11 21 6 15 33 28 20 12 14 4 26 32 8 
7 19 24 33 10 11 9 1 30 17 21 22 28 34 5 15 35 16 12 27 4 14 13 2 26 25 20 31 29 18 23 8 3 6 32 
1 8 7 28 17 33 4 15 21 31 20 26 23 3 19 35 24 11 13 5 25 16 29 14 30 2 34 27 6 18 10 22 9 12 32 
20 27 14 34 33 15 9 31 10 19 26 13 1 17 7 2 35 5 30 21 28 18 22 29 16 8 24 32 12 11 3 25 6 4 23 
3 9 11 25 18 5 31 30 10 32 6 13 19 14 27 29 26 16 28 23 12 2 20 4 8 35 24 21 17 22 33 7 15 1 34 
7 18 29 31 9 15 25 22 13 14 5 20 26 8 2 10 6 17 30 35 33 3 12 34 4 19 16 1 32 24 11 21 23 28 27 
8 20 6 31 35 24 21 27 15 7 34 28 22 11 19 2 14 12 32 1 30 3 33 13 29 5 9 4 10 16 26 23 17 18 25 
9 11 35 3 33 17 25 4 5 34 27 16 32 18 13 20 28 24 21 22 31 29 7 23 14 1 2 30 19 15 8 12 6 10 26 
29 16 31 35 32 22 23 13 21 28 33 24 25 1 3 34 26 9 27 17 10 8 6 2 14 20 4 18 12 7 19 5 11 15 30 
8 13
20 25
21 28
26 35
3 11
3 21
20 29
14 33
12 31
22 33
3 17
6 17
3 14
2 26
13 32
12 20
7 15
2 9
7 33
12 13
24 27
21 34
17 33
8 20
2 23
10 18
16 32
21 31
9 24
10 31
12 34
13 24
15 34
24 28
21 33
4 16
11 26
3 9
7 31
12 22
14 29
1 31
25 28
2 17
7 35
5 10
4 6
6 8
20 24
9 35
10 25
6 20
1 8
17 35
13 18
14 32
27 34
13 31
21 24
