35 35 29
20 19 28 13 16 4 24 1 34 33 9 15 2 35 26 8 27 6 30 3 7 11 31 22 32 29 17 23 14 18 25 10 21 12 5 
6 32 8 22 3 16 20 1 19 27 15 7 10 13 9 29 5 18 12 28 34 26 11 17 2 31 21 35 23 14 4 24 30 33 25 
6 13 1 17 11 30 35 32 8 3 7 18 23 29 14 31 4 16 5 27 25 2 26 19 24 10 21 22 12 9 28 15 33 34 20 
33 16 5 8 35 11 15 29 32 28 1 22 18 12 25 10 6 26 23 27 2 13 17 9 21 3 34 24 7 31 14 4 19 20 30 
7 32 27 22 12 5 17 19 4 18 2 23 14 24 25 34 35 6 3 20 8 15 31 11 26 28 1 21 16 10 33 9 29 13 30 
14 4 27 1 2 30 33 3 24 18 12 35 23 13 25 6 8 22 17 29 11 9 10 31 19 5 32 20 26 21 34 7 16 15 28 
10 4 9 19 12 30 5 27 7 17 29 2 16 35 21 32 8 31 14 15 3 13 22 26 18 24 28 23 20 33 25 6 1 11 34 
22 34 18 27 11 14 32 29 3 13 9 20 10 30 28 8 6 33 2 23 16 15 1 26 21 31 25 17 24 7 35 19 4 5 12 
15 30 22 25 12 9 18 8 11 17 29 24 3 33 32 10 1 35 23 34 27 6 21 2 20 28 14 16 13 19 7 4 31 26 5 
13 22 10 5 34 7 26 32 21 17 16 35 33 4 2 3 20 30 25 15 28 19 1 14 8 27 9 23 24 6 11 18 29 31 12 
21 29 25 12 5 23 31 35 4 16 1 6 26 30 11 10 14 22 27 9 2 28 17 20 19 18 34 8 24 33 32 7 13 3 15 
21 16 14 1 19 7 3 33 15 4 8 20 29 12 34 35 22 26 17 31 9 13 24 18 11 28 6 32 25 5 23 30 10 27 2 
30 26 9 35 22 7 15 1 8 27 14 21 23 6 24 5 32 3 16 31 11 12 34 33 29 28 4 20 10 18 13 25 17 19 2 
13 9 32 10 6 4 27 35 3 17 25 30 31 34 18 12 2 28 14 16 15 8 1 19 29 23 26 7 22 11 5 21 20 24 33 
13 1 3 7 15 35 6 20 30 4 12 17 34 22 18 8 28 31 23 9 2 33 21 26 29 16 19 27 5 10 25 32 11 14 24 
15 13 24 19 7 23 22 28 18 25 3 6 2 16 21 31 4 8 11 20 9 35 10 27 32 17 1 34 5 33 30 14 26 29 12 
30 24 16 23 18 8 11 25 27 7 5 3 4 14 17 13 15 21 6 35 9 26 31 32 33 10 1 19 20 22 34 2 12 28 29 
10 13 1 6 14 22 24 17 4 18 15 25 7 34 31 16 21 26 11 9 23 35 27 20 3 29 19 28 8 30 32 5 33 12 2 
9 26 12 29 25 33 8 19 13 24 31 28 2 21 4 35 16 5 10 6 23 27 17 18 22 30 3 11 1 7 15 20 32 14 34 
5 20 22 6 18 24 35 13 26 17 11 12 3 27 9 34 31 10 4 28 19 32 29 15 21 2 30 33 7 8 23 14 16 25 1 
2 35 30 15 12 29 20 3 31 34 23 5 27 21 11 32 16 1 9 6 8 18 17 25 10 14 13 26 19 4 22 7 28 24 33 
9 17 27 11 30 6 26 22 7 25 3 19 32 20 15 2 28 10 13 12 1 24 33 18 5 29 4 8 35 34 31 23 16 14 21 
13 31 21 3 25 35 15 19 7 17 28 34 29 32 6 20 16 11 8 5 23 9 14 4 18 22 10 1 27 2 12 24 26 33 30 
32 2 30 35 24 6 8 3 17 20 14 22 28 23 26 9 1 15 21 19 31 25 34 16 33 5 29 4 13 18 27 10 12 11 7 
17 5 13 27 14 35 12 24 8 18 22 7 32 31 6 28 9 34 21 33 1 19 25 15 16 3 29 4 2 20 23 10 30 11 26 
35 25 5 9 4 29 33 23 1 21 2 11 17 20 16 13 8 24 30 12 26 31 28 6 34 10 7 15 19 3 14 32 27 22 18 
30 34 13 35 31 20 6 18 21 1 8 7 2 27 16 29 19 26 17 11 5 9 3 33 14 32 22 25 24 10 23 12 15 4 28 
13 23 25 5 28 12 34 31 18 26 7 1 19 21 17 10 33 8 11 16 2 30 15 20 3 14 32 29 35 22 27 6 9 4 24 
19 17 5 2 8 24 1 22 31 34 4 14 10 33 7 12 9 18 21 15 32 27 30 6 35 29 11 23 26 25 28 13 3 16 20 
17 30 33 7 10 29 8 28 26 16 9 21 2 14 5 3 24 11 4 23 22 13 20 25 15 1 19 35 12 32 18 34 27 6 31 
21 13 26 10 11 2 22 17 35 16 20 19 3 6 32 4 15 34 8 27 28 14 1 23 7 33 12 30 18 31 25 9 5 29 24 
17 35 12 26 13 24 20 18 19 9 16 34 30 33 31 23 10 7 15 32 27 4 8 28 21 2 1 25 22 6 14 29 11 5 3 
19 24 23 21 22 31 20 10 30 9 29 27 1 6 8 26 34 25 11 3 18 5 14 32 35 4 12 28 2 17 15 7 16 13 33 
32 19 30 9 14 21 20 11 5 7 22 3 35 25 18 28 12 13 33 31 15 4 29 23 6 2 17 16 24 10 8 34 1 26 27 
19 14 18 6 25 17 16 26 8 12 24 34 11 20 33 23 29 3 7 31 35 9 22 28 1 4 21 13 27 32 15 5 30 10 2 
9 22
9 25
6 14
30 33
1 16
7 19
5 25
1 32
10 22
19 28
8 33
17 32
21 23
5 24
16 23
7 22
2 7
21 25
18 32
8 12
3 32
23 28
8 31
3 8
17 21
3 18
11 20
11 15
27 34
