35 35 59
35 6 19 5 17 23 3 13 25 30 2 31 24 32 16 29 28 8 9 27 18 14 34 11 10 1 26 12 4 7 22 15 33 20 21 
28 25 5 9 15 29 14 8 6 10 7 35 31 26 17 1 19 32 23 34 18 11 21 33 3 2 27 22 13 4 20 24 12 30 16 
25 20 33 35 1 19 21 3 15 24 26 14 29 31 12 7 13 8 23 22 10 17 30 32 11 16 5 34 28 4 9 18 27 6 2 
19 21 23 30 24 16 29 5 7 14 28 12 33 13 1 18 26 27 8 35 20 32 6 11 4 15 25 3 34 9 22 2 31 17 10 
1 14 18 17 33 8 28 5 24 20 29 12 30 31 23 34 19 6 27 15 11 26 25 3 32 10 7 16 4 13 9 35 22 21 2 
7 28 1 32 2 14 12 31 19 16 25 15 9 26 6 17 11 33 27 35 10 34 30 23 20 4 3 13 29 24 21 22 18 8 5 
31 28 24 15 11 35 6 18 27 10 13 32 17 34 22 33 20 14 16 5 21 1 19 9 25 30 3 7 2 4 26 8 23 29 12 
35 12 2 8 22 23 27 30 32 11 14 31 33 34 4 9 10 15 29 25 3 21 16 17 26 28 1 18 24 7 20 6 5 13 19 
2 26 25 5 7 11 20 29 6 21 16 32 18 13 9 17 35 23 10 1 3 4 31 24 27 8 12 28 15 34 33 30 22 14 19 
7 13 32 29 1 15 34 28 4 24 14 3 2 30 12 35 27 6 31 26 17 23 16 9 18 8 20 21 5 19 33 10 11 22 25 
15 9 1 23 27 30 24 13 18 7 20 31 12 29 14 25 2 26 11 34 16 19 35 22 4 21 10 17 8 32 6 28 33 3 5 
5 10 35 30 15 26 11 27 6 33 2 22 12 31 3 7 18 16 24 13 21 25 23 4 28 14 17 29 19 9 8 34 1 20 32 
21 32 14 16 7 15 17 2 20 12 27 24 35 8 1 34 33 28 6 30 23 5 4 26 13 3 29 31 25 19 22 9 11 10 18 
10 21 7 19 13 8 34 15 3 29 5 12 22 33 2 9 32 35 30 20 31 18 4 24 17 6 23 25 26 11 28 1 14 16 27 
9 31 29 7 4 8 14 13 6 3 33 10 26 35 21 22 30 25 23 28 16 15 2 5 12 11 20 24 17 34 27 1 19 18 32 
2 35 18 25 5 26 24 33 13 23 27 12 15 8 14 29 30 21 20 6 22 28 19 7 9 17 3 4 31 1 16 34 10 32 11 
5 6 12 13 35 16 1 4 25 22 33 7 29 17 27 20 14 21 26 23 28 2 15 31 24 34 11 32 19 30 8 18 3 9 10 
28 18 10 13 21 8 27 5 32 1 26 14 31 3 35 16 25 22 30 6 4 33 11 20 23 15 2 19 29 7 9 24 12 34 17 
28 14 27 2 19 13 16 8 9 3 30 7 1 26 12 31 4 11 25 35 5 32 34 20 33 29 21 24 15 18 22 10 23 17 6 
15 28 14 11 13 35 33 20 31 19 4 26 7 18 32 8 1 21 10 5 29 34 2 16 12 17 6 9 3 23 25 22 27 30 24 
10 1 28 2 14 21 11 19 3 23 30 7 18 32 34 12 29 9 5 4 27 13 20 17 24 26 33 31 8 16 25 6 22 15 35 
26 17 12 27 15 25 6 35 28 18 11 29 31 4 32 5 30 34 9 8 16 22 7 20 21 19 14 13 3 23 2 24 1 10 33 
32 35 6 29 14 4 5 31 11 12 17 27 18 1 24 33 30 23 26 2 28 8 10 16 20 21 9 15 13 22 7 34 25 3 19 
32 25 5 29 13 8 17 16 6 22 7 19 24 30 26 23 33 2 28 10 34 1 31 21 11 12 3 14 20 27 9 4 18 15 35 
2 19 12 15 29 6 1 4 10 18 5 35 17 31 25 30 27 3 32 13 9 24 33 16 7 20 8 28 34 26 22 14 11 23 21 
4 26 33 7 18 20 9 25 17 16 22 19 29 21 14 6 35 30 23 31 32 10 3 8 24 2 34 15 28 11 1 12 5 27 13 
3 13 31 30 2 17 10 28 11 20 29 6 25 22 4 33 18 7 5 32 1 21 14 9 8 12 26 24 35 27 15 16 19 23 34 
11 22 13 17 21 9 19 28 3 32 5 29 10 23 25 31 15 1 20 18 12 24 14 16 4 33 26 30 6 34 35 7 27 2 8 
20 35 31 33 3 19 21 27 28 1 7 9 6 23 10 5 4 11 17 13 26 24 12 8 2 18 32 25 22 30 34 14 16 15 29 
9 35 31 20 2 12 24 30 16 17 28 4 18 34 23 22 6 33 5 15 29 19 27 8 3 25 1 10 26 7 21 13 32 11 14 
5 13 8 3 10 33 29 6 35 34 2 1 18 7 15 20 30 22 4 11 17 24 14 12 27 9 31 16 32 25 28 26 21 19 23 
23 20 17 10 19 5 12 28 3 1 33 8 31 25 34 29 9 21 27 6 14 26 18 22 30 13 2 35 32 24 11 15 4 7 16 
27 8 18 22 24 5 21 30 34 10 20 29 6 11 14 19 23 35 15 26 28 25 31 4 9 32 16 2 12 33 3 7 1 13 17 
20 28 4 32 23 24 17 33 8 35 11 6 15 3 12 21 10 14 31 16 30 22 2 25 19 34 26 7 13 1 27 29 5 18 9 
15 21 3 25 2 7 6 9 18 22 31 28 27 17 19 30 34 33 16 10 35 20 11 4 12 1 8 29 32 23 5 13 24 14 26 
23 31
4 8
28 29
24 26
3 21
8 9
28 34
20 29
2 12
3 7
1 11
24 31
23 30
18 34
6 10
16 29
7 24
14 27
9 11
10 27
13 29
12 17
9 17
7 28
2 16
7 14
28 31
4 5
18 24
14 19
3 33
10 19
4 14
5 24
21 23
21 30
30 34
2 10
17 22
6 23
19 35
2 24
18 21
17 27
12 22
15 17
17 18
9 13
4 29
3 5
1 22
5 10
18 25
1 12
4 15
2 11
7 8
4 30
18 33
