35 35 29
12 10 9 31 4 35 11 23 7 5 2 21 22 30 15 18 14 32 17 24 25 34 16 20 28 1 26 6 19 27 13 33 29 8 3 
26 19 34 23 18 24 1 33 31 10 4 9 12 15 2 35 5 3 20 27 6 13 32 22 17 14 29 25 7 11 16 21 8 30 28 
1 28 31 21 29 4 12 5 9 6 19 11 17 7 2 35 32 20 13 24 3 16 10 34 14 26 18 23 27 30 25 15 8 22 33 
14 23 35 34 19 3 1 28 24 8 21 25 20 30 29 16 33 13 17 12 4 32 18 10 27 31 9 22 5 7 26 15 6 11 2 
21 31 7 18 27 16 22 29 30 28 4 2 14 25 10 1 5 11 33 20 34 17 9 3 8 6 23 32 35 24 15 19 13 12 26 
34 35 26 33 21 22 12 16 4 24 25 9 14 29 7 28 13 6 17 19 8 31 15 30 10 1 11 2 18 27 5 32 3 20 23 
22 29 31 19 5 23 10 1 2 18 21 8 20 27 11 3 13 12 33 34 30 6 15 7 25 28 35 14 17 16 24 26 4 32 9 
9 19 6 21 35 18 7 32 33 1 28 22 10 34 8 24 4 17 30 23 29 31 2 14 16 20 25 26 5 3 12 13 27 15 11 
25 30 7 3 27 19 4 9 13 29 5 8 32 2 20 15 28 24 6 14 1 12 17 33 21 26 10 23 18 16 22 34 11 31 35 
33 26 21 7 32 20 28 1 29 4 35 30 34 23 5 22 31 14 13 18 19 10 3 9 2 17 6 12 25 16 11 8 24 15 27 
27 31 15 18 12 35 5 20 28 34 16 25 9 11 19 6 17 33 8 3 2 10 23 29 1 14 32 26 13 22 7 21 24 30 4 
24 23 13 20 1 2 35 4 30 6 8 15 3 10 22 28 34 19 5 17 14 12 29 9 33 7 32 16 26 25 11 21 31 27 18 
13 2 9 28 33 15 21 7 27 19 1 11 26 30 25 31 5 24 29 4 23 16 6 14 12 20 8 17 3 34 35 32 18 22 10 
34 33 20 30 9 18 21 2 19 8 17 23 16 6 10 7 5 15 11 4 27 32 31 3 25 22 26 28 12 13 14 35 24 29 1 
29 31 1 20 4 21 34 15 24 27 5 23 22 19 12 14 10 25 35 8 26 28 7 33 32 9 6 3 11 2 30 17 18 16 13 
19 4 18 26 14 13 32 8 27 23 30 25 22 11 2 21 3 20 33 35 1 15 16 7 6 24 17 29 12 10 9 28 5 31 34 
1 29 5 24 14 28 32 9 8 13 26 7 12 19 16 35 30 17 21 33 10 15 25 3 34 6 18 31 27 23 4 20 11 2 22 
31 35 1 13 33 12 3 18 5 9 6 34 16 26 15 17 20 21 28 30 24 4 27 8 19 2 10 7 14 25 29 11 22 23 32 
5 7 11 18 26 8 21 6 20 10 3 24 1 33 29 27 14 12 28 17 32 35 25 16 15 13 2 9 30 34 19 31 23 22 4 
9 19 31 17 10 30 23 11 35 4 18 22 1 7 14 5 25 26 6 12 32 8 15 27 20 2 34 24 16 21 33 13 29 3 28 
34 27 1 21 13 25 15 10 24 8 29 14 22 18 2 30 4 23 31 12 32 9 17 7 26 28 3 35 20 11 6 5 19 16 33 
10 9 29 25 22 26 32 20 24 12 1 4 18 27 2 34 23 3 35 31 14 19 21 28 30 8 6 7 15 11 17 5 13 33 16 
13 11 35 14 19 1 32 3 30 10 8 22 25 24 15 33 17 23 5 9 31 26 7 2 21 16 6 29 20 18 34 12 28 27 4 
10 7 8 1 24 4 20 23 9 31 28 3 30 15 26 19 32 16 21 25 17 33 5 34 11 12 14 35 18 13 6 29 22 2 27 
17 19 11 22 4 2 5 27 3 14 29 1 32 9 23 13 21 25 31 10 8 12 24 20 15 16 18 33 35 28 30 7 34 6 26 
28 13 23 22 20 3 11 25 19 17 9 29 31 2 21 32 10 7 26 14 33 34 24 35 8 16 1 27 4 6 15 30 12 18 5 
29 7 18 22 33 17 4 10 3 20 16 11 12 14 28 34 19 23 32 2 24 30 6 25 31 15 21 13 1 9 27 8 26 5 35 
13 10 33 9 27 4 25 34 1 24 18 3 19 21 30 14 31 32 11 20 29 17 8 28 6 22 7 16 35 2 26 12 15 5 23 
23 6 12 33 32 27 31 4 20 30 22 28 16 10 8 25 5 26 7 3 13 19 15 14 1 34 29 21 17 24 9 18 2 35 11 
24 13 27 29 20 22 34 6 10 31 19 14 7 9 25 28 1 18 23 32 15 16 30 3 26 8 21 4 11 35 12 17 33 5 2 
8 2 34 13 6 12 31 32 33 30 25 21 5 18 9 15 20 1 35 17 22 10 14 7 24 3 29 27 26 23 11 16 28 19 4 
13 9 17 6 28 32 26 35 25 30 22 33 21 24 31 20 29 7 12 27 19 10 4 11 8 3 34 5 15 23 18 14 2 16 1 
19 34 7 23 28 27 32 35 2 15 14 4 13 29 17 11 24 18 3 9 20 33 12 8 26 5 6 22 30 25 31 10 16 21 1 
33 26 27 5 4 22 18 1 2 29 8 25 35 6 19 14 12 17 28 24 31 13 10 30 7 15 32 34 11 3 21 20 9 23 16 
23 27 5 33 25 32 20 34 17 9 13 14 3 35 31 4 11 22 15 7 1 28 6 8 12 29 10 18 21 2 19 16 24 30 26 
24 26
6 24
11 24
7 29
16 24
24 31
10 30
15 35
5 12
6 15
20 27
7 14
18 35
3 13
3 33
8 21
14 24
2 10
3 19
5 34
21 25
5 10
29 32
6 20
3 18
17 21
9 30
19 23
7 34
