35 35 29
12 30 23 3 26 1 17 18 24 13 14 15 29 31 21 4 2 6 16 32 35 27 28 19 34 22 25 11 20 10 9 7 5 33 8 
34 23 5 12 33 22 18 15 32 24 14 25 19 4 11 13 1 27 26 29 17 28 30 16 20 3 8 21 10 35 31 2 6 7 9 
35 23 30 3 32 7 15 27 26 20 10 25 29 21 12 13 34 4 33 28 19 16 22 2 31 8 24 1 18 14 11 5 6 9 17 
32 23 25 11 18 29 34 22 4 8 7 15 1 17 10 19 9 26 16 12 24 27 33 6 20 28 35 5 14 30 3 13 21 31 2 
34 27 4 25 14 19 7 22 2 5 21 10 8 18 15 26 23 9 13 28 12 32 24 35 3 16 31 1 20 6 33 11 30 17 29 
35 30 9 32 25 27 18 17 14 12 5 7 34 20 26 29 3 23 4 11 16 1 13 22 24 8 10 15 6 2 33 28 19 21 31 
27 5 30 12 3 14 25 6 18 24 29 32 2 17 10 21 20 11 15 33 28 26 4 13 34 9 31 19 8 35 7 1 23 22 16 
29 31 30 34 18 28 26 9 20 23 14 2 32 27 11 1 16 4 7 17 5 15 35 22 25 12 19 33 8 13 21 6 3 10 24 
15 7 29 2 22 17 33 20 35 14 30 10 5 19 11 27 8 12 32 6 18 13 1 3 23 24 21 16 34 31 9 28 4 26 25 
35 12 24 9 26 13 34 23 2 32 8 5 14 10 21 4 31 20 3 25 30 18 27 28 22 6 29 7 1 19 33 16 11 15 17 
13 24 32 2 30 15 28 22 27 20 25 4 9 34 35 1 12 3 26 19 10 31 17 21 16 11 23 29 5 18 8 33 6 14 7 
23 9 7 28 30 12 14 35 18 13 29 3 16 17 32 19 20 2 27 22 11 31 10 6 21 4 24 33 34 8 5 25 26 1 15 
31 8 29 6 13 17 5 21 22 35 19 4 28 24 11 16 18 2 3 9 15 26 12 23 27 32 25 20 10 30 14 34 7 1 33 
17 23 3 28 32 33 11 13 20 6 4 31 9 12 15 35 29 34 26 5 27 30 21 2 24 14 18 16 19 1 22 7 10 8 25 
1 6 14 30 5 35 10 34 25 24 33 32 17 22 2 19 27 21 3 9 29 31 26 11 7 12 23 13 8 28 15 16 4 20 18 
35 26 17 33 8 23 12 29 4 2 31 13 25 27 7 19 11 34 16 3 32 20 1 5 9 6 14 18 21 15 28 22 30 10 24 
23 5 12 24 26 32 9 30 1 29 14 15 13 19 21 22 25 18 11 16 34 33 8 3 35 31 20 6 27 2 4 10 17 7 28 
35 30 32 16 6 20 22 17 11 27 4 12 34 33 25 14 8 28 23 26 15 9 31 13 7 10 5 1 21 3 2 18 19 24 29 
1 25 15 20 24 34 4 35 3 5 12 14 6 17 9 11 10 30 29 7 19 33 18 27 21 28 32 23 13 22 2 31 26 16 8 
21 1 33 27 10 7 6 20 35 16 31 25 32 17 9 15 3 11 13 4 18 24 2 26 19 34 22 5 14 29 28 30 8 23 12 
29 28 5 11 31 35 17 23 20 2 26 25 21 33 12 9 14 30 10 8 13 16 1 27 7 18 22 34 15 4 32 3 6 24 19 
32 12 3 4 25 10 34 27 29 1 28 30 9 15 19 35 24 17 21 20 8 31 22 16 23 14 7 2 5 33 26 11 6 18 13 
19 11 17 29 25 13 9 6 28 31 34 14 5 8 23 16 30 15 2 33 24 20 7 21 10 26 22 32 1 27 12 35 18 4 3 
18 19 13 29 26 7 10 16 24 8 28 34 5 4 20 11 1 17 25 33 31 22 30 3 14 23 21 6 27 35 12 32 9 2 15 
30 19 16 8 24 29 9 4 26 18 5 31 27 10 15 25 13 28 35 23 12 3 33 7 11 22 6 34 32 2 17 14 21 20 1 
14 1 32 16 33 11 7 31 23 6 5 10 8 30 19 18 12 9 22 24 13 29 26 3 28 25 27 15 4 21 20 2 35 17 34 
29 33 4 2 27 17 23 13 10 9 11 18 30 31 5 28 26 34 20 16 19 25 21 7 24 8 12 35 32 1 6 14 22 3 15 
31 24 8 13 12 1 9 29 30 5 6 34 3 20 27 33 21 4 26 23 16 14 2 18 17 28 15 22 7 11 32 19 25 35 10 
25 19 18 34 7 12 10 27 15 2 32 24 1 14 11 21 17 5 13 30 16 20 29 26 22 23 4 8 9 33 28 31 3 35 6 
19 26 23 31 25 28 9 3 21 20 29 8 27 1 11 5 4 22 34 33 16 7 13 10 17 35 14 32 18 6 12 15 30 2 24 
11 28 9 15 22 32 26 14 2 24 3 18 8 10 1 12 19 21 35 31 7 29 16 13 6 27 5 20 25 33 17 30 34 23 4 
23 26 14 2 11 7 25 21 17 5 31 27 32 35 13 20 18 19 6 33 10 34 29 9 1 16 28 4 3 12 22 15 8 24 30 
22 1 26 25 6 35 13 4 31 9 30 2 8 7 20 3 14 32 21 10 19 17 34 11 5 18 27 33 28 23 12 24 15 29 16 
14 12 20 13 25 30 15 6 23 22 34 2 8 17 10 27 9 33 1 24 21 16 11 5 3 18 19 4 32 31 28 7 35 26 29 
27 11 25 20 23 5 2 18 21 12 10 26 13 29 8 3 16 35 22 17 30 14 34 24 31 9 7 15 6 4 19 1 32 33 28 
5 9
7 29
22 31
24 31
20 26
24 27
5 18
9 28
28 35
4 24
12 34
25 29
3 33
21 23
17 22
2 17
1 31
22 35
33 34
18 32
3 5
5 10
1 12
9 23
15 28
17 21
7 30
28 33
10 33
