35 35 59
27 17 23 18 10 28 26 12 15 3 32 16 19 31 14 34 24 7 6 4 29 8 9 5 2 33 22 1 21 30 35 11 25 13 20 
13 10 9 11 29 34 27 18 1 28 35 22 16 15 21 33 3 8 25 4 14 12 17 31 2 26 30 7 24 6 20 23 5 32 19 
5 12 19 29 8 11 34 28 22 10 33 17 3 23 35 13 14 18 24 7 15 4 27 9 21 26 16 25 20 1 2 30 6 31 32 
29 7 35 4 24 28 27 22 13 2 34 19 21 26 20 14 1 11 32 3 5 6 9 10 16 15 30 18 31 25 12 8 23 17 33 
35 7 14 25 12 11 26 20 18 9 6 4 13 10 34 30 33 19 23 28 5 2 31 27 21 22 15 3 32 16 1 24 8 17 29 
28 1 33 5 24 29 11 3 31 9 15 6 35 2 14 21 4 34 22 10 32 18 20 30 26 7 25 12 19 27 23 17 8 16 13 
13 32 2 15 3 19 35 10 31 22 17 12 11 27 20 25 16 34 4 30 6 26 14 7 24 29 5 9 21 18 8 28 33 1 23 
30 18 8 26 34 7 35 16 3 29 10 1 23 14 13 28 19 25 4 12 24 27 11 32 33 6 17 5 22 21 31 15 20 9 2 
3 24 30 7 28 16 31 11 1 33 27 21 12 13 8 32 10 20 5 6 29 34 17 25 9 14 4 2 19 15 23 26 18 22 35 
7 34 26 1 31 20 21 4 29 10 32 12 25 8 18 9 24 19 14 33 3 27 13 28 23 5 22 11 35 15 30 16 17 6 2 
9 7 3 5 24 8 17 20 28 33 23 29 26 25 6 34 15 10 32 1 19 14 2 21 13 11 18 30 16 12 35 27 22 31 4 
20 9 24 15 31 3 27 8 5 6 30 34 28 21 22 11 13 7 23 18 32 10 19 12 16 33 2 4 1 17 25 26 14 35 29 
20 14 4 35 22 7 11 3 6 26 9 8 31 24 17 10 32 13 33 1 27 28 15 34 5 30 12 18 16 29 2 19 23 25 21 
31 16 3 9 21 19 27 22 20 13 29 12 24 7 2 23 14 33 28 25 18 1 15 17 26 11 10 8 4 32 34 6 35 30 5 
10 31 6 9 23 35 27 24 7 17 15 33 3 28 19 22 12 30 4 26 8 29 11 18 16 1 5 25 21 13 14 32 20 2 34 
20 30 23 29 14 4 3 1 9 11 24 13 35 16 17 21 22 10 15 6 34 31 28 2 7 33 12 27 18 32 26 19 8 25 5 
1 30 4 5 34 17 22 16 20 14 28 26 23 32 33 27 29 8 9 35 10 15 19 3 21 6 7 13 12 18 25 24 11 2 31 
22 31 29 2 11 5 32 14 35 7 6 12 26 21 10 23 24 8 4 16 28 13 18 34 25 20 27 17 3 9 19 33 1 30 15 
15 18 21 22 6 3 29 17 27 1 9 20 35 2 25 32 5 12 31 34 24 10 26 19 4 33 28 8 11 13 7 14 16 30 23 
21 32 1 10 7 11 30 3 17 4 31 20 5 6 12 28 35 19 8 18 22 26 2 15 9 25 13 27 34 24 29 33 14 16 23 
7 12 17 8 31 27 35 19 25 21 14 22 15 13 34 26 24 10 28 11 6 32 16 9 33 1 18 30 3 29 5 20 2 23 4 
12 3 35 32 31 2 1 10 23 18 34 15 26 21 7 33 6 9 24 30 11 16 17 13 20 8 25 14 27 22 5 19 4 29 28 
29 13 2 35 8 10 33 34 31 6 28 23 26 30 12 5 24 9 17 4 21 18 7 14 25 32 3 27 16 19 15 1 22 20 11 
24 31 14 6 34 11 28 17 20 15 27 9 19 4 35 33 21 7 8 2 30 26 22 5 18 3 23 12 13 32 10 16 29 25 1 
34 32 4 5 21 25 8 24 11 9 18 13 22 29 23 20 31 30 10 16 28 2 3 27 1 12 14 6 17 26 7 35 33 19 15 
31 27 13 2 26 30 21 34 15 22 35 19 20 23 32 6 11 33 4 28 7 5 9 10 18 17 3 24 1 29 12 25 16 8 14 
31 22 14 1 17 15 26 2 32 28 6 12 30 3 13 18 20 7 23 24 10 5 27 9 8 16 4 33 35 29 21 19 11 34 25 
10 6 23 20 8 18 30 4 33 19 14 28 27 34 13 2 12 31 22 17 32 15 21 24 35 16 9 7 26 25 29 3 1 5 11 
19 6 25 33 7 24 12 4 27 31 29 18 2 26 23 28 9 3 17 8 11 5 22 14 13 35 32 15 21 10 16 30 34 1 20 
11 18 34 26 4 31 23 17 9 19 2 10 12 6 32 7 25 35 29 21 1 14 16 13 24 30 5 15 28 3 33 22 27 20 8 
26 27 13 10 3 7 6 32 1 17 2 19 28 25 16 24 18 23 21 30 4 33 5 8 20 15 34 22 14 12 31 9 11 29 35 
28 34 31 27 8 14 23 5 21 3 6 13 11 29 22 26 25 24 35 18 17 20 7 16 30 19 1 32 12 33 9 10 4 2 15 
31 1 7 34 32 4 35 2 20 21 9 19 23 33 5 6 14 17 29 22 13 12 16 25 24 11 28 10 30 27 18 15 3 8 26 
13 3 2 22 24 5 33 21 17 4 27 14 34 6 25 30 23 10 18 1 31 29 35 32 20 9 26 7 28 15 16 11 12 19 8 
5 17 2 10 15 1 30 31 32 35 12 27 33 16 19 23 14 22 9 3 11 4 8 29 28 34 25 21 13 6 26 20 7 24 18 
3 25
8 13
23 31
12 27
25 31
6 28
10 21
14 26
12 16
6 17
1 11
19 33
11 19
5 30
26 29
10 12
19 25
9 11
3 6
4 24
18 31
14 34
16 18
5 29
11 25
23 25
1 24
33 35
2 6
9 20
24 28
6 11
2 31
10 19
4 14
29 33
6 23
7 31
12 29
6 12
7 22
5 34
21 25
7 35
16 31
23 28
10 16
6 31
2 33
18 29
12 30
23 33
4 21
23 27
12 23
9 19
4 30
9 12
22 30
