40 40 78
38 17 30 39 6 23 16 33 22 11 40 5 2 35 12 9 36 14 20 24 32 10 26 21 7 3 1 18 34 37 29 31 15 8 13 28 25 27 19 4 
11 22 30 39 23 6 8 10 16 15 14 21 24 12 17 1 2 9 5 31 26 40 7 19 36 38 4 20 29 25 18 33 3 35 32 28 13 37 34 27 
30 2 9 23 5 19 8 38 6 10 11 40 24 33 4 36 28 37 16 1 17 39 15 34 13 27 18 3 25 14 22 7 20 32 21 26 12 31 35 29 
26 10 36 33 37 28 3 15 39 21 9 8 17 31 1 40 23 30 13 20 12 38 35 29 18 16 6 32 7 11 4 14 27 19 2 22 34 24 25 5 
37 4 36 40 18 17 3 30 8 26 16 9 27 21 23 29 24 7 20 2 35 14 6 13 12 5 39 32 25 19 31 10 22 15 11 34 28 38 1 33 
21 18 6 4 34 12 9 26 30 35 27 15 8 19 33 14 3 16 32 7 38 36 31 23 25 10 29 20 2 13 37 17 39 5 40 24 1 11 28 22 
13 28 26 29 30 23 38 32 3 2 10 40 39 12 21 15 34 6 19 20 17 16 9 14 1 36 37 4 27 25 5 31 24 33 22 11 7 35 8 18 
7 9 6 19 4 14 10 32 2 27 29 17 8 1 39 40 12 21 3 23 15 25 26 20 36 34 35 13 30 16 22 28 33 24 38 31 37 11 5 18 
22 40 5 36 14 4 26 3 17 37 11 30 7 33 32 6 28 19 27 18 16 35 12 9 20 10 23 2 31 13 21 24 15 29 8 1 25 34 39 38 
36 21 14 22 17 9 33 38 12 1 8 25 10 26 20 34 13 4 19 29 2 3 39 35 5 23 30 32 7 15 40 28 6 16 24 27 37 11 31 18 
32 13 19 9 15 31 35 1 16 12 39 14 4 38 25 10 8 24 21 29 22 28 5 27 11 26 2 36 6 7 23 3 40 37 17 34 33 20 18 30 
35 2 26 6 19 38 11 10 16 31 3 12 7 40 28 14 17 9 8 27 24 13 36 30 25 29 37 4 34 32 20 18 33 23 15 22 21 39 5 1 
14 32 11 16 28 33 7 4 15 10 29 39 2 31 34 30 19 12 35 8 17 1 6 21 9 18 36 23 3 24 40 26 20 5 37 22 27 25 13 38 
30 28 19 9 11 5 14 18 37 17 23 6 32 25 13 22 34 33 40 29 20 36 35 31 2 3 39 16 15 21 10 27 1 24 38 7 4 26 8 12 
15 22 9 31 21 33 30 7 16 27 18 38 29 40 5 4 6 32 10 34 28 24 23 19 39 17 37 25 11 3 2 1 20 8 12 14 35 13 36 26 
27 14 19 35 38 10 24 25 13 33 6 3 29 32 31 36 16 22 21 7 30 39 28 40 34 18 17 4 5 37 23 8 1 26 20 11 9 15 2 12 
21 10 12 29 37 6 19 11 3 40 16 22 1 34 39 8 14 28 17 24 31 13 4 20 9 26 23 36 7 25 2 30 27 5 18 33 32 35 38 15 
13 6 17 12 2 11 28 20 23 3 26 15 8 37 39 38 7 9 35 32 22 33 4 27 30 25 1 34 24 18 10 40 5 36 29 21 14 31 16 19 
17 4 7 1 40 20 25 36 13 23 33 35 39 37 28 11 26 15 32 2 30 27 9 22 24 38 31 34 10 3 21 12 14 19 16 5 8 18 29 6 
13 19 21 8 26 1 10 38 33 35 15 7 12 6 40 5 18 17 23 16 2 20 32 25 9 36 24 14 30 22 3 27 28 34 29 31 11 39 4 37 
3 16 37 15 29 39 12 11 30 36 19 34 28 9 38 32 17 20 35 22 14 13 40 4 31 33 5 6 21 24 25 1 7 8 23 26 10 27 18 2 
5 14 25 30 24 33 29 17 21 32 22 26 9 39 18 12 38 13 27 40 37 15 16 10 19 6 4 20 3 8 11 2 7 34 35 36 28 23 1 31 
12 1 9 17 29 6 39 19 3 28 22 5 32 30 13 37 24 36 34 2 23 11 8 38 40 14 21 4 35 31 33 10 16 15 7 27 25 20 18 26 
23 8 29 34 37 38 2 32 13 10 21 35 25 9 16 15 28 7 30 1 24 26 3 14 36 22 19 33 11 4 39 17 20 6 27 40 12 31 18 5 
29 20 21 23 5 19 11 28 40 7 8 22 35 16 13 36 37 4 9 31 18 14 12 2 39 25 34 30 33 27 15 17 38 24 26 10 32 3 6 1 
21 5 14 1 17 18 39 37 3 2 6 10 32 36 7 15 23 11 34 40 20 26 16 9 12 30 4 27 28 24 13 22 33 19 8 35 25 29 38 31 
3 20 34 22 38 26 14 36 31 12 19 4 25 16 30 35 9 10 15 27 7 13 24 39 6 29 37 2 8 5 17 28 18 32 1 21 40 33 23 11 
2 32 18 30 36 40 23 8 34 27 12 29 25 14 19 22 11 16 3 39 7 26 28 38 37 17 31 15 20 21 35 33 13 4 1 9 10 5 24 6 
32 15 33 18 36 13 37 19 39 28 23 14 38 40 10 22 25 3 26 7 24 5 29 12 16 30 8 31 17 34 1 20 9 6 21 4 11 2 35 27 
12 40 18 36 35 37 10 14 26 29 19 34 4 13 32 9 7 23 33 25 27 1 24 38 8 5 20 22 39 2 6 15 11 16 31 17 3 30 21 28 
2 35 4 14 27 33 9 40 3 19 15 6 10 1 36 8 37 26 25 12 22 16 17 30 13 34 32 39 20 11 18 5 21 23 29 24 7 28 31 38 
20 26 21 1 12 19 15 9 37 28 39 33 4 11 7 25 27 22 31 24 32 10 2 18 13 5 23 3 30 34 16 14 6 8 36 29 17 35 38 40 
17 14 19 7 16 15 11 31 21 12 26 5 28 36 38 2 3 33 1 13 24 32 30 22 39 34 6 23 37 8 27 29 20 40 10 9 25 18 35 4 
13 1 38 14 19 16 15 5 3 12 4 28 23 25 2 22 27 6 11 18 10 39 24 34 7 20 31 21 37 30 32 26 40 17 36 33 29 9 8 35 
11 10 6 5 18 9 21 2 34 22 3 7 32 1 28 38 25 31 15 23 35 24 13 30 29 17 4 19 26 8 37 14 40 12 39 20 16 36 33 27 
23 15 36 21 28 9 7 24 18 32 34 22 40 8 13 29 33 16 38 39 35 1 27 10 17 25 12 26 19 2 31 6 37 14 20 4 3 30 11 5 
23 6 25 18 26 8 38 32 40 39 1 9 16 31 37 14 19 28 10 20 17 7 34 5 22 24 30 21 3 15 36 35 11 12 33 13 29 2 4 27 
18 5 33 15 29 21 12 16 10 3 22 14 1 20 39 24 8 11 27 2 32 35 40 25 28 7 36 9 17 13 31 38 30 34 4 37 26 19 23 6 
7 8 29 24 9 35 28 25 17 13 4 3 16 30 32 36 2 15 20 26 1 5 14 19 18 27 10 22 31 21 6 39 11 12 23 40 33 38 34 37 
10 12 39 23 37 35 17 27 26 31 13 8 21 2 29 1 15 40 4 34 11 28 24 33 5 3 25 32 18 36 22 16 20 9 7 38 19 14 30 6 
14 17
34 38
18 22
8 23
25 31
2 8
16 35
5 13
1 15
10 15
12 31
7 16
23 26
12 16
26 39
14 15
6 17
9 25
11 38
13 21
23 36
8 14
23 30
2 38
9 21
15 30
29 31
24 38
1 14
7 37
20 40
33 39
8 37
27 28
8 15
5 29
27 32
22 34
21 26
1 23
5 11
8 21
32 39
7 36
8 30
9 16
26 30
11 33
33 38
5 15
11 21
5 21
7 31
32 35
7 22
23 24
3 26
14 40
9 39
4 29
21 25
33 34
28 36
12 15
21 22
5 7
19 27
12 19
28 40
29 32
33 37
19 34
16 20
17 26
12 23
6 16
19 30
22 30
