40 40 39
18 11 4 35 27 32 38 10 34 36 20 26 21 2 39 9 19 12 25 7 31 15 5 40 16 29 17 13 3 14 28 23 37 8 30 22 1 24 33 6 
3 18 11 26 37 25 4 36 28 8 20 29 16 24 34 1 23 5 2 19 27 13 38 7 33 15 21 32 40 14 31 10 6 35 22 9 17 12 30 39 
2 31 26 20 10 25 11 29 22 18 3 38 12 4 36 37 9 27 39 23 24 33 35 6 17 15 30 21 32 1 7 28 19 14 8 13 40 16 34 5 
24 37 21 9 23 2 18 19 3 5 27 17 30 16 14 4 29 10 38 40 15 12 7 20 8 26 32 13 34 36 11 6 1 35 28 22 31 33 25 39 
17 22 15 13 31 35 11 1 12 5 9 6 2 7 37 38 40 25 29 18 33 28 10 3 16 14 20 21 23 30 26 27 24 4 32 8 19 34 36 39 
37 27 39 6 23 11 22 5 7 29 3 36 24 30 25 32 33 17 10 26 35 21 1 4 34 40 13 15 16 19 9 38 8 2 31 12 20 28 18 14 
35 28 9 39 15 19 31 18 26 29 7 38 33 36 3 27 20 25 34 8 16 1 40 5 11 6 23 24 17 12 30 14 10 21 13 2 32 22 4 37 
13 21 29 24 3 11 36 16 18 27 38 34 7 23 31 2 10 28 37 40 9 25 12 17 20 14 6 1 8 33 35 5 30 39 15 32 19 4 26 22 
3 27 15 19 11 40 25 35 7 13 20 2 30 16 38 28 33 26 17 6 34 12 10 39 21 36 31 4 18 37 1 22 23 5 29 24 9 14 32 8 
38 3 6 15 36 8 29 37 22 7 24 25 19 11 39 10 13 18 26 32 40 30 12 31 23 9 20 1 5 34 28 33 14 17 2 35 27 21 4 16 
15 33 27 16 11 18 36 35 8 29 30 40 2 5 34 21 7 3 19 20 6 9 24 39 26 1 17 25 28 22 32 10 12 4 38 23 31 13 14 37 
26 24 9 23 39 10 18 15 17 33 25 30 29 28 22 3 12 32 13 16 8 2 21 31 38 40 35 20 1 5 14 11 36 27 37 7 4 19 34 6 
12 6 40 4 17 29 16 10 31 18 35 33 25 14 2 1 15 21 20 39 34 27 5 28 36 8 24 38 13 23 37 7 26 19 11 30 9 22 3 32 
38 10 6 39 27 25 19 33 24 31 3 23 2 30 14 13 16 5 35 12 4 20 1 17 26 7 40 18 15 22 29 21 36 32 11 9 8 34 37 28 
7 34 3 11 19 37 30 32 16 4 35 40 5 21 10 15 28 22 6 8 36 20 23 17 38 24 2 26 29 9 39 27 33 25 12 18 13 14 1 31 
25 24 15 10 18 8 13 35 6 34 40 12 16 7 28 5 30 36 20 22 17 11 27 33 14 29 3 37 26 4 21 9 19 23 32 39 1 31 38 2 
7 8 19 15 3 9 16 11 24 27 23 17 29 30 14 5 28 26 10 20 13 21 1 22 33 36 2 39 40 31 35 6 12 4 18 34 37 32 38 25 
17 32 26 13 36 29 30 25 5 6 12 24 3 14 10 28 37 35 27 9 39 31 19 15 38 22 23 1 21 2 34 11 16 7 8 4 33 20 18 40 
13 20 27 18 8 12 4 38 17 31 23 1 11 25 3 16 37 15 26 40 32 39 6 19 5 34 7 28 2 35 10 14 24 21 36 33 9 22 29 30 
37 16 40 21 13 6 17 39 26 1 34 20 31 4 5 29 22 2 23 14 15 19 3 9 35 25 27 10 12 32 36 24 11 38 33 30 8 28 7 18 
18 12 4 33 39 29 24 16 15 8 28 1 6 19 23 2 3 10 37 22 14 30 11 17 35 5 20 7 32 36 21 25 40 34 9 38 26 13 31 27 
28 6 17 11 26 32 31 25 35 19 5 1 13 12 4 18 22 3 29 36 14 7 10 27 40 23 37 16 15 8 34 2 21 20 38 39 9 33 24 30 
19 9 10 22 37 29 40 6 3 14 32 39 30 13 2 28 35 1 26 31 25 7 15 34 27 11 20 24 16 17 33 8 4 36 21 38 23 5 18 12 
12 15 40 26 14 24 2 21 33 22 18 35 37 36 20 5 23 28 7 19 4 27 32 3 13 6 10 34 16 29 31 17 8 9 30 1 39 25 11 38 
34 25 10 12 5 29 23 40 11 30 13 35 14 15 9 16 24 28 22 8 21 36 19 37 27 39 38 32 6 1 31 18 7 20 3 26 2 17 33 4 
29 21 25 1 8 27 7 40 5 4 6 32 17 11 9 38 28 15 16 31 30 12 26 3 24 19 37 10 36 2 34 35 14 20 23 33 13 39 22 18 
7 4 27 13 10 1 39 5 23 17 38 20 37 29 33 36 22 35 30 18 12 11 9 16 31 24 26 14 21 3 28 40 8 32 19 34 2 25 15 6 
22 14 5 2 23 17 21 8 19 33 36 1 30 20 7 24 11 4 26 10 12 34 35 27 37 15 18 31 28 9 13 6 29 16 32 39 3 40 25 38 
18 19 38 22 31 30 21 24 33 17 6 5 32 7 9 2 37 12 8 26 14 34 29 15 1 16 36 13 28 39 20 27 10 25 4 40 35 3 11 23 
23 18 9 5 4 26 14 6 30 21 24 25 8 13 29 37 40 1 27 28 7 32 38 17 15 11 3 10 20 39 12 36 19 34 33 22 16 31 35 2 
3 28 38 12 13 9 27 20 34 29 39 11 32 1 37 8 15 31 23 33 21 40 18 7 26 35 5 36 16 17 30 6 14 25 2 24 22 4 10 19 
3 35 30 8 16 32 14 9 19 4 36 13 23 22 11 29 18 40 20 26 38 2 5 28 39 15 1 25 31 6 17 7 24 12 33 21 10 34 37 27 
11 8 31 34 4 28 5 6 12 32 25 20 19 10 22 1 2 14 13 40 29 18 21 36 7 35 24 37 9 39 23 16 33 3 30 17 15 27 26 38 
2 13 18 26 35 5 16 8 11 20 24 39 6 10 27 28 36 38 19 12 31 40 29 22 14 23 4 17 21 25 7 9 1 32 3 37 34 30 15 33 
39 17 30 27 18 10 7 37 40 6 2 19 3 28 32 11 26 35 22 15 4 12 33 5 25 24 16 1 9 23 21 38 31 8 14 13 20 29 36 34 
36 29 32 5 27 25 15 10 17 13 37 18 11 28 23 30 39 16 24 40 3 19 7 8 4 2 21 26 12 1 14 33 38 35 34 20 22 9 6 31 
11 6 28 17 32 4 2 3 8 34 37 40 9 13 39 21 12 10 35 20 33 16 19 30 29 38 25 26 18 27 7 22 23 14 36 31 24 5 15 1 
24 26 36 34 22 23 6 17 8 39 20 37 29 18 16 3 40 9 15 27 12 31 28 25 10 32 33 21 19 1 13 35 4 2 5 7 14 38 30 11 
2 27 39 31 8 26 29 15 11 4 38 7 35 1 20 24 14 22 9 25 19 13 6 21 34 23 10 36 32 28 3 17 18 16 12 33 5 37 40 30 
1 38 27 31 22 26 7 19 40 36 5 34 9 11 25 15 12 29 8 2 35 4 30 6 14 24 39 23 32 18 20 3 21 28 17 16 10 37 13 33 
2 29
30 32
5 37
4 18
31 37
33 36
10 15
30 37
23 36
5 36
14 31
15 35
5 12
2 30
4 13
27 36
9 17
12 28
14 23
32 34
32 36
14 19
34 40
4 5
10 19
2 20
5 24
9 10
24 35
11 26
20 36
25 28
5 16
15 21
1 8
5 27
20 37
25 40
6 16
