40 40 39
38 20 7 21 31 13 17 2 29 10 14 11 28 40 37 16 9 18 30 22 3 15 24 4 5 26 6 8 19 23 25 1 27 32 33 12 36 39 35 34 
18 10 30 11 13 1 19 20 31 7 4 40 3 32 24 15 35 28 17 12 29 6 36 22 33 21 16 14 9 26 2 39 37 5 27 23 38 25 8 34 
11 20 35 8 15 26 18 17 12 7 25 31 21 4 16 40 5 6 10 19 39 2 30 14 38 3 1 24 36 37 9 28 33 29 13 34 22 32 23 27 
17 12 22 40 35 26 37 20 1 14 24 27 9 13 15 21 36 23 29 34 32 10 31 18 7 38 19 28 30 16 2 8 3 6 4 33 5 25 39 11 
4 21 40 36 2 33 7 30 3 6 26 11 13 9 31 8 14 24 1 35 10 15 38 18 39 22 28 34 25 19 17 12 37 27 5 29 16 23 32 20 
20 2 22 28 12 21 8 7 16 32 39 24 14 5 30 26 33 29 31 6 40 3 37 25 9 18 4 1 34 11 19 23 36 38 15 35 27 17 10 13 
16 6 36 32 39 18 20 33 12 24 3 13 38 28 30 31 23 34 27 10 26 2 25 1 4 19 17 9 5 8 37 35 7 14 21 40 29 22 15 11 
23 20 30 34 1 6 4 18 10 7 15 5 12 19 25 3 38 2 28 31 39 8 16 13 22 33 24 11 29 35 36 14 21 27 37 17 9 40 32 26 
40 10 2 28 13 8 3 9 4 14 36 7 34 24 39 27 26 22 11 31 16 20 17 1 35 33 18 29 32 6 12 15 23 30 19 5 21 25 37 38 
2 38 20 5 40 4 18 15 36 39 25 21 32 30 7 35 12 27 14 9 31 17 1 10 37 28 22 19 29 11 8 26 24 6 16 23 3 13 34 33 
30 4 21 33 13 10 23 34 7 40 8 14 16 29 36 19 28 11 15 37 38 26 3 18 31 1 2 12 27 24 35 5 6 9 25 22 17 20 39 32 
32 26 35 22 34 31 36 21 16 8 39 1 9 2 3 11 20 18 14 25 4 29 7 23 19 6 30 15 37 33 5 13 27 12 40 28 10 38 24 17 
21 40 8 29 23 37 10 4 5 28 36 6 34 39 22 33 16 17 11 26 15 3 7 12 24 35 1 25 14 31 2 32 30 38 13 20 18 9 19 27 
35 1 38 2 25 40 12 19 17 39 34 24 5 11 23 16 4 15 18 6 10 9 26 22 29 30 37 13 36 28 21 14 20 7 32 8 33 3 31 27 
37 17 10 7 28 38 15 32 34 27 24 5 6 30 21 36 3 4 1 20 31 19 29 40 39 25 2 12 11 14 18 33 16 13 8 35 9 23 26 22 
21 20 12 30 40 7 1 4 28 14 3 38 24 27 34 15 39 5 25 31 37 17 8 35 22 2 32 9 26 11 29 19 33 36 13 23 16 18 6 10 
22 13 15 23 32 7 25 21 30 27 33 19 35 29 8 16 1 39 10 18 9 24 2 34 20 36 5 14 4 31 28 17 6 3 38 40 12 37 11 26 
1 17 8 18 26 24 35 11 32 21 6 36 13 38 2 20 25 31 10 28 15 40 16 23 27 7 39 37 29 19 12 14 4 30 22 5 9 34 3 33 
19 37 24 36 32 5 21 2 27 10 16 7 23 8 18 22 15 29 9 6 34 26 33 20 39 40 12 14 1 38 11 13 31 30 28 35 25 17 4 3 
32 3 25 18 36 20 38 8 2 13 30 17 29 33 10 12 15 40 27 21 14 9 23 28 7 16 19 37 4 24 26 5 11 31 34 39 22 1 6 35 
17 33 39 9 16 29 4 22 18 3 25 12 28 32 14 23 10 19 7 8 31 38 13 30 15 11 20 37 36 2 6 35 26 5 21 27 34 24 40 1 
8 3 21 4 22 13 34 39 40 28 18 20 17 5 35 23 10 15 29 19 26 2 25 14 31 32 24 9 6 1 11 16 36 33 12 7 30 38 37 27 
10 27 1 14 2 33 34 20 21 16 3 24 8 40 9 25 7 6 30 36 22 18 26 35 38 31 5 4 37 23 11 17 39 15 12 32 29 13 19 28 
26 23 19 4 9 33 10 7 12 25 30 29 40 3 5 34 22 35 6 18 15 21 8 32 36 37 16 1 24 31 27 11 13 20 17 28 39 2 14 38 
10 38 34 11 22 8 15 30 37 6 13 20 24 14 36 33 19 12 25 32 40 39 3 35 27 16 17 18 1 29 28 21 26 9 4 2 7 23 31 5 
19 8 15 10 33 26 38 40 2 27 21 16 12 28 1 4 9 23 18 39 37 5 20 22 29 17 30 31 34 35 14 11 25 6 32 3 24 7 13 36 
6 14 15 35 28 25 19 10 34 2 31 21 16 3 20 26 27 11 36 7 24 17 9 40 4 23 38 32 13 39 30 37 5 12 1 8 29 18 22 33 
35 31 1 22 39 2 25 19 33 15 23 11 3 5 30 10 12 9 26 24 29 7 16 32 6 36 21 17 14 37 34 38 27 28 40 20 13 18 8 4 
15 7 40 24 2 9 1 16 12 3 13 21 18 39 5 25 8 34 26 31 20 35 6 30 33 22 14 19 23 29 37 28 10 36 38 11 4 32 17 27 
38 16 1 12 35 14 36 18 2 22 28 39 8 5 32 24 10 19 26 23 30 34 17 21 20 7 13 9 6 15 3 11 4 25 33 27 37 31 40 29 
3 38 39 25 35 20 18 16 27 2 5 23 10 8 29 7 40 19 9 6 1 4 31 22 34 14 17 28 21 33 11 32 12 36 37 26 24 13 15 30 
4 23 22 24 30 26 37 2 33 35 36 9 40 14 3 12 8 13 32 28 25 11 39 31 6 27 17 20 21 5 18 15 7 19 29 1 10 38 34 16 
20 9 7 15 40 27 10 30 17 33 24 4 16 11 35 14 1 29 6 5 39 26 21 3 2 28 34 36 31 32 13 25 8 37 12 18 23 19 38 22 
10 1 28 3 5 4 39 14 16 23 21 11 9 27 30 17 13 6 20 25 22 15 2 7 36 35 37 24 8 31 26 33 38 12 18 40 32 19 34 29 
20 2 40 26 17 33 16 10 7 25 36 5 21 34 28 23 4 32 35 30 38 13 3 8 37 1 11 22 31 6 39 15 12 24 9 27 19 18 29 14 
14 20 5 6 30 19 18 40 13 33 22 25 12 1 7 31 36 38 35 27 17 16 15 10 24 11 37 8 32 2 28 4 29 3 34 26 9 23 39 21 
13 3 19 16 36 6 14 17 24 21 2 8 11 29 32 25 10 5 12 15 39 38 9 28 31 20 4 23 40 26 1 7 33 35 34 30 18 37 27 22 
34 22 7 18 28 13 5 30 31 10 12 9 23 2 11 21 35 36 1 27 37 19 14 8 17 15 6 26 29 3 33 32 25 20 24 39 16 4 40 38 
17 37 39 29 20 40 23 35 26 8 18 9 7 4 34 19 30 15 16 13 3 32 33 1 27 2 22 10 25 36 14 28 11 6 24 5 38 12 21 31 
31 36 14 10 9 7 28 17 34 35 4 19 25 13 8 37 18 33 23 22 16 40 21 30 6 24 2 1 27 20 26 11 12 29 32 38 3 39 15 5 
5 9
4 7
18 22
16 35
33 36
1 15
9 29
12 36
4 22
32 40
10 34
10 30
5 40
18 27
13 16
25 39
25 26
1 28
15 18
18 31
28 39
35 36
12 21
19 28
13 24
20 32
21 30
9 16
17 22
21 37
27 35
22 35
13 23
13 34
7 30
20 28
5 27
27 34
16 39
