40 40 78
6 9 15 32 3 35 23 16 24 38 33 37 29 21 20 2 11 13 27 22 5 10 25 17 26 4 12 8 28 34 1 18 40 30 14 7 31 19 39 36 
15 35 6 13 28 8 39 26 34 9 16 12 11 22 31 19 7 32 37 38 14 23 36 30 18 29 1 17 27 2 25 5 24 33 10 20 3 40 21 4 
23 15 20 27 18 21 22 32 30 6 36 34 17 13 7 4 38 10 19 1 31 33 12 25 2 29 5 26 11 16 8 24 40 14 37 28 9 39 35 3 
24 3 37 40 1 38 15 6 21 12 31 8 30 29 35 7 2 33 26 28 11 16 22 17 10 25 23 9 18 5 19 36 32 27 20 13 34 4 14 39 
10 31 35 3 26 19 30 33 4 5 7 34 36 20 29 39 27 21 16 25 11 32 38 2 18 40 13 8 15 14 9 24 22 23 37 28 17 12 1 6 
9 27 28 22 8 2 37 11 21 39 13 30 20 34 1 38 5 17 18 35 40 12 4 19 24 31 7 6 33 3 23 10 26 36 25 15 16 32 14 29 
17 10 4 39 26 35 3 33 12 27 25 11 37 34 19 13 32 18 5 1 16 36 29 31 14 15 8 23 7 30 28 6 22 20 2 24 40 9 38 21 
25 13 3 28 36 20 16 27 34 15 18 9 5 2 37 38 19 7 23 24 29 21 33 10 8 1 32 6 26 4 14 11 17 39 31 22 30 40 35 12 
19 31 27 1 30 24 26 6 4 13 38 29 10 34 9 35 40 21 28 25 2 36 11 17 37 3 18 7 20 16 5 39 33 32 12 14 15 23 8 22 
37 26 35 36 5 34 17 3 19 21 40 2 12 14 1 4 33 8 27 29 32 18 30 23 13 20 11 24 28 39 10 38 6 7 15 22 25 31 9 16 
37 30 10 23 31 16 28 29 5 34 14 27 6 9 22 32 15 18 40 33 24 4 8 1 35 38 3 12 17 13 20 36 7 21 26 2 39 19 25 11 
14 8 16 22 19 40 1 35 12 27 39 18 23 10 17 30 33 13 21 29 26 24 7 9 20 6 38 2 25 31 37 4 36 34 5 28 32 15 3 11 
9 28 32 5 17 7 22 10 38 39 19 13 8 11 21 18 26 37 29 6 4 24 2 16 33 36 40 27 12 20 25 1 15 14 34 23 30 3 35 31 
25 40 9 18 13 5 14 37 17 28 16 3 32 38 20 27 12 33 26 11 8 24 30 6 31 7 35 29 21 34 4 2 22 19 10 23 1 39 15 36 
1 5 30 29 18 12 11 21 19 31 8 9 7 39 17 35 23 33 3 27 38 36 22 4 25 16 40 37 6 2 14 34 28 32 20 26 10 13 24 15 
32 13 3 31 39 9 30 24 10 12 26 2 14 7 20 16 6 37 15 29 35 34 38 19 5 21 4 11 27 36 28 18 40 8 33 17 22 25 1 23 
6 24 9 4 16 20 39 35 17 14 5 34 18 30 29 27 13 21 26 28 33 25 40 38 36 32 12 2 1 10 19 37 23 15 11 7 8 3 31 22 
39 14 16 36 17 15 30 40 12 6 35 25 22 29 37 2 9 18 23 28 3 8 33 5 34 38 27 24 31 19 32 4 20 13 10 21 26 1 11 7 
36 2 33 13 1 38 31 12 18 24 21 17 34 5 10 4 22 11 16 32 19 20 28 14 7 15 26 40 25 35 29 27 23 3 30 8 6 39 9 37 
4 23 34 31 12 3 19 26 10 21 2 24 14 29 15 30 1 17 27 36 32 7 22 40 5 33 8 13 20 37 6 35 9 16 28 11 39 25 38 18 
12 40 28 25 35 37 19 38 7 2 27 34 29 15 18 9 32 4 6 16 30 22 33 11 3 8 14 20 39 24 5 17 31 21 10 36 1 23 26 13 
14 3 11 21 27 2 5 19 28 34 13 7 29 15 12 18 1 30 35 40 8 24 9 10 6 22 20 4 36 32 39 37 31 17 25 38 26 16 23 33 
9 28 31 19 12 40 33 6 26 25 13 36 35 1 22 37 27 23 17 38 16 18 8 29 34 2 7 32 39 15 20 24 14 11 5 4 10 3 21 30 
3 6 11 10 27 40 35 5 32 33 28 24 37 30 25 38 1 9 4 17 15 26 23 31 8 21 36 16 12 20 39 7 13 2 29 22 34 14 19 18 
11 3 9 12 32 30 5 2 4 26 28 29 14 8 31 27 16 13 10 35 25 33 17 34 40 15 19 23 20 1 22 6 38 36 39 37 24 7 18 21 
14 8 39 10 16 19 13 35 1 20 2 31 33 38 27 12 37 23 36 24 15 7 21 29 30 32 34 18 25 4 3 26 6 9 28 5 17 40 11 22 
21 7 5 15 39 18 3 37 28 16 33 30 20 35 13 12 27 25 1 19 2 40 23 4 8 36 17 6 38 9 24 14 22 29 31 34 11 26 10 32 
34 10 16 19 27 25 9 26 22 38 7 23 40 11 14 6 18 39 17 8 28 32 21 15 36 29 35 4 5 24 31 2 1 12 13 33 3 30 20 37 
35 29 10 6 22 18 26 32 3 25 24 31 11 28 34 4 17 15 38 30 5 9 33 40 7 16 36 19 1 8 37 23 20 2 12 27 13 21 39 14 
9 16 32 25 6 19 10 31 30 28 17 35 2 22 40 39 29 4 8 26 11 36 37 18 15 34 13 12 27 38 24 1 20 21 5 3 7 23 14 33 
26 6 10 27 39 29 32 22 23 38 20 3 5 12 4 14 1 7 2 35 17 13 25 30 37 34 36 21 18 28 19 31 40 11 15 8 33 9 16 24 
5 37 13 20 16 6 8 9 21 35 40 25 3 2 32 24 10 17 26 38 22 19 23 11 34 28 36 18 4 33 15 29 7 39 31 1 12 30 14 27 
4 28 31 32 33 17 12 5 34 24 18 35 8 16 26 38 22 27 7 40 14 23 2 3 36 11 21 25 29 19 37 39 20 6 10 15 30 9 1 13 
14 29 37 7 2 3 28 25 21 19 11 4 36 33 10 15 1 16 20 31 38 30 9 5 13 23 26 32 12 35 40 8 34 27 24 18 17 6 39 22 
32 35 39 33 23 1 27 13 5 36 11 28 25 6 26 2 19 15 22 24 34 16 30 14 17 9 18 4 31 12 37 8 10 21 7 3 38 29 40 20 
9 15 23 18 4 17 19 31 33 14 8 5 39 27 7 29 11 2 10 22 12 13 3 35 25 16 26 37 34 1 32 36 24 21 38 40 6 30 28 20 
7 39 14 20 18 1 26 34 4 31 15 16 24 11 28 23 32 12 27 9 8 40 10 5 38 2 3 29 33 19 37 6 35 17 30 21 36 13 25 22 
15 38 40 6 27 1 33 19 8 31 9 14 16 23 5 26 11 32 17 29 2 21 34 30 12 7 13 35 25 20 39 10 24 37 18 22 28 36 4 3 
30 18 14 35 26 19 33 6 23 3 10 32 36 1 31 37 15 2 5 25 28 12 24 4 8 29 27 7 39 16 20 34 22 11 9 38 13 21 17 40 
19 23 6 38 30 27 4 36 26 9 37 12 7 35 5 40 2 22 28 17 25 1 3 21 18 8 10 34 11 33 31 13 39 14 20 24 32 29 15 16 
15 27
3 15
13 33
22 23
20 25
4 8
1 26
25 31
21 24
31 37
15 31
24 26
5 19
1 37
14 33
11 14
29 35
13 30
26 39
3 7
9 25
12 40
5 30
12 20
38 40
1 25
9 40
15 30
13 36
18 27
1 36
10 38
12 37
7 19
25 26
19 25
2 35
8 27
6 25
6 22
19 32
22 38
9 24
27 28
3 27
23 25
2 16
22 34
22 24
5 39
8 21
2 20
12 25
17 31
7 36
3 40
3 9
22 29
2 14
7 40
27 35
31 38
5 10
3 12
24 29
17 39
21 29
2 33
4 26
22 36
1 38
13 18
32 36
18 40
12 23
11 25
4 30
18 33
