40 40 39
37 30 6 31 29 38 19 25 8 20 4 5 11 33 10 9 21 24 16 7 15 12 35 26 3 17 2 22 18 1 39 40 13 28 36 14 32 23 34 27 
6 23 2 3 37 40 25 7 38 39 1 8 19 10 16 9 26 11 12 33 32 20 5 4 35 21 30 22 31 17 29 36 18 15 28 27 14 24 34 13 
4 32 34 40 39 30 21 36 5 18 16 20 11 7 17 19 35 33 26 12 2 29 31 6 13 25 9 28 15 24 23 1 10 38 37 22 3 14 27 8 
40 13 1 24 37 36 35 12 21 29 38 20 14 11 25 8 32 16 22 17 33 6 5 3 31 30 18 23 2 10 19 39 26 7 34 9 28 27 4 15 
22 20 32 33 7 5 28 8 29 16 12 14 31 3 40 23 1 18 35 25 13 6 2 24 39 9 11 4 36 21 38 19 17 27 34 26 30 15 10 37 
36 15 33 21 37 9 39 35 29 7 5 12 20 1 27 32 6 24 2 22 17 25 4 3 11 31 34 38 23 8 10 16 13 18 26 19 28 30 40 14 
8 24 40 2 3 5 10 30 20 16 36 33 9 38 11 15 17 19 31 6 23 27 21 28 25 39 12 29 14 4 34 35 7 26 22 32 18 13 37 1 
36 38 29 22 30 20 8 35 3 26 6 33 32 15 24 28 34 23 11 17 37 18 19 25 4 21 5 1 40 39 27 13 14 31 7 9 2 16 12 10 
15 6 2 30 12 31 13 37 9 26 1 36 40 35 14 10 23 25 34 11 21 29 7 27 32 8 28 24 39 18 5 19 16 17 3 4 38 22 20 33 
20 17 3 37 2 32 14 18 10 24 12 34 4 29 11 35 22 40 19 39 31 5 9 30 27 8 28 23 13 16 26 1 38 6 33 21 7 25 36 15 
34 38 28 1 27 7 14 2 11 17 3 18 20 32 31 33 26 29 12 35 10 5 22 30 21 39 4 16 13 24 6 15 8 40 37 19 23 25 9 36 
10 32 35 31 28 37 11 2 36 7 38 6 23 16 12 9 5 14 20 1 39 18 21 22 8 27 13 3 24 30 29 26 15 33 34 25 17 4 40 19 
12 9 3 24 5 1 2 11 14 38 7 27 18 6 19 16 39 25 30 34 23 32 28 20 29 33 26 21 22 31 13 17 15 8 36 10 35 4 37 40 
23 36 16 12 24 6 2 1 28 40 20 14 35 37 19 34 4 3 38 17 26 13 33 27 5 21 11 25 7 31 32 30 22 10 8 18 15 9 39 29 
38 23 19 36 22 39 15 33 9 21 26 16 11 28 7 27 10 4 31 12 6 8 35 3 14 32 13 24 37 29 2 18 20 34 25 1 5 17 30 40 
30 34 9 26 28 27 13 18 7 33 17 3 16 31 37 20 35 8 40 2 15 21 1 14 19 36 4 6 22 38 11 5 25 39 12 24 32 23 10 29 
28 8 31 12 13 27 24 14 9 18 32 20 25 10 1 26 7 29 4 40 37 23 35 17 5 33 34 3 6 16 38 19 21 39 15 2 11 36 30 22 
14 32 4 40 3 26 38 27 39 8 6 37 25 22 15 12 1 31 5 30 16 17 36 19 35 11 2 34 7 29 10 18 33 24 21 20 28 9 13 23 
10 5 7 23 31 34 17 13 19 36 2 18 32 22 4 35 11 3 38 8 37 25 14 9 29 16 12 27 15 1 28 39 33 24 30 26 20 40 21 6 
40 18 13 27 30 6 23 8 4 2 12 24 37 38 7 3 20 35 14 29 17 31 39 26 36 11 5 21 33 9 34 28 19 16 1 22 15 25 10 32 
28 23 7 14 10 5 29 36 24 1 13 9 2 17 26 34 31 3 35 40 38 22 11 37 4 12 8 18 30 16 32 25 27 21 19 15 33 39 6 20 
38 37 8 30 12 26 3 15 13 25 4 14 39 29 32 28 16 18 21 5 11 1 34 40 17 9 2 33 19 7 35 27 31 6 23 22 20 24 10 36 
40 25 37 20 16 5 33 2 12 14 21 18 32 30 19 22 34 39 8 7 15 17 11 26 28 10 9 36 13 3 38 35 31 23 24 29 1 27 4 6 
30 36 38 32 4 39 13 19 26 6 34 3 20 12 24 1 25 37 2 7 40 28 5 14 18 33 27 9 22 8 23 16 17 10 21 35 15 31 11 29 
20 8 33 23 32 14 37 12 22 16 13 9 25 19 28 2 6 4 40 11 29 15 35 30 10 3 31 17 36 38 39 7 26 21 18 27 5 24 34 1 
21 16 9 7 39 18 2 38 22 23 26 35 36 31 1 30 12 10 40 19 37 15 20 14 28 25 27 11 13 17 29 4 34 33 6 8 24 32 5 3 
10 32 24 33 22 26 20 8 16 34 9 39 14 36 2 7 3 30 21 29 38 13 6 19 17 11 35 27 12 1 40 5 37 25 23 28 31 4 15 18 
3 24 8 11 28 31 37 18 25 19 9 20 35 23 22 29 12 17 39 33 5 26 13 10 32 21 1 34 4 27 16 2 30 40 36 38 6 14 15 7 
31 10 34 1 30 36 17 38 35 13 24 21 3 22 15 2 40 8 26 28 33 39 18 5 25 32 16 12 6 19 14 9 29 23 11 7 27 20 4 37 
19 16 14 23 10 4 24 39 25 8 33 9 28 12 29 26 3 38 37 40 22 2 1 15 5 27 6 17 21 20 35 32 18 13 36 11 30 31 7 34 
38 11 29 16 24 32 19 37 30 40 15 1 35 5 6 20 10 21 23 22 26 4 31 12 14 17 18 7 27 9 3 34 13 2 33 36 25 28 39 8 
36 24 11 7 38 32 33 16 22 37 3 1 29 5 30 23 14 8 17 13 10 40 34 20 26 2 12 15 18 19 6 39 28 4 25 9 31 21 35 27 
15 33 38 10 11 29 21 17 5 3 22 40 19 28 32 30 13 27 25 16 12 20 35 14 24 9 39 31 2 37 26 6 7 34 36 4 23 8 1 18 
21 28 7 31 5 1 24 2 11 20 40 19 9 26 14 17 15 27 23 8 22 3 6 18 4 13 30 39 34 10 16 38 12 37 32 33 35 36 25 29 
10 14 15 21 28 33 5 31 34 1 39 19 30 7 27 25 35 2 17 9 32 29 8 26 38 6 3 18 11 36 24 16 20 22 40 12 4 37 23 13 
15 34 2 38 28 21 6 4 20 37 13 9 17 12 11 27 36 18 31 40 1 29 30 16 39 7 5 10 24 8 23 14 26 19 32 3 33 25 22 35 
17 13 25 15 5 14 31 4 18 9 29 28 10 36 16 20 35 32 12 26 27 8 21 33 38 6 3 23 39 34 24 2 19 11 40 1 7 22 30 37 
34 38 21 36 14 22 37 19 18 9 17 1 7 11 4 26 10 30 28 20 27 40 3 12 39 25 2 31 23 32 35 13 5 33 8 24 29 6 15 16 
1 4 33 12 30 29 31 11 25 3 20 36 21 5 27 38 32 34 24 2 8 22 40 10 17 23 39 6 15 28 18 14 13 19 7 35 37 26 16 9 
4 17 19 33 7 20 26 8 29 28 38 40 30 39 3 6 27 10 2 11 31 14 24 22 12 32 9 35 21 15 13 16 36 18 23 25 37 5 34 1 
1 21
8 23
18 26
6 35
14 33
19 33
1 11
5 8
9 15
21 27
20 21
37 39
6 37
22 34
7 32
4 28
21 33
17 32
18 39
15 29
1 9
27 40
10 23
7 40
14 40
2 36
23 24
18 32
38 39
10 36
4 15
7 13
10 14
11 20
10 33
35 38
4 21
9 38
4 32
