40 40 78
24 7 29 25 10 9 19 20 4 33 22 36 15 8 27 28 5 39 17 32 6 16 21 11 34 2 38 12 18 23 3 13 35 1 26 31 37 40 30 14 
32 20 31 35 6 30 5 15 29 23 8 11 9 3 34 12 26 36 14 24 33 1 25 2 37 38 13 10 7 18 40 21 19 39 17 28 16 4 22 27 
39 32 30 25 15 12 34 38 17 28 18 37 27 23 24 19 7 14 20 3 40 11 33 16 22 6 35 10 2 36 13 21 8 29 1 4 9 31 26 5 
28 31 32 19 1 37 12 15 17 6 25 18 14 22 10 2 11 8 26 30 4 9 16 20 3 33 38 40 34 21 36 13 24 7 39 35 27 5 23 29 
8 32 16 1 4 11 18 6 26 9 29 33 20 28 36 5 10 35 40 31 24 25 27 19 12 15 39 7 38 13 2 37 21 22 3 23 14 34 30 17 
16 3 18 38 26 29 20 8 4 31 40 1 21 19 9 34 5 27 6 36 28 15 12 24 32 39 7 2 37 25 17 22 23 13 10 14 35 33 11 30 
12 40 39 10 37 28 21 11 14 20 2 26 8 7 5 3 1 15 38 19 27 36 13 24 34 4 30 35 33 22 17 32 6 31 16 25 23 9 18 29 
36 14 20 25 17 29 37 6 9 35 34 39 11 13 10 18 5 2 33 23 12 32 22 28 27 4 38 21 31 24 7 1 26 16 30 15 40 8 3 19 
35 12 31 33 24 10 29 1 11 18 2 20 3 9 38 27 26 40 15 22 39 8 17 28 21 5 13 37 4 30 19 36 23 25 34 6 7 14 16 32 
13 27 22 3 30 35 34 40 29 14 4 5 1 39 9 20 32 28 26 38 8 18 36 10 33 31 17 7 23 12 21 6 15 11 2 25 37 24 16 19 
12 32 37 6 21 7 29 18 17 19 14 15 9 35 30 2 36 34 11 23 8 28 13 27 1 39 16 22 38 33 3 25 24 31 5 26 10 4 40 20 
37 15 16 32 30 26 35 21 23 14 5 40 33 38 28 8 4 12 31 20 7 39 11 2 13 17 6 36 1 10 27 19 29 3 18 25 24 22 34 9 
6 13 21 8 24 36 31 32 4 16 22 11 38 15 30 3 20 28 34 2 7 10 19 1 39 17 40 18 35 27 26 37 33 9 23 12 14 25 5 29 
10 36 35 20 18 29 4 12 34 24 7 8 40 5 16 2 26 23 25 38 28 31 9 39 3 21 13 11 6 1 22 17 32 37 14 19 30 33 27 15 
10 28 30 11 6 17 19 39 34 38 5 37 36 33 3 21 26 32 8 20 9 4 14 31 7 15 25 22 13 2 1 27 40 35 12 23 29 18 24 16 
2 30 18 35 4 6 33 26 28 17 24 5 13 9 14 11 15 12 19 7 32 23 37 29 8 38 39 10 36 31 34 25 20 16 3 40 1 21 22 27 
20 17 16 29 13 11 24 2 9 12 31 5 15 36 21 10 7 34 28 8 30 39 25 23 19 1 26 22 4 35 33 18 40 3 37 14 6 38 27 32 
35 24 25 2 23 5 28 27 7 31 9 4 21 37 16 10 39 18 6 12 26 20 34 1 3 14 38 19 11 15 22 40 29 17 30 8 13 36 32 33 
25 26 24 5 9 28 17 23 27 21 30 32 10 3 12 8 11 40 13 36 38 6 2 19 34 4 22 33 37 18 35 29 14 39 16 7 15 31 20 1 
32 29 19 18 35 8 21 5 33 34 1 15 24 37 16 10 31 14 39 28 11 26 7 40 30 22 13 2 6 4 9 27 12 17 3 38 23 25 20 36 
28 14 24 8 5 34 21 37 38 15 18 31 19 29 11 17 10 36 12 32 20 30 39 2 13 9 33 23 25 22 3 16 1 27 6 35 40 7 4 26 
38 26 39 34 17 29 31 36 14 15 5 30 21 33 16 22 11 37 9 40 12 20 6 27 4 25 19 18 35 7 1 2 32 13 8 3 28 23 10 24 
14 34 32 7 10 24 30 39 33 28 40 9 25 16 36 20 1 29 5 35 37 4 23 31 18 22 3 15 11 17 2 12 8 19 6 27 21 13 38 26 
13 5 11 39 10 37 35 31 36 27 1 32 22 7 2 19 18 15 9 4 3 30 26 24 25 6 29 23 21 12 16 20 14 17 28 40 33 38 8 34 
13 6 16 24 38 1 10 27 20 2 28 22 17 31 12 23 39 25 35 7 5 18 37 15 26 32 29 8 34 33 30 4 19 9 14 21 3 40 36 11 
8 40 23 38 10 9 3 34 27 18 35 17 29 14 36 7 2 26 33 11 15 19 21 32 12 25 30 28 4 39 37 6 13 16 1 31 22 5 20 24 
18 20 2 4 32 26 40 25 27 24 30 10 29 12 38 11 15 21 17 5 16 37 22 19 6 3 7 28 14 1 8 13 39 35 31 34 9 23 33 36 
13 3 35 9 39 10 7 15 40 6 38 27 36 26 21 34 33 37 31 25 1 4 30 16 28 29 2 20 17 24 8 19 14 32 11 5 18 23 12 22 
40 10 6 16 36 5 25 21 15 34 1 29 26 38 39 28 32 20 22 11 9 23 24 37 17 33 3 27 13 12 31 30 19 18 8 2 14 4 7 35 
19 28 25 34 3 18 4 23 26 30 22 12 1 9 24 27 39 5 31 38 16 36 2 7 11 14 32 10 29 37 35 40 17 13 15 6 8 33 20 21 
11 2 23 10 14 31 28 13 33 20 32 19 6 7 18 8 16 1 34 36 37 12 35 21 40 39 24 26 29 15 3 30 25 9 27 5 4 17 22 38 
30 23 5 21 3 29 13 35 38 19 1 18 31 15 20 11 27 8 4 33 9 12 2 6 40 7 39 14 36 24 32 17 22 10 28 26 16 34 37 25 
7 25 19 35 18 10 3 31 11 27 14 29 13 23 8 22 38 17 26 16 34 21 20 12 32 6 1 15 24 39 40 33 2 9 37 28 4 5 36 30 
30 11 16 31 2 8 3 38 15 19 13 17 29 18 21 1 20 32 39 12 40 9 36 34 10 37 27 33 24 7 23 26 6 14 25 28 35 4 22 5 
12 33 1 39 6 9 21 30 18 7 32 3 29 15 2 4 8 11 17 13 38 20 22 28 19 40 37 5 23 27 31 16 24 26 14 36 25 34 10 35 
1 33 17 11 10 23 9 31 14 39 4 18 13 16 36 21 3 26 8 15 12 22 32 5 7 40 2 19 34 38 37 6 30 20 35 28 24 25 29 27 
18 36 27 3 5 26 6 2 4 39 1 8 15 34 12 38 20 13 28 35 31 24 21 14 17 23 32 11 33 40 7 29 37 22 30 25 16 19 9 10 
33 14 13 22 27 7 21 34 26 24 12 18 4 23 15 30 36 31 37 39 8 28 17 1 3 32 20 38 11 25 19 5 40 2 35 16 29 10 9 6 
1 11 33 16 5 23 10 39 22 24 2 26 9 13 19 6 36 12 35 7 14 31 30 3 17 8 32 29 4 28 27 21 38 18 25 34 40 15 37 20 
38 31 33 15 20 37 29 25 7 28 5 2 32 39 22 9 1 6 14 8 4 12 27 16 26 30 18 23 11 10 40 17 21 36 3 24 34 35 13 19 
24 30
13 33
6 39
29 40
28 29
4 18
5 13
6 35
22 40
2 12
3 38
4 31
4 33
5 8
35 37
3 24
7 20
3 34
25 30
22 27
26 32
15 30
12 13
3 10
12 37
16 22
20 39
4 23
2 13
7 19
13 40
22 38
14 23
27 32
36 39
15 22
9 32
6 18
7 14
13 35
37 38
20 31
3 33
30 34
12 38
3 30
2 20
16 33
21 23
13 39
26 30
1 9
7 22
7 40
30 39
33 34
20 23
13 23
1 22
6 8
16 31
31 38
5 38
30 40
10 25
9 23
11 32
15 33
10 14
13 18
1 38
6 13
14 21
6 27
10 29
9 19
3 4
9 12
