40 40 39
5 10 14 19 1 18 3 37 2 13 8 12 20 28 21 40 39 15 9 30 4 16 22 6 32 27 29 38 33 35 34 25 26 24 17 23 36 11 7 31 
15 23 39 34 27 21 7 36 33 38 2 13 11 14 28 19 29 12 20 16 24 18 5 37 35 17 9 31 10 40 1 26 4 22 3 30 6 25 32 8 
8 17 15 19 14 9 38 34 31 20 18 6 26 36 13 29 40 33 39 10 22 37 35 7 23 4 32 25 28 27 1 30 11 12 16 3 21 2 5 24 
35 37 14 2 3 31 11 29 26 32 38 25 1 21 9 19 15 34 33 7 40 39 17 27 18 24 5 10 36 12 20 23 6 28 13 30 8 4 16 22 
17 35 12 29 26 36 38 33 11 30 32 15 10 25 18 1 16 6 22 23 40 28 13 3 19 9 8 21 4 31 20 7 5 2 24 34 14 27 37 39 
32 25 39 15 34 24 3 18 21 9 4 22 36 35 8 17 10 7 40 33 31 12 14 11 13 26 30 38 6 28 23 19 37 16 27 1 5 2 20 29 
22 26 14 36 4 30 20 9 40 16 39 11 6 21 25 23 8 1 29 12 38 34 2 31 18 17 13 35 37 5 10 32 33 3 24 15 28 7 27 19 
25 20 5 27 9 16 29 2 32 14 18 10 37 26 28 23 11 21 24 39 36 4 40 34 38 17 35 22 1 19 8 33 7 13 3 31 12 15 30 6 
24 14 6 18 1 5 39 9 33 31 17 19 28 34 13 3 36 29 38 23 11 7 27 8 35 32 4 40 26 21 15 16 22 30 2 25 10 37 12 20 
32 19 31 7 25 22 11 14 2 28 13 35 3 37 8 20 10 16 40 1 17 30 26 29 18 4 21 24 9 6 39 38 15 36 5 33 27 12 34 23 
31 16 23 34 12 39 24 5 21 22 26 10 38 35 3 32 29 30 1 11 14 27 17 25 36 19 6 40 15 20 28 4 18 37 7 9 8 2 13 33 
8 15 20 22 9 18 37 2 12 40 24 38 5 34 26 13 31 32 23 21 16 10 7 1 29 28 39 11 33 4 25 30 19 27 17 6 14 35 36 3 
22 8 11 21 33 30 39 6 18 12 37 32 38 2 27 14 34 5 35 10 19 40 7 25 29 16 1 13 23 9 3 28 31 36 26 20 15 4 24 17 
37 9 18 16 38 20 14 3 7 17 25 26 21 5 35 29 28 6 22 40 2 10 39 34 33 31 15 8 24 27 1 23 12 32 13 36 30 4 19 11 
10 9 25 15 2 32 7 27 22 28 20 39 23 12 17 40 38 33 30 18 8 5 11 35 1 13 36 3 24 21 4 26 34 19 6 29 14 16 37 31 
7 21 31 33 37 39 11 6 15 38 12 40 28 4 5 25 16 10 1 32 19 35 23 30 9 26 3 22 34 24 29 13 20 36 8 17 14 27 18 2 
38 32 16 34 25 33 29 24 5 30 11 35 26 8 40 10 12 18 1 15 20 21 22 36 2 28 17 19 27 39 6 9 23 7 13 4 31 3 14 37 
32 27 5 12 10 28 23 16 29 31 38 2 24 4 22 33 34 18 17 15 1 9 21 13 3 35 19 7 8 14 40 20 36 25 11 37 26 39 30 6 
26 19 35 5 9 4 14 10 1 38 18 23 8 29 3 27 7 2 24 6 36 31 11 15 13 17 28 34 32 22 37 40 16 33 30 20 12 21 39 25 
37 15 20 25 36 22 16 32 38 9 18 19 33 40 2 28 11 23 12 1 35 6 21 26 34 14 17 10 39 31 29 27 3 30 5 24 4 8 7 13 
20 13 18 31 11 24 16 36 19 27 6 3 10 7 37 1 26 15 29 14 12 8 21 2 23 38 40 9 35 28 17 39 34 30 25 4 32 22 33 5 
22 8 39 37 10 35 31 25 32 36 13 29 38 33 11 20 28 6 1 40 17 9 18 15 5 12 21 4 26 30 3 19 16 2 27 34 14 7 24 23 
35 1 30 21 31 37 2 29 28 26 5 14 23 15 11 40 8 6 10 13 36 20 32 9 3 18 34 24 22 25 19 12 27 38 39 4 16 17 7 33 
36 9 18 33 30 8 32 23 5 24 20 10 27 29 14 19 22 15 6 11 40 7 3 37 31 2 26 28 39 25 21 12 17 38 34 4 1 13 16 35 
34 31 8 32 20 22 38 9 15 17 16 1 21 12 14 35 29 3 40 37 11 27 19 4 18 24 28 39 33 7 23 13 5 26 10 6 25 30 36 2 
37 22 13 38 35 19 25 24 3 20 2 16 29 4 10 26 34 15 30 8 6 39 7 40 9 11 23 27 33 32 1 17 31 28 18 12 36 21 5 14 
35 7 29 25 27 14 2 31 3 9 23 17 32 38 28 11 40 5 22 20 19 4 36 24 21 39 26 13 12 15 6 10 33 37 1 16 18 8 30 34 
29 34 30 21 40 6 28 35 20 27 7 38 1 10 22 24 16 31 11 19 17 15 37 18 23 3 5 12 8 36 25 9 4 13 26 32 14 33 2 39 
8 11 38 20 31 32 24 7 22 3 35 17 18 39 26 5 9 30 4 13 27 2 1 6 10 23 40 14 33 25 37 34 21 15 36 28 12 19 29 16 
19 33 4 36 21 22 18 31 32 40 15 3 13 34 1 7 12 20 39 35 17 24 25 29 30 27 28 23 10 16 9 37 2 8 5 26 6 38 14 11 
33 15 32 7 35 1 20 34 25 6 27 10 38 36 2 30 9 17 12 3 29 19 16 40 5 31 8 39 21 11 14 23 18 26 22 24 13 28 4 37 
31 40 36 11 5 15 2 14 19 39 38 27 6 32 30 12 26 33 8 37 34 35 1 17 23 7 22 28 13 10 25 9 20 24 3 21 16 4 29 18 
21 20 28 3 38 40 2 35 4 31 36 14 13 10 17 11 24 29 7 27 19 25 15 37 16 39 6 33 22 9 34 23 32 18 8 5 30 1 26 12 
20 17 6 28 30 27 2 8 32 24 18 38 33 22 23 3 34 25 14 12 29 21 39 7 40 37 26 31 11 13 35 1 10 19 15 4 5 16 9 36 
16 38 34 17 29 12 27 23 9 22 35 15 24 37 31 1 4 40 6 33 18 25 2 13 8 14 10 36 32 5 21 26 7 11 20 28 19 3 30 39 
20 15 13 10 29 11 28 8 25 35 18 9 23 33 16 22 40 4 39 17 6 3 19 14 12 36 2 1 38 34 32 5 21 37 30 7 26 27 24 31 
25 14 13 28 12 34 6 33 2 39 11 15 37 23 29 7 20 24 8 18 27 17 22 30 9 35 32 16 4 10 21 5 40 31 3 19 26 38 36 1 
22 40 10 12 38 14 29 39 33 20 16 36 13 3 35 37 19 9 23 7 25 5 21 1 24 17 30 31 6 4 32 26 8 18 11 27 34 28 15 2 
39 13 30 21 4 10 8 24 15 5 27 18 7 40 20 35 37 25 29 6 11 32 9 2 36 23 38 12 28 16 1 31 33 22 26 17 34 19 3 14 
38 10 31 29 28 26 21 25 15 8 18 16 30 2 39 32 1 19 13 37 35 12 17 6 23 22 27 33 36 24 20 9 7 5 34 14 3 40 11 4 
34 38
14 37
28 29
17 29
20 34
5 13
17 34
14 26
13 21
13 32
6 36
2 38
6 7
9 40
3 39
1 24
6 40
30 34
13 15
1 4
6 30
7 36
9 16
24 35
3 26
4 20
37 40
1 35
1 22
19 38
7 13
22 36
10 14
9 30
11 20
10 20
20 37
23 27
31 33
