40 40 39
38 25 36 39 5 7 17 33 12 27 1 15 31 18 10 16 26 13 24 34 32 19 6 3 21 11 4 22 14 20 8 28 37 9 30 23 40 2 35 29 
12 37 1 17 16 14 30 32 7 13 25 27 5 39 2 26 22 23 15 8 9 10 38 29 20 24 33 6 4 11 31 35 40 34 28 21 18 19 3 36 
29 6 26 21 16 14 35 34 22 24 15 9 13 25 12 33 39 10 32 4 11 23 30 1 7 28 37 20 27 3 19 18 36 2 5 40 38 31 8 17 
30 33 19 40 37 21 23 25 35 18 15 1 36 32 29 3 14 6 28 20 24 38 12 16 7 39 22 31 17 11 10 9 2 4 13 8 34 27 5 26 
9 25 13 16 11 38 18 1 28 21 15 19 5 37 12 36 14 30 7 29 24 2 23 40 27 39 20 3 31 10 34 17 26 33 8 32 6 22 35 4 
25 21 17 16 2 14 28 19 15 31 13 22 8 36 24 9 23 7 35 5 30 18 39 4 11 29 20 40 34 1 27 37 32 10 12 26 3 6 33 38 
17 39 25 3 36 30 12 10 13 9 8 18 35 1 7 14 5 21 6 37 29 24 15 38 19 28 27 22 4 40 20 34 23 26 31 2 32 33 11 16 
15 7 17 13 31 18 16 8 40 28 25 24 35 2 9 39 26 5 11 36 33 34 30 10 12 32 6 21 4 14 19 23 1 37 22 27 38 3 20 29 
17 16 25 6 2 33 22 26 1 14 8 38 9 3 10 4 36 40 23 15 24 12 35 27 34 39 13 21 37 7 28 32 19 20 5 18 11 30 31 29 
8 20 34 26 9 12 15 10 31 4 27 1 37 35 16 5 18 23 36 3 13 28 6 39 7 2 17 25 14 29 19 30 40 33 24 22 38 21 11 32 
11 37 25 15 35 17 31 12 38 16 39 14 8 40 7 29 24 19 22 9 27 20 10 26 23 21 28 4 1 5 34 36 13 6 2 32 33 18 3 30 
18 27 29 33 39 4 22 31 40 13 21 5 10 16 15 30 24 34 1 6 35 14 36 7 25 32 8 3 20 9 11 23 19 2 28 38 12 17 37 26 
36 13 39 38 37 6 10 32 34 7 22 17 31 2 26 8 9 33 14 3 5 16 29 24 18 21 19 11 15 12 25 35 30 4 27 28 1 40 20 23 
36 40 17 8 30 18 25 20 19 37 22 39 26 10 38 29 21 14 35 5 24 12 31 13 9 4 15 7 6 27 3 2 23 11 28 16 32 33 34 1 
16 31 1 8 36 13 2 19 17 29 18 11 38 12 22 3 28 14 33 9 32 37 40 24 23 27 6 10 25 15 35 30 5 34 39 7 4 26 21 20 
37 9 8 15 23 21 38 4 5 35 13 12 18 3 20 25 22 39 36 40 6 2 33 24 31 28 10 29 1 26 14 7 32 16 11 17 30 27 34 19 
26 27 5 21 33 14 19 15 40 13 2 24 35 23 18 3 34 17 1 39 7 8 6 28 36 12 20 16 10 38 22 30 25 32 11 4 37 31 9 29 
35 9 8 14 22 3 21 4 27 39 2 13 12 40 38 10 28 5 26 18 33 1 24 20 31 23 34 17 11 29 19 30 7 36 32 6 25 15 37 16 
10 32 5 31 13 37 35 15 33 29 8 38 12 40 36 27 34 28 23 17 26 21 16 11 30 4 3 7 1 18 20 6 9 39 19 25 24 22 14 2 
39 11 17 21 18 6 37 32 35 40 24 36 30 33 12 23 10 26 28 25 5 4 38 1 16 22 27 8 15 20 3 19 14 7 13 31 34 29 9 2 
33 22 15 23 7 28 17 6 31 27 39 16 40 34 14 3 24 19 30 21 20 2 11 5 29 13 37 8 32 25 9 18 1 35 4 12 10 36 38 26 
1 26 11 27 3 22 16 13 33 25 9 4 36 18 23 5 20 8 38 35 2 7 37 34 40 12 28 10 31 29 15 24 19 14 21 17 32 39 30 6 
26 37 27 28 39 8 20 12 17 18 31 22 29 19 21 14 16 35 25 2 13 40 11 38 10 9 15 24 1 6 33 36 30 7 5 4 32 34 23 3 
10 19 35 12 26 15 40 16 21 32 9 17 34 23 31 3 5 2 24 1 27 28 13 39 37 6 22 36 20 14 7 30 25 29 4 38 33 11 18 8 
38 19 35 28 12 37 36 18 13 2 1 31 8 30 32 14 11 27 7 21 3 15 10 22 6 29 24 23 16 4 33 26 34 17 40 25 5 39 20 9 
16 29 6 31 4 17 24 20 30 26 1 3 10 34 19 5 35 13 21 25 22 7 8 9 40 23 15 32 2 27 18 14 38 37 33 12 39 36 28 11 
15 25 6 28 27 14 31 38 30 37 10 23 33 12 35 5 19 13 7 22 39 34 11 3 9 32 21 29 24 2 40 17 20 26 18 1 36 4 16 8 
1 20 3 6 23 40 19 37 21 30 28 17 39 38 22 27 7 13 14 31 25 35 15 8 2 11 10 12 16 32 24 5 4 36 26 29 18 34 33 9 
39 29 19 3 27 5 21 12 25 10 1 14 40 9 22 36 38 20 35 30 6 11 31 8 17 24 4 37 23 16 28 7 2 15 33 26 18 34 13 32 
13 5 32 33 3 18 22 17 28 20 26 29 25 4 2 15 21 27 36 37 7 9 12 1 30 40 35 19 10 6 8 24 16 34 39 38 14 31 23 11 
34 22 11 13 30 31 38 20 29 5 4 14 3 1 16 9 2 33 37 18 24 28 25 10 15 19 8 39 21 26 12 17 23 40 27 35 7 36 32 6 
8 22 20 23 35 1 6 39 21 38 14 7 18 5 2 40 30 4 19 36 24 10 31 37 15 9 29 17 26 16 34 27 25 33 12 11 32 28 13 3 
5 24 15 12 25 39 31 28 3 6 22 23 11 36 30 7 18 14 10 8 4 27 16 26 17 40 33 1 21 38 29 37 19 35 20 13 32 34 9 2 
30 33 34 15 13 7 29 38 37 25 10 18 8 31 28 27 6 12 20 1 5 9 23 35 21 3 40 32 24 14 22 2 4 17 19 39 26 16 36 11 
24 1 14 2 39 19 6 27 34 40 28 10 37 38 15 33 11 22 5 29 36 35 32 18 16 20 26 13 31 30 4 25 3 7 21 8 12 23 9 17 
20 11 8 4 37 34 21 6 12 10 23 29 14 33 15 13 19 27 1 35 9 5 28 3 18 36 30 2 39 40 32 22 31 25 24 38 16 7 26 17 
12 26 16 38 15 30 37 29 5 6 4 31 25 17 33 20 18 24 19 10 21 9 14 13 36 7 28 32 35 11 23 39 34 3 8 1 22 2 40 27 
26 1 34 31 13 12 18 11 27 5 36 7 15 20 22 19 38 39 29 40 3 16 21 10 6 8 17 2 23 14 30 33 9 28 4 24 25 37 32 35 
38 3 23 26 22 13 28 12 25 19 15 5 21 29 7 27 16 24 11 35 34 2 4 10 18 1 14 33 40 36 37 32 39 8 17 6 31 9 20 30 
11 27 21 10 23 20 40 7 13 37 24 35 34 3 31 5 22 30 39 15 32 1 14 33 8 2 6 4 28 26 25 12 16 29 36 9 19 17 18 38 
22 23
5 6
22 37
4 27
8 9
25 32
8 19
32 37
6 14
8 14
21 27
16 36
8 10
13 16
22 28
17 36
14 28
18 35
20 22
11 30
3 23
5 17
21 23
7 18
4 16
22 39
7 22
23 38
7 40
29 37
8 26
1 35
24 40
13 34
21 29
11 29
1 38
5 27
8 27
