40 40 78
23 26 11 17 3 18 25 19 5 9 37 29 16 22 31 4 27 20 36 39 14 2 35 33 32 7 8 38 1 28 24 13 6 30 40 10 34 15 12 21 
37 34 31 10 4 26 20 17 22 6 33 35 28 2 3 11 27 9 16 8 40 12 18 19 29 5 21 38 32 39 7 25 30 36 24 23 14 1 15 13 
22 3 1 39 10 14 32 28 5 18 9 21 7 29 4 12 11 24 25 13 16 30 34 37 40 27 35 19 8 2 20 15 26 38 23 33 6 31 36 17 
12 34 15 2 6 16 10 27 11 5 21 37 39 13 1 32 29 4 25 26 31 30 3 22 14 23 19 35 33 20 24 18 38 9 17 7 8 28 40 36 
9 39 24 19 17 18 34 16 6 33 35 15 1 26 37 29 28 8 12 32 5 38 2 3 36 23 40 27 30 22 14 4 20 25 13 10 7 21 31 11 
3 22 34 19 40 13 38 31 11 24 37 5 39 17 21 28 32 26 29 20 10 12 15 18 7 14 8 25 9 16 6 27 36 30 33 35 4 1 2 23 
27 15 23 30 36 9 35 25 20 13 1 28 12 3 21 39 29 4 11 31 34 2 17 19 7 16 33 32 14 24 22 38 26 5 37 18 8 6 10 40 
11 5 13 4 38 19 15 37 18 6 32 8 35 1 22 33 7 3 36 17 24 27 2 21 26 34 20 25 30 39 23 10 14 9 28 29 40 16 12 31 
20 26 34 8 29 21 25 5 27 28 3 35 23 36 24 9 13 18 31 33 38 1 32 15 30 40 4 7 2 19 10 6 22 39 37 12 16 11 17 14 
30 18 20 22 34 8 4 29 15 21 25 1 27 9 31 33 26 19 7 13 10 5 12 40 14 23 16 36 3 38 39 37 24 32 6 11 35 17 28 2 
10 38 26 18 9 30 4 23 28 6 13 25 39 40 29 11 1 19 35 15 37 17 12 31 32 5 33 14 3 20 22 24 2 8 34 36 7 27 16 21 
7 12 19 27 20 29 11 5 9 40 22 28 17 10 21 14 18 35 36 26 2 23 13 33 15 16 24 3 39 4 38 25 37 31 1 34 30 6 32 8 
5 33 26 37 6 14 16 20 11 18 17 38 24 22 27 3 29 9 2 8 12 35 21 28 10 1 39 34 25 23 36 32 40 4 31 13 7 15 19 30 
39 37 1 27 17 26 38 32 30 12 4 25 8 7 18 3 22 5 24 28 9 34 15 20 40 11 29 31 13 16 33 19 14 2 21 10 23 6 35 36 
1 11 15 24 12 37 13 40 33 34 29 5 21 20 39 31 28 3 23 32 26 19 30 10 22 9 4 17 35 6 36 7 38 8 18 14 16 27 2 25 
35 12 23 7 1 28 37 13 8 26 16 15 10 11 22 30 39 9 21 3 38 29 27 18 32 24 40 17 34 5 31 36 25 6 19 14 2 33 20 4 
14 35 33 29 19 17 37 11 6 23 8 27 5 16 1 24 15 26 39 34 28 25 7 3 32 36 10 38 30 2 18 40 21 9 20 13 22 4 12 31 
35 23 5 38 11 30 20 16 31 36 13 7 1 21 33 4 39 10 40 37 14 12 26 2 22 24 29 34 25 15 32 9 6 19 17 27 18 8 3 28 
39 1 17 33 5 4 29 23 2 3 20 31 34 27 30 22 36 32 19 37 35 25 10 9 38 26 7 40 28 6 12 13 11 14 24 18 8 15 21 16 
18 19 33 1 39 35 2 25 40 16 37 38 21 10 20 34 31 27 22 17 11 26 23 7 13 32 5 9 8 36 29 30 6 15 28 14 4 24 3 12 
37 15 21 12 10 14 2 8 24 5 29 39 25 22 4 1 9 31 16 34 18 6 23 13 26 33 28 40 19 32 27 38 11 17 7 20 3 36 30 35 
21 18 4 7 30 11 6 5 36 40 39 19 16 15 1 10 35 31 28 33 24 34 12 17 20 37 27 32 9 26 8 13 22 3 2 23 25 14 38 29 
13 37 22 26 2 34 12 38 31 6 32 23 7 8 28 20 18 29 16 35 10 24 1 3 36 40 30 11 25 21 9 15 5 4 39 17 33 14 27 19 
3 9 12 31 20 38 1 4 33 15 14 24 13 7 21 39 11 23 40 37 8 29 18 22 35 28 2 17 16 27 25 34 32 26 36 19 6 30 5 10 
15 10 33 11 27 13 4 14 21 29 39 7 5 3 25 36 24 20 32 9 19 23 30 8 26 34 17 35 31 16 37 40 38 1 28 6 2 22 12 18 
11 31 37 15 34 2 12 32 35 13 19 39 21 16 40 9 28 23 25 18 33 5 26 7 6 27 30 1 8 22 29 3 10 14 24 17 36 38 20 4 
33 15 13 29 36 19 12 30 7 14 5 6 3 24 18 4 27 9 2 40 38 16 28 23 25 1 31 21 39 20 32 34 17 37 22 35 8 11 26 10 
22 24 21 4 37 9 18 19 16 3 12 8 25 26 17 35 11 34 38 36 14 7 5 32 20 27 40 10 13 30 23 39 15 33 29 6 28 1 2 31 
20 30 13 40 2 21 10 3 39 5 8 26 24 29 31 27 32 22 6 25 28 38 34 9 36 1 18 15 14 37 12 11 4 7 23 33 19 35 16 17 
2 24 39 9 29 26 37 16 31 7 21 13 27 18 15 32 14 12 25 17 30 35 20 11 1 4 19 40 8 33 36 6 34 22 3 28 38 23 10 5 
1 40 23 15 26 16 6 3 5 7 39 21 25 18 27 29 24 34 4 36 12 31 14 8 20 13 35 2 9 10 30 33 28 32 19 37 17 38 11 22 
7 33 18 10 14 21 2 36 20 38 40 19 4 8 37 5 31 25 1 28 17 35 6 34 29 3 39 22 15 30 23 16 11 12 32 13 24 26 9 27 
1 25 28 33 12 40 36 35 39 22 38 18 5 26 11 7 32 9 2 24 14 17 27 34 8 16 31 13 30 37 20 15 21 4 3 19 23 10 29 6 
36 21 6 38 16 9 23 5 1 18 30 7 17 28 27 2 39 20 10 8 34 40 12 15 31 3 11 33 13 19 32 4 22 14 26 24 35 37 29 25 
27 38 28 34 3 4 13 7 35 15 24 16 5 6 30 8 23 12 20 10 9 17 29 14 19 2 26 36 1 40 25 21 33 37 22 31 18 11 39 32 
5 29 37 26 7 9 1 32 12 20 15 4 6 39 34 33 31 3 14 19 18 27 16 36 13 8 22 28 35 25 10 38 40 23 2 24 11 21 30 17 
36 28 23 37 5 33 27 29 13 14 10 32 6 18 17 19 2 35 12 8 20 9 16 26 15 11 24 31 4 7 34 3 22 25 38 21 39 40 1 30 
19 38 27 35 8 17 9 29 31 30 4 21 40 16 13 34 1 5 6 3 36 26 24 20 10 15 37 2 39 25 18 7 14 23 22 32 12 11 33 28 
39 37 17 2 21 27 7 18 20 10 22 15 30 24 6 31 35 4 19 32 26 29 1 14 9 5 3 40 12 36 28 11 38 23 8 33 16 34 25 13 
28 4 37 35 30 2 20 36 38 39 31 13 24 8 29 15 40 6 25 23 19 14 32 17 26 22 9 5 27 7 3 1 34 33 21 12 11 18 10 16 
28 37
3 25
6 39
18 22
20 34
17 20
28 34
25 32
4 12
18 19
3 28
29 35
21 39
31 32
11 19
4 33
9 25
1 2
32 33
30 33
8 24
5 23
36 38
20 35
26 29
6 10
18 27
11 22
14 38
14 27
3 31
24 34
3 6
19 32
7 23
17 36
20 27
29 38
14 28
12 21
19 28
1 23
29 30
19 39
8 33
25 38
14 24
21 40
12 38
18 39
9 10
3 40
5 15
3 9
33 38
28 32
25 34
6 12
2 36
3 5
21 25
22 25
19 38
8 12
3 32
12 26
7 13
9 35
21 29
15 33
11 29
1 8
20 28
9 30
8 18
35 38
5 33
25 40
