40 40 78
20 15 29 14 32 16 37 2 24 19 39 10 18 27 22 38 12 13 35 28 4 17 40 6 3 26 25 11 31 21 34 33 7 8 9 30 36 1 5 23 
33 24 34 21 40 38 27 16 30 18 36 31 19 22 37 29 10 28 2 20 7 6 14 25 9 32 3 11 5 13 35 39 4 17 15 8 23 26 1 12 
23 17 24 39 11 28 7 13 38 20 2 21 26 8 40 36 30 1 34 6 12 31 19 3 9 35 18 25 29 4 5 32 10 15 16 22 37 27 14 33 
8 37 22 2 18 20 24 26 32 10 12 38 9 5 17 14 33 19 40 21 31 27 4 15 35 23 7 29 13 3 11 39 36 28 16 30 34 25 1 6 
28 34 31 1 16 12 9 24 21 4 20 14 8 10 13 7 25 35 33 18 40 32 23 5 11 36 37 15 3 27 2 17 29 19 38 39 30 6 22 26 
29 15 35 28 5 17 10 39 33 18 8 1 16 9 40 20 31 12 25 14 36 27 19 21 23 11 34 6 38 37 4 30 22 13 7 2 26 3 24 32 
21 39 16 34 31 29 40 37 10 8 15 3 13 7 19 38 6 36 30 28 12 33 18 4 14 25 24 11 9 23 32 26 35 27 17 5 20 22 2 1 
40 39 27 1 3 22 23 6 33 17 9 18 14 30 5 29 21 11 28 15 37 4 8 2 19 12 24 36 34 20 16 26 10 32 31 38 13 35 25 7 
20 3 32 22 10 12 24 40 11 37 15 38 14 5 23 28 16 9 34 31 18 29 39 21 13 2 25 26 30 33 6 4 35 8 27 36 7 1 17 19 
30 35 24 27 18 37 17 1 40 4 9 25 12 33 15 29 7 31 23 5 14 26 34 19 38 16 6 32 21 13 8 2 3 10 22 36 39 11 20 28 
36 38 7 29 34 28 14 8 21 10 22 25 2 27 9 3 32 37 5 18 35 24 4 12 40 19 13 6 16 11 17 15 1 33 23 26 30 39 31 20 
26 33 30 1 39 7 40 17 13 22 28 19 27 11 25 21 29 38 15 14 8 6 20 37 9 34 10 32 16 5 23 35 3 18 12 31 36 24 2 4 
34 22 16 4 26 40 19 17 29 1 12 39 7 5 18 23 37 33 28 10 11 27 36 9 15 13 30 32 21 24 35 8 31 25 20 3 38 6 14 2 
3 17 35 31 37 33 15 32 7 30 38 8 22 10 25 34 20 16 29 27 36 28 19 18 1 4 40 12 23 6 9 26 14 5 11 2 24 21 39 13 
10 13 9 4 35 20 30 29 8 22 12 16 28 23 26 31 14 11 37 15 17 33 25 40 36 18 39 32 21 38 3 2 34 5 24 27 6 19 1 7 
17 8 24 19 15 14 4 35 10 20 28 33 5 39 2 13 11 7 30 38 16 18 37 6 40 34 36 9 25 22 29 32 1 12 27 31 3 26 23 21 
6 5 31 32 27 18 10 40 23 1 39 35 20 12 38 28 16 37 24 11 7 34 33 4 29 13 30 26 21 3 25 19 8 36 22 14 15 2 9 17 
5 29 4 32 25 2 28 31 3 34 16 1 15 11 26 24 37 6 14 33 40 35 20 17 39 27 18 30 13 38 8 22 10 7 36 19 9 12 23 21 
35 37 20 24 21 1 2 16 10 11 5 39 30 3 34 15 32 9 19 13 6 27 8 31 4 33 36 7 17 29 18 25 28 38 14 40 26 12 22 23 
26 6 1 28 39 3 25 16 8 2 20 9 12 11 7 30 14 27 35 37 24 40 38 21 15 31 19 33 36 32 5 13 34 29 22 10 4 23 18 17 
8 14 21 7 12 18 30 5 29 32 38 11 23 20 26 9 10 13 19 33 25 4 3 1 22 16 24 15 39 27 35 28 37 31 6 40 36 17 2 34 
34 15 37 31 39 26 11 40 23 20 30 6 38 22 4 24 32 3 17 29 5 9 33 16 25 18 14 2 12 13 27 1 21 10 7 19 8 28 36 35 
12 36 35 10 16 4 19 3 40 23 9 15 7 26 28 30 1 33 14 34 29 2 31 18 22 5 8 25 20 21 6 38 27 37 32 13 17 11 39 24 
15 14 17 31 12 9 29 18 30 6 28 24 33 21 7 40 16 37 8 27 34 23 26 38 32 20 36 3 5 10 35 19 39 13 1 11 25 4 22 2 
12 8 7 37 28 4 25 13 40 39 33 21 24 35 34 2 16 36 27 19 26 9 14 32 38 29 22 11 5 15 30 18 6 10 17 31 3 1 20 23 
25 3 24 11 8 23 18 12 34 1 5 37 2 35 17 7 14 16 9 29 10 20 4 13 40 32 31 36 28 26 22 33 21 15 27 6 19 38 39 30 
1 13 24 15 29 32 34 40 36 18 31 26 22 19 35 9 17 8 4 14 16 2 21 25 3 10 33 20 7 37 11 30 28 12 38 39 5 27 6 23 
14 11 32 12 33 30 20 25 9 34 16 40 7 17 23 13 6 21 18 28 39 22 2 19 5 38 1 3 10 27 29 8 15 26 37 4 31 36 24 35 
5 39 24 20 31 16 21 8 36 7 32 17 18 26 12 40 9 38 34 35 30 14 19 13 15 28 3 10 27 22 4 1 11 2 33 23 29 37 6 25 
10 23 8 29 2 26 22 39 18 20 3 6 40 12 1 9 27 21 33 38 36 19 28 24 11 5 37 4 13 30 14 16 31 7 32 34 15 17 25 35 
40 25 34 19 7 37 11 38 30 2 33 15 6 21 12 32 14 17 22 5 27 3 8 36 1 39 35 31 16 29 10 23 18 24 4 28 20 9 26 13 
21 12 14 34 24 26 9 2 18 11 19 36 30 29 40 35 4 28 25 5 33 31 15 6 22 38 39 13 1 27 32 23 16 8 20 37 17 3 10 7 
27 19 5 14 23 25 29 7 34 15 8 18 30 13 9 38 16 2 26 11 10 33 35 17 36 22 24 21 39 20 6 37 40 28 12 31 4 3 32 1 
21 11 37 27 29 4 20 33 36 22 26 16 6 38 7 32 2 30 15 40 35 31 25 8 3 24 9 28 19 14 34 18 10 23 12 5 1 39 17 13 
32 40 19 29 15 5 22 18 11 34 2 20 4 8 38 30 35 39 24 28 36 26 14 7 27 13 9 31 10 17 25 37 3 21 16 12 33 1 23 6 
30 36 1 21 23 40 35 9 25 7 10 34 4 14 5 20 6 22 13 37 33 16 15 24 27 12 28 2 3 39 11 26 8 29 32 18 17 19 38 31 
29 6 16 37 39 5 2 35 22 32 11 25 27 34 10 30 38 31 17 28 23 8 18 15 12 24 36 19 13 26 20 14 7 3 1 21 40 4 9 33 
7 14 27 21 37 25 8 29 3 5 35 9 1 24 15 39 11 38 2 34 33 26 40 6 36 30 22 18 28 19 20 10 31 17 32 16 23 4 13 12 
14 25 17 5 30 21 34 26 13 37 7 29 27 32 6 11 24 22 19 10 16 3 38 40 12 18 9 36 1 33 15 35 2 23 8 4 28 31 20 39 
8 35 29 21 13 39 37 1 40 38 26 22 19 36 23 16 24 15 32 12 14 17 31 3 7 2 6 28 25 33 11 18 27 4 10 20 9 34 5 30 
1 3
17 38
3 35
36 37
13 30
19 26
4 36
15 32
13 37
31 37
16 35
17 29
14 26
30 31
2 34
9 18
1 29
12 16
3 17
5 23
21 39
1 33
8 36
32 33
20 26
27 29
31 32
12 33
38 40
17 28
15 23
17 37
5 18
17 24
16 32
15 39
7 10
4 24
24 34
3 6
14 34
16 18
8 25
12 34
15 22
6 18
29 38
9 20
11 37
37 38
21 33
30 34
5 39
2 20
23 34
6 30
14 24
2 32
11 26
35 39
34 37
12 22
9 13
16 38
1 35
6 38
21 22
15 37
8 22
2 33
27 38
15 33
17 21
5 20
13 18
15 40
8 27
11 25
