45 45 49
24 23 9 34 40 45 3 25 41 8 5 10 30 22 4 36 26 15 1 37 6 31 21 20 29 32 13 2 42 44 19 12 28 39 27 11 16 7 17 14 35 43 38 33 18 
40 19 15 30 14 8 5 20 22 16 27 25 41 9 43 31 1 21 11 34 39 45 38 18 2 12 13 32 28 26 23 17 24 42 4 37 36 10 7 44 3 29 6 35 33 
2 6 9 43 45 40 15 3 16 11 27 41 29 44 5 34 33 30 25 4 19 42 26 18 28 17 35 14 8 12 7 36 39 22 23 32 20 37 10 13 38 21 31 1 24 
22 35 33 26 9 41 40 14 20 32 7 17 28 27 12 36 2 25 39 6 45 3 44 15 43 24 23 34 18 30 4 19 16 10 8 29 42 31 1 5 38 13 21 11 37 
34 36 14 6 40 37 38 43 5 31 4 35 44 21 41 27 22 11 1 25 13 45 7 17 42 15 8 32 10 16 29 39 9 19 12 23 2 28 30 18 3 24 20 33 26 
25 10 9 14 22 38 41 5 37 33 23 3 15 17 35 31 19 24 28 4 12 44 11 6 29 8 16 40 7 32 13 42 26 45 43 1 2 34 39 27 30 36 21 18 20 
1 19 15 25 16 37 10 21 27 35 33 24 14 26 44 2 29 9 7 31 39 45 12 3 8 11 6 13 18 28 41 17 42 38 40 23 30 36 22 34 5 43 20 32 4 
42 1 27 5 6 8 2 45 15 41 35 12 28 26 14 17 29 16 18 39 25 3 37 23 10 31 43 33 20 7 4 11 21 13 38 22 40 24 34 44 19 32 9 30 36 
5 2 41 9 40 13 43 11 4 35 27 33 6 14 20 37 17 24 1 8 42 16 3 36 38 34 7 15 28 30 25 19 32 23 45 29 44 12 26 18 31 39 21 10 22 
29 30 25 19 21 35 31 4 7 34 12 40 33 14 5 44 42 39 22 38 45 11 18 27 15 8 17 36 1 10 13 2 6 20 16 37 9 3 28 24 41 43 32 23 26 
6 31 21 9 37 36 40 38 13 35 39 8 11 24 1 3 33 7 5 45 34 18 17 26 23 43 10 25 32 20 2 16 29 14 4 30 19 15 44 12 28 27 42 22 41 
39 42 18 4 10 33 13 5 1 34 9 22 17 26 2 29 21 16 30 14 31 19 32 15 11 28 38 35 12 45 20 40 27 7 36 24 41 37 23 25 8 44 43 6 3 
10 34 40 20 22 30 8 39 43 38 31 9 18 4 19 44 6 25 33 21 1 24 23 36 45 41 28 3 29 7 26 42 11 27 15 32 16 5 12 37 14 13 17 2 35 
1 30 21 28 33 22 8 37 12 3 41 13 6 10 35 32 43 4 7 19 5 34 15 18 24 26 31 38 14 2 16 17 27 39 40 36 9 25 42 29 11 20 23 44 45 
20 32 33 43 3 42 39 9 27 22 21 1 18 37 7 23 25 13 30 10 16 4 15 31 8 28 29 34 24 2 36 19 35 38 11 45 12 6 14 40 44 17 41 5 26 
24 40 11 33 25 1 36 31 27 41 9 37 12 39 30 14 2 38 21 15 13 19 20 6 32 18 29 26 17 23 4 16 42 44 28 45 35 8 3 22 43 7 10 34 5 
41 4 30 28 19 35 29 13 21 34 16 43 2 12 14 5 32 22 6 40 7 31 37 11 26 39 20 33 27 15 36 8 24 25 9 3 1 45 10 44 38 42 17 18 23 
40 26 24 1 19 23 20 27 4 10 35 21 3 8 12 39 30 42 9 11 16 13 2 17 7 45 44 6 15 28 38 36 22 37 34 25 32 18 33 5 14 43 29 41 31 
2 14 45 9 18 37 29 22 42 35 19 33 13 8 36 32 39 23 4 12 44 28 17 25 27 6 20 24 34 11 1 3 41 30 5 15 16 26 10 21 40 43 38 31 7 
32 18 36 22 23 16 28 14 31 15 41 29 2 44 37 6 35 12 7 13 9 39 10 43 17 34 21 25 40 26 30 11 38 1 20 42 19 3 5 27 4 33 24 8 45 
16 15 5 1 26 21 14 40 25 6 41 17 4 33 20 12 9 22 31 28 2 11 39 29 8 38 24 19 32 23 34 43 7 27 37 45 10 36 3 13 30 35 18 42 44 
19 26 39 22 16 12 28 25 32 15 14 6 38 10 2 4 40 41 36 45 3 44 30 43 1 8 11 18 34 37 21 5 31 27 23 33 29 13 24 7 20 35 9 17 42 
34 20 3 23 43 35 17 44 31 28 45 7 8 40 16 32 18 27 38 12 13 42 19 14 5 29 24 10 39 30 22 21 9 4 1 2 26 6 11 15 36 37 33 41 25 
3 29 9 16 21 38 36 25 20 31 5 1 35 12 17 14 11 43 39 10 2 27 34 18 26 15 30 8 41 19 4 23 40 22 32 24 44 6 45 33 37 28 42 13 7 
22 13 18 27 29 36 20 12 5 2 31 42 23 4 30 24 7 14 33 26 28 39 38 25 19 1 9 45 6 41 10 40 11 43 17 3 21 44 34 32 16 35 37 15 8 
9 21 11 17 8 41 44 40 14 25 45 19 15 35 33 16 4 39 23 2 3 1 27 42 43 24 34 38 7 12 29 18 13 20 6 30 28 31 26 22 32 10 5 37 36 
4 18 41 2 20 19 44 43 25 12 8 24 7 37 40 3 36 26 23 33 14 27 15 6 11 28 39 17 34 1 30 31 9 32 16 22 45 13 42 38 10 35 21 29 5 
14 5 30 38 2 7 35 42 15 29 20 34 6 36 17 10 32 3 24 21 39 18 25 1 13 37 23 19 41 27 22 4 40 28 8 26 33 11 16 9 12 31 45 43 44 
23 13 32 25 35 8 44 36 27 37 31 16 21 28 39 34 7 20 4 42 17 45 40 19 5 2 11 29 15 30 22 1 26 9 43 14 10 6 12 24 3 41 33 18 38 
24 26 31 22 38 23 11 27 32 5 8 16 41 4 43 25 21 7 6 9 15 17 36 28 18 2 40 3 39 29 45 10 12 34 20 1 42 33 35 14 13 30 44 19 37 
16 23 2 37 29 8 28 17 18 41 27 26 13 19 3 31 33 25 10 24 39 43 34 21 9 4 12 35 15 14 7 20 11 40 1 45 42 36 5 32 30 44 6 22 38 
39 6 42 3 30 7 24 10 26 35 34 4 25 45 32 38 20 17 19 31 15 29 33 44 14 41 36 18 28 12 5 2 9 27 43 40 13 37 1 16 23 21 11 22 8 
6 7 5 40 9 42 13 44 8 1 19 12 23 4 30 21 32 45 22 43 26 14 37 28 18 39 38 24 20 2 33 16 35 25 29 34 3 27 36 31 15 17 41 10 11 
22 20 44 2 8 28 36 12 25 5 9 37 3 27 39 7 11 43 29 34 32 31 15 45 19 33 18 40 21 17 24 14 26 23 6 1 35 42 16 41 13 4 10 30 38 
45 19 33 32 41 38 8 20 35 1 4 31 40 36 3 37 25 12 22 30 10 11 26 23 16 21 17 18 24 5 44 28 14 42 9 13 29 7 34 2 27 6 39 15 43 
36 30 19 11 33 22 44 26 41 15 25 8 18 17 2 12 10 13 32 5 23 35 37 38 1 31 3 24 42 28 40 4 14 43 21 7 39 34 16 45 27 20 9 29 6 
10 40 42 38 7 9 45 13 15 28 12 41 37 34 35 18 26 8 14 4 21 29 22 20 11 30 1 2 27 43 19 33 3 17 23 16 6 24 25 39 44 36 31 5 32 
44 27 10 5 32 30 2 33 37 23 14 6 38 11 20 34 8 13 1 15 28 40 26 12 35 16 36 22 19 4 7 43 9 29 21 25 41 17 39 31 3 42 24 18 45 
32 4 6 35 17 16 24 45 39 30 33 20 34 41 13 8 37 42 18 29 11 15 26 28 1 10 38 23 27 22 5 36 31 2 14 12 25 3 44 21 43 19 7 9 40 
40 34 23 6 35 12 15 38 7 13 14 44 37 33 21 29 19 17 2 24 22 42 5 16 26 30 8 43 9 45 1 20 36 31 32 18 41 3 27 28 10 39 4 25 11 
29 27 1 21 41 20 12 45 28 38 4 6 17 40 42 39 33 10 2 25 3 11 44 5 43 19 16 26 18 35 36 31 37 23 24 13 9 15 22 32 30 14 34 7 8 
13 6 26 18 34 41 5 29 12 16 33 45 23 25 35 4 44 7 2 40 8 27 30 10 17 22 21 36 32 24 39 15 14 9 28 43 38 31 11 3 42 19 1 37 20 
33 26 43 3 30 19 29 42 28 21 20 40 8 27 38 12 23 7 16 18 22 11 25 35 44 10 9 2 17 39 13 45 24 31 32 15 37 6 4 34 41 36 14 5 1 
25 42 33 4 2 11 44 35 32 41 31 26 13 24 12 39 6 14 7 1 10 28 19 30 16 9 43 36 3 38 34 8 20 18 21 40 5 17 27 37 15 29 23 45 22 
10 42 30 2 11 38 9 45 34 33 32 41 13 15 3 5 31 25 18 1 40 16 20 24 4 8 21 17 39 6 36 35 44 23 12 29 37 14 27 26 19 28 43 22 7 
13 33
3 15
23 37
9 34
17 29
13 17
34 35
18 19
6 24
27 37
12 16
18 41
16 24
27 29
10 30
16 36
26 32
15 42
29 34
13 29
33 39
9 24
21 45
11 25
28 31
1 44
8 33
2 20
35 43
2 10
2 32
13 28
15 38
6 45
9 31
4 29
16 38
3 22
6 38
10 16
3 8
24 25
19 34
17 21
8 18
27 30
8 27
15 37
11 44
