45 45 99
22 28 34 38 10 43 16 19 11 6 14 13 9 44 30 18 39 7 32 25 35 2 27 1 5 40 3 41 21 15 8 23 4 20 17 33 37 29 12 45 36 31 24 26 42 
26 34 8 32 25 37 18 13 2 39 12 33 9 30 41 21 20 10 14 16 31 29 6 45 36 15 5 17 44 1 11 22 19 3 4 7 28 38 24 40 42 43 35 23 27 
40 26 33 41 29 25 28 24 23 43 11 3 8 30 15 4 17 19 13 12 38 18 39 1 5 27 22 36 2 32 35 31 45 14 6 10 7 44 20 21 37 34 42 16 9 
24 26 36 32 10 3 35 15 17 37 34 42 21 12 9 38 28 33 16 5 30 40 7 29 8 41 11 14 27 19 6 23 4 43 20 1 31 13 2 25 18 44 39 45 22 
23 39 4 43 17 13 19 35 37 2 24 42 15 11 18 25 40 33 45 32 20 9 38 41 29 8 10 22 1 16 21 5 12 14 44 30 28 34 3 31 26 6 7 36 27 
43 14 4 32 5 20 45 33 18 38 41 21 17 10 31 23 42 39 16 19 22 1 44 2 27 29 6 7 3 37 26 25 12 35 34 11 28 40 36 9 24 13 30 8 15 
26 12 6 7 37 2 19 20 38 33 36 40 44 1 24 41 21 34 16 35 10 14 43 3 45 28 31 42 27 5 25 23 13 32 17 30 29 9 39 18 8 15 4 22 11 
27 15 4 11 14 22 36 19 31 41 25 6 5 1 30 37 20 3 35 32 18 23 2 34 13 43 21 39 42 16 8 24 40 44 26 7 28 17 38 29 33 10 45 12 9 
37 7 18 43 17 4 15 2 11 27 5 25 32 36 21 40 33 19 1 14 41 34 20 35 44 9 12 13 26 23 22 29 39 28 3 24 45 16 38 10 42 30 31 8 6 
20 32 21 5 29 3 11 30 22 16 8 43 42 45 27 14 10 6 18 38 25 37 23 34 33 39 31 44 1 40 7 4 12 9 17 28 19 13 36 24 35 41 15 26 2 
45 36 22 42 9 29 17 33 2 6 30 43 38 40 13 19 34 1 12 10 4 14 25 28 5 26 7 39 41 20 3 23 8 15 35 24 21 11 18 27 31 37 16 44 32 
8 1 40 30 18 3 4 34 27 41 31 9 10 22 16 43 28 6 33 35 20 7 23 2 5 14 17 42 19 38 37 39 24 21 11 44 13 25 29 15 26 36 12 32 45 
6 34 21 8 13 23 25 32 20 41 11 12 17 28 35 24 39 10 2 7 43 14 30 4 36 9 16 1 40 22 15 26 27 3 38 37 45 44 5 18 31 42 33 29 19 
8 35 18 2 42 41 37 5 25 27 12 43 16 36 17 38 11 15 6 45 32 9 33 4 44 34 14 1 30 28 31 3 22 40 10 21 24 23 26 7 39 19 29 13 20 
31 13 20 10 19 33 2 36 42 38 8 40 44 4 25 28 23 27 29 17 5 6 45 24 30 15 1 14 11 7 16 39 41 26 43 3 22 9 37 12 35 34 18 32 21 
4 12 44 40 17 41 9 18 3 45 19 37 11 35 38 6 8 42 13 16 43 21 36 28 34 26 10 32 20 27 31 23 29 24 14 5 7 33 39 1 30 22 15 25 2 
14 40 5 20 38 44 26 39 29 23 17 6 34 37 16 19 3 8 7 10 41 42 11 12 30 24 32 1 43 22 33 45 27 28 15 4 13 2 18 25 36 35 31 21 9 
42 15 33 44 31 30 1 20 43 2 5 19 3 13 24 12 17 21 11 36 26 22 7 14 16 25 4 38 10 29 34 39 18 9 32 8 28 6 40 35 23 45 41 27 37 
34 35 29 44 14 13 16 8 10 28 33 3 17 19 39 26 20 9 25 27 22 21 38 41 1 18 12 15 43 36 45 11 2 7 24 5 42 4 37 30 32 40 23 31 6 
27 45 33 40 41 26 31 30 24 8 20 11 36 6 22 7 32 16 19 5 14 38 43 13 2 9 42 23 1 18 15 4 34 29 17 12 3 25 37 28 35 10 21 39 44 
10 21 23 25 24 31 13 30 27 35 43 5 17 28 45 44 32 11 22 7 40 37 41 2 34 36 1 39 15 29 6 19 33 3 4 26 8 42 16 38 14 9 12 20 18 
37 12 28 45 36 7 5 30 25 17 21 8 16 20 4 31 3 38 10 40 41 34 42 22 44 26 39 29 1 11 19 14 33 43 18 27 32 24 15 9 35 2 13 6 23 
3 41 9 31 39 34 32 24 30 45 28 16 17 18 27 5 19 21 1 13 38 36 7 12 42 2 29 11 14 8 33 23 22 44 20 4 37 40 10 15 35 6 25 26 43 
30 17 18 20 37 19 24 4 13 3 8 12 1 28 41 6 43 9 32 23 35 14 15 36 42 44 45 11 40 25 7 38 34 2 33 29 16 10 22 21 27 26 5 31 39 
17 34 39 13 25 45 1 37 7 14 22 40 19 38 27 44 36 29 10 4 8 5 28 12 33 3 11 2 41 9 18 6 21 20 26 43 31 15 32 35 30 16 42 23 24 
3 41 7 24 27 39 13 18 30 40 10 37 44 4 26 22 15 31 43 2 35 14 42 28 25 1 11 6 16 23 19 8 21 34 9 29 36 38 17 32 33 20 12 45 5 
29 38 40 28 11 7 31 23 25 13 32 6 17 42 41 30 2 34 14 45 1 8 20 37 27 35 10 15 18 36 9 26 43 33 3 5 44 19 24 16 21 4 22 12 39 
25 22 18 3 2 39 21 44 20 8 15 4 45 34 32 37 7 17 23 19 6 33 42 14 43 38 31 9 10 27 41 30 26 5 35 36 24 40 12 29 1 16 28 11 13 
9 6 30 13 21 29 31 39 16 14 8 38 40 7 27 23 2 24 28 11 12 35 33 37 17 41 4 18 3 20 25 34 36 43 42 5 44 45 22 1 32 26 10 19 15 
24 32 10 41 12 3 16 42 5 30 26 27 7 17 2 21 45 20 28 14 15 43 31 34 36 38 6 1 4 29 13 22 35 18 40 25 11 33 39 19 37 44 8 23 9 
10 6 8 43 41 4 30 23 45 24 25 42 5 29 1 35 12 38 37 44 26 40 31 32 16 20 9 14 2 36 33 22 3 11 13 7 34 17 28 21 15 19 39 18 27 
40 15 25 17 37 4 38 30 10 45 9 7 28 26 21 2 3 43 11 41 22 42 8 23 36 34 44 13 33 5 31 6 20 19 18 32 29 24 12 16 14 35 27 1 39 
23 45 38 33 15 11 30 34 6 14 18 1 21 35 40 3 8 36 19 5 44 37 31 12 41 22 17 24 43 10 16 32 20 39 42 4 9 13 2 28 26 27 29 7 25 
24 43 8 11 36 28 34 10 26 37 39 3 14 27 44 2 4 15 29 25 22 33 7 30 1 16 45 17 19 21 35 42 12 20 5 23 41 18 9 38 32 40 6 13 31 
11 20 6 33 25 32 14 24 16 28 43 12 5 29 42 8 26 21 37 44 15 10 36 7 39 19 45 17 35 34 2 4 18 27 9 38 41 31 1 23 22 40 3 13 30 
28 40 43 29 42 6 34 7 4 17 35 36 18 8 30 45 44 3 9 23 41 11 26 15 22 21 20 37 10 39 16 24 25 12 32 14 27 31 2 1 38 5 13 33 19 
7 25 33 27 9 30 43 3 10 5 8 34 19 20 16 24 40 28 22 44 2 11 37 32 45 26 14 1 4 42 18 29 12 6 39 31 36 21 35 38 41 13 23 17 15 
13 37 45 42 5 22 31 2 9 16 1 41 34 30 7 21 39 36 28 35 14 10 11 25 43 40 4 29 12 8 44 6 27 24 38 33 20 19 17 26 3 15 23 18 32 
11 2 27 19 3 30 10 28 29 39 35 6 9 42 18 21 12 14 26 4 5 45 32 20 8 22 16 15 7 23 31 25 13 33 34 41 37 17 36 24 38 44 1 43 40 
12 38 8 28 24 43 25 26 2 20 14 7 6 33 39 17 41 11 27 19 23 15 4 35 3 29 22 40 1 21 31 32 45 5 42 16 36 30 18 37 44 9 34 10 13 
1 34 44 22 37 2 26 14 6 13 25 16 35 20 4 18 15 43 21 23 9 38 12 8 29 36 40 5 28 27 45 7 39 11 30 24 33 17 31 41 19 32 3 10 42 
35 6 41 36 4 29 18 19 42 27 14 13 11 32 1 38 43 12 45 33 20 10 7 37 31 3 40 26 39 24 8 28 17 30 34 23 16 15 25 44 21 9 5 22 2 
26 22 1 40 32 33 23 29 11 15 7 37 19 3 12 38 43 14 36 35 34 10 20 18 28 44 31 6 25 16 4 8 39 21 27 17 41 24 2 42 30 5 45 13 9 
17 39 14 5 40 26 23 8 28 16 18 24 25 2 43 6 33 4 15 22 21 13 10 19 20 9 7 44 11 1 12 38 30 35 34 41 32 37 36 42 29 3 45 31 27 
38 33 7 41 1 44 4 17 35 42 13 25 22 11 15 21 9 16 14 31 26 20 28 32 23 36 6 19 24 12 45 29 3 37 30 5 34 18 8 2 27 40 43 39 10 
1 34
6 9
7 12
28 41
11 28
33 36
23 26
6 7
17 36
17 41
37 38
3 23
25 38
5 24
27 39
10 24
6 23
22 39
8 38
12 22
1 12
11 41
18 36
25 44
5 27
26 38
22 32
2 18
7 38
3 11
1 15
12 36
38 44
26 44
4 42
27 33
4 37
9 40
1 16
23 40
13 16
29 43
1 5
41 43
16 32
19 43
3 27
43 45
25 42
3 44
15 25
5 17
25 37
10 25
22 30
10 37
36 37
2 8
18 37
15 32
9 29
14 26
5 23
6 36
11 34
40 43
21 23
36 44
18 28
24 44
3 26
2 14
20 45
19 31
7 13
12 19
16 27
27 30
2 25
9 12
18 44
5 19
30 37
12 16
29 35
32 40
4 9
14 27
2 35
6 22
5 35
10 40
17 19
11 37
12 38
4 14
24 35
7 9
23 42
