45 45 99
18 20 7 42 36 8 37 29 43 10 31 22 24 21 17 25 13 6 9 12 3 4 40 32 15 16 27 2 19 33 1 45 41 23 5 38 44 28 34 11 39 14 26 30 35 
22 11 31 2 14 27 30 3 21 12 17 43 37 45 32 20 18 40 44 26 1 34 33 8 5 15 25 29 42 16 6 13 36 10 24 28 41 4 9 35 19 38 23 7 39 
1 9 6 17 39 15 2 30 36 35 22 11 32 4 10 19 14 29 43 25 44 45 41 27 23 28 24 16 33 40 38 37 21 13 18 42 3 31 20 5 8 12 26 34 7 
34 6 2 43 35 36 18 13 16 38 23 31 25 15 1 8 24 33 12 44 3 21 11 39 9 5 10 37 27 22 14 30 29 4 40 17 26 45 7 28 20 19 32 41 42 
23 43 24 10 6 7 25 5 18 11 35 42 9 21 37 20 40 33 26 41 44 31 15 13 34 28 17 39 12 19 30 16 22 29 8 45 3 38 4 32 14 36 27 1 2 
29 21 27 18 24 4 45 19 30 37 31 32 25 43 39 44 14 15 1 17 34 22 3 20 41 8 12 7 10 40 2 36 11 13 38 28 42 35 9 5 26 23 16 33 6 
26 18 17 31 24 23 2 6 27 39 5 22 37 34 4 21 19 15 9 7 40 30 16 12 14 44 36 45 38 25 11 33 43 29 10 13 3 8 1 42 20 35 41 28 32 
1 3 30 17 23 9 5 18 21 36 14 43 19 42 35 34 26 28 37 12 20 32 10 8 2 45 22 41 39 13 4 33 31 7 44 16 11 15 38 25 6 24 29 40 27 
9 19 36 16 43 33 30 35 17 18 27 22 41 28 37 25 14 12 13 20 40 6 3 1 8 10 2 45 34 4 32 15 26 39 42 5 21 44 24 23 31 7 11 29 38 
29 8 31 42 16 3 44 41 33 12 23 43 20 5 36 1 18 4 32 7 27 13 39 9 40 26 38 28 19 35 11 15 30 45 22 14 37 2 10 34 24 17 21 6 25 
11 18 39 30 15 28 23 32 19 17 3 26 16 6 9 1 25 21 29 42 35 4 7 13 20 8 10 27 22 37 2 38 41 44 24 31 5 36 34 40 12 43 14 33 45 
9 25 31 6 40 5 35 42 3 15 33 16 37 11 22 27 36 23 4 41 44 34 30 38 1 21 32 8 14 13 10 20 18 28 39 19 24 26 43 7 12 45 29 17 2 
26 11 14 28 16 42 17 18 2 40 36 20 9 5 22 37 10 1 38 30 31 7 13 32 44 24 15 41 29 35 34 3 25 21 12 23 27 39 33 6 43 8 19 45 4 
36 45 41 37 24 22 30 42 6 12 16 3 7 25 15 14 9 43 39 33 28 29 13 5 10 27 38 40 4 20 35 23 2 32 8 31 11 34 1 26 18 44 21 19 17 
15 21 14 26 24 22 44 28 5 36 35 29 20 41 37 31 3 1 13 33 16 7 34 43 42 8 38 9 6 11 10 19 27 32 17 12 40 45 18 4 25 30 23 39 2 
4 12 5 28 44 31 33 26 42 19 8 22 32 45 41 16 21 3 6 2 10 37 9 15 29 13 40 11 27 18 1 25 30 38 20 23 14 35 7 43 36 24 34 39 17 
7 24 13 25 41 22 4 9 1 26 14 18 21 38 16 44 2 42 12 20 39 19 28 40 10 45 8 27 43 5 15 29 6 23 30 3 33 32 31 36 37 11 17 34 35 
42 26 44 10 29 5 24 18 7 21 4 34 36 37 28 2 22 3 32 30 40 33 45 15 11 27 20 19 35 8 43 13 41 9 17 12 25 23 39 6 31 14 38 16 1 
35 44 12 45 14 2 9 3 37 20 1 21 26 30 28 40 32 42 43 17 19 15 13 18 6 41 22 8 27 23 16 29 10 38 25 11 34 4 33 36 5 7 31 39 24 
26 19 25 5 39 45 18 17 37 21 43 4 3 9 42 23 16 6 20 7 33 40 10 34 13 14 29 44 12 30 32 27 38 31 15 8 36 35 11 2 41 24 28 1 22 
45 11 25 6 37 18 5 16 13 29 32 36 19 3 2 39 27 22 14 21 28 41 44 33 20 43 26 10 35 9 31 40 1 23 17 38 34 7 12 8 30 15 4 42 24 
13 44 9 14 1 40 5 32 34 25 24 41 11 23 42 45 21 8 29 31 16 28 27 10 7 12 30 20 19 33 15 4 38 26 43 2 3 18 37 22 35 6 39 17 36 
37 35 29 45 8 1 42 20 34 24 32 28 23 4 3 31 33 43 15 22 30 11 41 18 6 19 17 13 44 26 16 14 12 7 40 38 2 21 5 39 27 9 10 25 36 
9 18 6 24 43 5 39 17 19 22 45 37 36 7 35 34 25 20 38 14 44 27 23 40 16 42 13 30 12 21 3 29 41 4 11 2 10 28 15 33 1 31 32 8 26 
2 32 12 1 13 15 26 27 23 42 11 25 38 36 4 30 24 14 45 21 7 28 31 3 34 33 5 18 37 10 9 29 39 22 20 17 35 41 6 16 8 19 40 44 43 
23 3 9 13 10 26 20 30 43 39 8 24 28 36 33 35 44 19 16 38 34 12 5 1 14 31 22 15 40 27 11 45 17 37 6 2 32 7 29 41 25 42 4 21 18 
21 33 16 7 37 8 24 38 19 10 13 18 15 26 25 28 12 11 35 17 1 32 5 44 29 9 36 3 41 42 40 27 4 39 20 34 23 14 6 22 30 2 43 31 45 
12 10 33 8 45 24 22 17 40 2 16 18 37 35 34 29 32 4 44 7 21 20 23 31 5 43 36 28 38 14 15 41 11 6 1 3 42 26 25 39 27 13 9 19 30 
24 31 21 14 28 15 6 38 37 9 12 41 30 11 39 20 36 34 5 29 23 44 25 43 16 40 2 32 42 33 45 27 1 19 35 18 22 13 7 26 10 4 8 3 17 
35 25 4 12 21 16 8 1 28 29 15 41 42 9 34 38 17 22 23 27 7 2 20 32 3 40 14 13 26 45 11 24 19 36 44 5 37 39 33 18 10 6 31 30 43 
16 22 35 3 31 7 41 9 18 17 8 32 20 42 44 15 5 28 10 2 45 40 33 13 36 1 38 19 24 39 27 12 23 43 21 4 11 14 29 6 25 30 37 34 26 
30 10 16 35 36 38 19 28 2 9 44 34 18 45 15 41 43 3 20 4 11 8 26 22 5 37 7 1 40 14 23 25 29 33 39 6 42 27 32 24 17 31 21 12 13 
29 8 34 4 42 43 22 12 38 2 13 20 6 35 26 10 27 31 37 23 16 36 3 41 11 18 40 33 19 30 7 39 28 5 32 21 15 44 17 1 24 14 9 45 25 
41 18 44 32 43 10 28 26 45 5 15 27 6 16 23 35 39 3 37 19 31 24 33 34 22 14 30 29 38 17 20 42 12 40 25 7 8 36 4 13 21 9 2 1 11 
40 35 22 42 5 14 19 2 1 37 36 9 33 41 29 25 11 6 12 8 30 31 26 7 39 17 20 27 24 44 38 34 43 13 3 15 45 32 16 23 10 18 21 4 28 
26 22 18 29 20 43 33 24 7 12 2 36 6 9 21 32 10 25 45 23 14 37 17 28 15 42 19 27 40 44 41 5 30 4 3 13 39 35 31 11 34 16 1 8 38 
3 31 17 23 40 26 35 41 6 14 22 19 28 1 16 8 11 18 12 5 29 24 10 2 7 37 27 36 42 15 30 45 4 21 44 9 33 20 38 34 25 43 32 13 39 
5 24 29 44 12 17 31 2 6 14 25 43 28 19 16 30 1 37 34 21 10 39 38 8 32 45 26 15 41 11 42 13 23 4 35 7 20 27 33 40 3 9 18 36 22 
14 12 34 45 1 33 15 25 2 10 16 42 5 41 11 26 8 13 37 18 39 30 23 40 7 24 22 43 4 44 17 29 19 20 3 28 21 9 32 38 6 35 36 27 31 
11 3 26 21 43 9 4 44 31 19 16 24 18 14 5 40 7 2 36 25 38 13 39 8 42 17 34 28 12 23 30 32 1 45 15 22 10 35 33 29 6 20 37 27 41 
41 40 25 30 36 22 28 7 33 8 32 17 4 19 16 31 44 43 39 34 6 20 14 21 12 11 1 38 42 45 10 24 26 23 27 29 37 3 5 2 9 18 13 35 15 
11 20 37 6 22 31 9 18 8 42 4 24 28 39 38 14 5 32 36 3 40 23 10 2 7 44 12 16 26 35 29 21 34 27 33 30 15 1 17 19 41 25 45 13 43 
18 3 9 10 37 1 30 13 41 2 8 21 26 44 40 31 24 29 25 36 20 15 33 43 6 22 32 23 7 42 16 38 5 19 45 28 11 4 12 35 27 17 14 39 34 
25 10 16 43 20 38 6 27 36 8 22 45 37 29 14 23 34 33 19 15 31 30 17 7 18 28 26 11 35 41 5 40 3 32 24 39 2 42 21 4 12 44 13 1 9 
32 29 26 30 24 38 2 7 43 44 34 11 22 40 41 15 31 36 35 25 17 42 1 20 28 18 3 37 21 9 10 45 23 27 12 8 19 4 14 5 6 33 13 39 16 
15 27
28 41
7 25
40 41
13 17
2 22
9 21
8 41
11 27
31 35
2 27
25 38
21 40
16 19
33 34
16 38
41 45
2 11
18 36
13 38
10 14
9 19
7 21
12 27
33 45
1 15
8 9
15 43
24 33
15 36
27 33
11 31
2 23
35 40
13 29
18 31
19 43
13 44
8 42
7 31
13 19
7 40
12 35
14 25
20 33
19 27
9 23
20 28
11 25
16 39
36 42
1 3
37 43
17 43
15 32
1 37
9 29
11 19
9 44
5 36
35 44
11 34
28 43
8 33
30 34
3 9
11 33
34 44
5 16
8 43
7 13
26 31
33 37
32 43
31 45
13 18
18 33
15 44
32 37
5 32
35 37
1 2
17 37
15 35
5 12
21 38
11 18
16 18
9 32
14 39
37 45
2 10
13 39
4 25
19 35
11 12
12 15
16 34
11 32
