45 45 99
11 24 17 34 8 40 19 33 1 30 38 45 21 7 5 12 43 31 42 41 6 27 13 4 18 26 29 32 14 25 36 2 28 44 10 9 23 37 16 22 20 15 35 39 3 
25 12 36 35 33 14 27 30 24 22 5 32 26 40 20 23 15 1 43 19 8 45 13 6 34 21 38 17 39 16 31 7 9 29 37 18 28 4 44 11 2 3 10 42 41 
22 6 36 31 39 40 21 37 15 23 8 11 4 27 43 9 45 32 24 28 20 19 5 10 30 13 7 34 42 33 44 17 3 18 29 16 12 2 38 35 41 26 14 25 1 
1 27 30 37 39 38 4 7 44 6 12 9 43 42 22 34 17 23 8 31 40 19 33 28 41 26 13 11 29 20 3 36 35 24 25 32 45 10 15 5 21 2 14 18 16 
16 3 25 13 40 12 19 33 44 35 27 41 28 31 45 7 15 36 32 30 26 10 1 24 18 5 37 38 6 39 21 22 8 17 14 9 2 29 43 11 20 4 34 42 23 
39 30 37 7 18 5 15 26 31 19 9 4 42 38 3 27 13 21 32 1 17 24 20 12 23 25 8 44 11 6 36 35 41 43 28 22 34 40 33 14 29 10 2 45 16 
34 5 9 38 45 29 37 35 25 40 4 18 26 7 20 27 15 41 6 33 14 12 13 10 42 39 23 32 44 43 1 21 31 16 24 19 3 22 8 2 28 30 11 36 17 
41 6 27 39 31 43 28 21 32 11 23 10 42 18 25 2 38 37 8 9 30 36 24 29 40 45 16 5 34 35 12 22 19 3 15 33 17 4 7 20 13 14 26 44 1 
13 16 4 18 14 1 29 7 23 15 10 24 21 25 26 41 30 33 37 40 27 42 3 31 6 36 43 17 34 45 12 38 28 20 22 44 19 8 32 9 35 39 11 5 2 
11 27 32 37 19 41 44 45 7 18 30 36 9 13 6 3 33 23 38 28 39 21 15 22 4 8 31 14 10 12 2 16 35 26 42 20 29 25 34 40 17 1 5 24 43 
4 12 21 32 11 16 27 44 5 2 39 30 18 42 43 13 41 37 10 15 31 8 7 29 40 25 33 24 38 19 9 26 35 22 23 14 3 1 45 17 28 36 34 6 20 
29 7 27 10 45 31 8 15 41 42 35 43 2 12 1 40 39 23 22 16 38 24 37 14 9 6 34 20 21 28 11 25 17 4 44 13 26 36 19 30 3 5 18 33 32 
23 14 44 18 40 16 20 43 12 7 27 21 39 37 34 36 29 10 19 9 30 4 8 42 22 2 26 15 3 45 38 28 11 32 41 33 17 6 35 1 13 31 24 25 5 
12 22 1 10 45 6 15 43 8 38 41 32 37 24 36 31 18 16 42 3 7 27 9 19 4 25 34 17 33 5 30 21 39 11 26 40 29 35 20 23 28 2 13 14 44 
25 29 4 22 45 17 21 39 28 10 24 38 6 35 33 26 14 37 13 23 2 44 19 40 20 7 32 5 30 16 11 3 27 34 31 36 8 15 43 18 12 1 41 42 9 
30 20 1 15 45 36 4 28 44 16 17 32 2 23 9 13 31 24 10 38 33 8 7 40 29 5 19 21 41 42 25 6 43 12 34 37 22 11 39 14 18 35 26 3 27 
12 22 35 6 21 5 28 17 36 19 13 4 18 7 31 3 43 20 27 26 8 42 34 45 37 33 1 10 30 25 29 16 2 23 44 38 9 32 14 15 39 11 40 41 24 
10 2 18 41 14 20 27 16 44 9 28 8 22 24 26 23 33 34 21 25 17 30 43 7 31 13 11 19 12 4 32 38 29 42 37 40 5 3 1 36 15 6 45 35 39 
21 36 25 1 16 3 20 40 6 2 42 29 17 24 14 12 44 22 37 23 32 35 4 28 9 41 5 19 30 26 27 45 34 43 11 7 10 31 13 15 8 38 18 33 39 
20 16 10 29 43 4 34 37 40 3 22 39 26 24 5 12 33 14 23 35 25 28 30 19 42 8 18 9 15 11 38 32 31 6 45 1 27 41 21 2 36 44 13 7 17 
30 35 2 5 26 40 36 29 41 16 15 6 37 45 22 39 23 17 44 43 19 27 4 13 11 31 42 34 18 32 24 9 10 25 38 14 28 12 3 7 1 8 20 21 33 
45 42 32 17 20 3 38 43 16 11 22 12 19 36 28 10 33 8 40 24 6 15 7 4 1 2 25 14 27 44 37 18 21 5 30 31 23 39 29 41 9 34 26 35 13 
20 9 41 17 37 11 22 42 26 31 10 40 32 4 2 19 14 34 7 44 33 39 15 38 12 1 30 13 21 28 16 35 18 8 6 36 24 29 23 5 27 43 25 3 45 
30 38 11 25 10 28 2 24 27 34 32 26 41 18 23 35 16 6 8 20 21 19 4 22 17 45 14 9 44 29 40 3 31 37 12 33 13 15 42 43 5 36 39 7 1 
11 39 16 20 32 9 3 21 7 22 41 40 15 45 29 25 19 5 42 36 12 10 26 2 24 17 8 43 13 37 31 30 23 4 44 27 28 38 1 6 33 35 14 18 34 
34 38 44 19 10 33 2 1 41 26 39 23 5 4 14 8 7 28 45 25 32 30 31 27 3 11 37 24 29 22 6 15 13 18 35 43 42 17 16 20 21 36 40 9 12 
4 42 12 3 26 20 30 1 13 43 35 38 44 25 37 40 33 8 18 29 24 28 22 11 7 2 27 14 5 45 17 31 16 6 9 10 41 19 32 23 36 39 34 15 21 
40 42 36 1 16 39 3 35 6 11 28 15 5 9 19 29 17 8 18 20 21 4 23 34 27 22 31 44 12 25 33 38 26 43 10 7 30 2 45 41 13 32 14 37 24 
9 43 3 42 31 8 25 13 4 41 14 34 30 11 26 28 1 38 15 22 10 5 27 21 39 24 20 44 35 36 32 19 12 40 33 17 45 18 37 7 23 2 16 29 6 
38 28 31 26 41 42 24 18 35 29 40 2 4 11 20 17 10 30 7 36 15 23 33 27 9 8 5 6 37 39 43 13 45 32 19 34 12 3 22 21 25 1 16 44 14 
41 13 33 8 22 10 37 25 38 31 7 4 9 21 32 36 29 39 16 20 19 14 2 11 18 23 45 24 28 15 40 17 27 30 26 34 6 12 1 5 3 44 43 35 42 
22 8 26 38 28 19 36 3 18 45 43 24 17 11 10 29 15 25 44 42 31 13 1 5 33 27 6 9 2 21 30 12 7 35 39 4 20 14 34 40 41 16 32 37 23 
6 8 39 16 11 25 14 1 22 40 33 27 34 44 41 20 13 15 2 42 21 28 24 18 31 9 29 30 4 19 26 37 17 45 38 23 5 10 35 12 36 3 7 43 32 
31 14 43 12 17 36 1 8 28 5 33 19 37 44 23 13 10 40 21 7 11 3 42 2 20 16 30 22 6 39 26 25 45 27 41 32 38 18 4 29 15 34 9 24 35 
34 12 21 11 39 27 33 37 15 29 32 22 36 35 19 31 25 7 18 30 6 2 23 43 44 26 17 24 40 4 9 14 1 10 42 13 38 41 28 3 45 8 5 20 16 
21 32 7 19 16 11 26 38 8 40 13 37 39 20 1 15 23 44 6 27 29 14 43 12 28 3 22 10 31 34 33 4 2 35 25 30 24 18 5 41 9 45 42 36 17 
19 32 43 44 8 11 40 18 24 36 3 45 25 42 5 23 20 38 4 15 28 35 41 37 22 34 17 27 6 2 10 26 16 1 13 9 14 33 39 21 30 12 29 7 31 
16 24 13 33 19 8 20 12 18 28 10 32 1 37 27 17 31 4 34 15 41 44 30 7 35 42 45 9 2 29 25 21 40 11 38 23 39 14 6 22 3 43 26 36 5 
11 24 35 45 40 22 23 33 25 38 4 26 3 19 8 7 12 43 20 32 15 39 1 18 27 10 44 16 2 34 29 41 13 36 30 28 14 42 31 37 6 17 21 9 5 
30 21 20 16 33 36 6 17 11 7 37 3 12 18 38 41 22 24 44 39 35 1 15 45 43 4 28 34 13 14 25 9 5 10 8 42 19 2 40 27 26 23 29 32 31 
19 38 32 5 27 39 24 9 12 11 17 36 31 15 28 14 23 30 42 45 26 40 20 7 41 8 1 3 29 22 2 25 10 37 13 35 18 43 16 44 6 4 33 21 34 
25 13 4 31 16 41 34 6 33 42 15 30 45 11 14 3 32 37 29 43 9 39 36 19 24 5 1 8 27 18 35 7 26 44 22 23 12 40 2 28 38 17 21 20 10 
4 21 25 14 17 11 2 35 33 27 23 19 28 34 24 37 41 30 6 1 45 26 38 16 13 20 22 15 39 3 31 9 29 43 32 12 10 18 44 5 40 42 36 7 8 
37 25 19 7 29 27 30 3 36 41 35 11 13 2 33 16 9 38 26 1 8 17 12 22 6 14 20 24 15 45 23 10 21 44 42 39 43 28 5 32 34 40 4 31 18 
12 30 26 19 25 14 9 6 45 5 39 18 44 33 29 36 13 3 15 8 40 4 21 11 34 24 32 38 10 41 7 28 17 37 35 16 27 2 23 42 1 31 43 20 22 
4 41
33 36
6 35
1 6
33 41
17 25
24 42
5 18
20 30
21 34
29 34
23 44
27 28
14 43
3 40
10 24
9 16
19 24
22 39
12 22
16 38
41 45
7 35
1 12
24 36
39 42
9 19
30 45
10 42
17 29
1 15
24 31
15 26
3 34
2 23
43 45
5 17
2 43
6 30
16 26
10 32
17 27
25 37
26 34
6 20
2 8
26 40
5 36
31 36
17 33
15 42
3 31
25 35
2 39
22 34
21 26
23 43
2 20
13 28
3 9
34 44
3 26
13 43
7 13
3 25
10 11
14 30
15 31
28 45
16 24
36 38
5 12
12 44
19 36
19 25
1 41
4 34
8 37
16 18
6 40
11 37
2 31
34 40
7 45
16 40
12 38
25 45
24 35
19 35
6 12
20 36
22 35
5 41
8 34
16 31
1 8
15 40
8 27
24 32
