45 45 49
18 11 17 3 2 15 38 1 8 21 24 27 45 12 29 19 36 22 33 30 35 28 23 37 5 32 26 10 40 41 25 14 43 9 13 39 31 6 20 16 42 34 4 7 44 
9 43 31 12 5 7 15 21 20 33 27 42 40 6 14 44 45 19 34 36 1 18 25 3 29 39 24 16 2 28 30 4 22 26 10 23 37 17 8 11 35 41 38 32 13 
15 7 5 33 37 36 22 44 8 39 16 18 9 14 34 42 21 40 23 1 12 11 19 35 17 29 38 27 41 30 45 6 10 43 4 28 25 32 26 3 2 20 31 13 24 
36 10 43 20 6 13 3 22 12 40 27 9 4 7 17 2 31 15 18 28 25 33 41 29 39 24 11 23 35 37 45 1 30 14 44 26 16 32 8 19 34 42 38 21 5 
4 45 24 7 5 31 6 13 1 3 28 19 33 42 29 22 9 25 39 26 37 27 21 41 30 11 16 10 44 8 35 43 40 23 12 32 20 34 15 17 2 38 14 36 18 
40 6 12 16 25 35 4 23 15 44 17 1 39 19 2 38 18 33 9 41 37 30 31 7 20 13 45 43 22 14 8 24 11 10 29 36 28 42 21 32 34 5 3 26 27 
14 18 37 23 44 38 26 9 2 6 30 24 13 4 40 22 11 21 45 41 27 32 7 36 33 17 19 29 3 20 25 43 5 12 10 39 34 35 8 28 16 31 15 1 42 
16 35 26 9 29 40 6 17 7 12 14 18 1 34 11 21 45 15 27 22 44 20 4 5 42 32 37 36 41 19 23 33 2 30 39 13 38 28 24 31 8 25 43 3 10 
39 19 17 2 25 16 37 13 23 38 43 45 1 5 33 31 7 44 18 9 29 35 6 28 24 36 4 11 15 12 42 21 3 10 41 27 14 30 22 40 26 20 32 8 34 
23 15 7 3 16 37 42 21 43 38 9 25 24 10 14 33 5 18 22 11 45 39 27 20 34 12 44 29 2 40 4 31 41 17 30 6 32 1 13 19 8 36 26 35 28 
29 22 16 28 2 32 43 30 10 20 21 41 38 35 18 37 19 5 42 3 4 1 45 6 17 31 15 33 23 11 12 26 25 44 27 34 9 36 40 7 24 39 14 8 13 
35 3 30 22 8 16 15 26 10 11 37 41 25 36 45 18 4 6 32 28 19 40 33 20 44 39 1 42 21 9 43 38 29 34 2 24 14 5 7 13 27 12 17 23 31 
11 2 33 19 39 6 38 4 22 43 21 17 35 9 16 8 7 10 40 28 45 29 26 5 37 24 44 13 1 42 3 30 36 14 23 41 15 25 32 18 31 20 34 27 12 
28 40 45 25 20 37 12 23 15 31 13 27 22 8 41 3 44 34 24 26 9 39 30 21 10 5 7 36 1 18 16 17 11 6 4 43 35 38 42 14 32 33 29 19 2 
15 33 12 31 44 6 19 24 25 30 36 26 18 45 2 7 35 39 10 41 40 21 22 29 16 43 42 38 27 34 17 32 20 1 23 11 13 3 28 5 4 8 37 9 14 
14 11 21 32 28 25 19 12 7 4 3 30 15 23 10 40 34 9 35 6 22 16 5 43 33 31 27 42 17 13 38 20 1 36 37 18 29 2 39 26 41 44 8 45 24 
37 43 10 31 35 34 18 4 24 12 27 9 11 2 1 32 25 41 28 3 5 8 23 21 19 30 16 22 45 26 36 42 7 6 14 29 33 17 38 20 13 39 15 40 44 
40 5 36 29 39 23 25 7 18 22 15 41 1 44 45 26 9 4 17 21 13 34 33 27 20 31 30 43 16 10 11 6 42 19 38 37 2 3 24 35 28 32 12 8 14 
25 17 40 30 21 28 35 7 18 29 1 19 3 23 34 45 33 24 16 39 15 31 27 8 12 38 41 11 13 22 6 32 5 44 10 42 20 9 26 36 37 2 4 43 14 
3 34 42 19 29 21 37 5 18 22 33 30 28 1 9 6 16 39 12 17 26 4 15 45 38 41 24 27 31 7 44 13 40 32 14 25 43 20 35 2 8 36 23 11 10 
23 40 43 26 30 24 18 36 31 29 32 9 44 3 14 15 17 11 39 37 5 2 20 38 34 41 22 27 33 6 12 8 21 10 4 1 42 28 7 35 45 16 25 19 13 
23 36 22 8 37 7 26 5 44 12 28 11 2 30 25 43 9 15 14 17 13 38 39 21 27 4 20 41 24 42 31 40 45 33 32 29 3 16 10 18 34 1 35 19 6 
9 36 13 24 15 2 12 14 16 20 4 42 28 23 22 25 26 41 10 19 43 31 7 34 18 5 45 44 11 6 8 40 3 1 35 17 21 32 30 38 37 29 39 33 27 
33 15 35 39 11 44 37 26 27 3 30 28 45 41 29 17 19 7 40 31 38 1 8 14 22 32 20 13 25 12 9 2 5 21 34 23 36 42 4 18 10 43 6 16 24 
36 21 10 27 30 14 24 25 20 4 45 41 16 29 44 13 8 17 26 2 34 33 35 39 12 3 5 43 42 1 28 22 9 37 7 19 18 6 31 11 15 38 23 40 32 
1 36 44 9 38 3 27 35 16 40 7 14 22 17 20 13 2 12 31 26 43 11 6 32 37 30 23 24 41 28 15 34 45 19 33 8 25 4 5 10 21 18 42 29 39 
13 40 4 44 29 20 35 38 45 25 43 19 10 2 24 33 11 39 21 1 14 42 31 37 30 9 17 41 32 18 16 36 3 5 12 34 8 15 27 28 23 22 26 7 6 
41 2 43 18 14 32 9 13 17 37 16 45 11 3 10 19 31 5 23 38 21 7 28 20 1 27 26 8 15 34 22 29 40 4 30 25 36 44 6 12 33 39 24 35 42 
33 40 37 2 45 44 9 39 6 19 38 34 7 20 29 21 30 35 28 3 12 36 23 1 41 10 18 13 22 43 16 5 15 42 31 27 11 4 8 32 17 14 26 25 24 
31 36 28 17 1 32 44 38 11 22 20 12 24 4 37 45 40 9 7 34 13 26 6 25 21 29 30 3 5 42 19 39 16 2 18 27 43 23 41 10 35 15 8 33 14 
3 13 40 32 28 34 16 22 11 20 35 38 15 26 33 19 36 17 2 37 45 1 18 41 21 14 9 6 42 25 10 8 29 5 31 23 27 24 4 30 43 44 7 39 12 
16 20 37 34 5 17 14 27 28 6 1 33 11 39 18 4 2 13 45 42 43 7 32 41 21 8 10 3 22 26 36 29 44 19 31 38 12 9 30 15 40 35 23 24 25 
41 5 40 14 6 11 38 30 44 36 12 37 16 33 25 2 24 3 8 31 18 27 9 45 17 19 26 1 21 35 28 42 20 32 39 15 34 22 29 43 13 10 23 4 7 
27 37 43 42 2 25 44 22 26 35 20 18 38 10 19 33 4 5 17 21 39 36 23 9 24 8 15 1 7 29 3 41 16 6 12 32 14 28 13 34 30 31 11 40 45 
25 19 29 15 39 24 38 13 17 31 35 27 34 28 10 1 33 22 43 18 11 40 2 7 44 32 8 21 37 6 3 42 5 26 45 41 23 20 14 9 30 36 16 12 4 
18 36 40 4 14 6 31 8 38 23 28 27 33 35 17 24 3 7 19 20 43 26 37 30 1 39 15 11 5 44 42 12 13 9 10 21 29 2 22 32 45 25 34 16 41 
7 8 25 24 16 36 42 18 45 43 3 39 21 9 13 34 41 44 29 2 15 14 38 32 30 26 10 23 22 4 17 37 1 31 19 11 5 28 40 20 12 27 35 33 6 
23 24 20 35 21 7 39 29 41 30 14 10 34 25 2 44 45 43 18 1 33 16 17 5 28 31 22 3 13 12 9 26 27 11 15 42 37 19 6 4 38 8 32 36 40 
5 40 10 35 25 12 19 9 37 13 28 34 7 6 2 43 3 16 15 41 42 4 20 21 36 30 33 32 8 17 14 24 1 11 18 23 29 39 22 26 38 31 27 44 45 
35 3 30 45 39 26 4 2 36 25 43 19 6 31 29 9 16 24 41 11 5 27 23 1 32 22 21 37 8 40 38 17 13 42 15 33 34 18 14 44 12 20 10 28 7 
22 20 45 4 32 1 2 29 7 9 21 5 23 8 27 43 19 33 18 15 28 3 12 30 39 24 36 11 41 31 10 14 42 26 17 25 13 44 35 16 37 40 34 6 38 
33 45 44 14 38 40 35 17 8 42 31 24 5 21 18 22 12 2 26 7 9 1 3 25 11 29 32 28 27 36 10 6 13 16 20 41 23 19 15 30 4 43 39 37 34 
2 6 16 10 1 19 34 8 30 32 41 18 44 25 36 27 28 22 14 15 23 11 38 45 21 31 20 40 29 35 12 13 33 43 39 26 5 3 42 17 4 9 7 24 37 
37 44 1 14 39 2 23 42 12 38 33 31 8 35 13 43 26 45 15 17 10 6 29 21 18 30 9 16 28 7 40 25 22 41 3 11 19 36 4 27 5 20 34 24 32 
15 5 31 13 36 45 22 29 44 39 16 8 25 2 21 10 26 35 23 43 6 9 24 12 18 19 17 40 20 7 33 28 42 37 4 27 11 14 32 30 34 38 3 1 41 
28 37
14 30
23 41
6 35
19 23
12 36
26 39
16 24
4 33
5 23
23 45
9 25
5 30
30 33
18 34
2 30
19 36
15 42
14 27
22 41
9 17
5 22
5 29
23 25
36 39
4 38
8 21
4 16
19 24
9 10
2 32
5 15
43 44
2 36
10 41
9 27
13 34
14 16
12 26
14 36
20 33
14 45
28 40
9 42
24 25
22 36
5 27
3 39
2 37
