45 45 49
8 15 36 45 41 1 2 11 39 19 40 12 35 42 27 23 31 25 34 28 10 38 5 29 44 4 17 30 21 3 37 43 18 13 26 14 33 22 9 24 20 16 6 32 7 
4 29 35 28 8 43 33 27 21 22 42 11 38 17 7 26 1 16 25 31 10 32 14 23 45 19 37 40 41 18 39 6 13 20 15 44 3 5 9 36 2 30 34 24 12 
16 35 6 41 14 40 26 37 11 28 22 36 29 4 38 2 7 42 24 13 23 15 39 31 45 43 18 32 17 10 19 33 44 9 34 5 8 25 20 21 30 3 12 1 27 
29 24 20 14 44 40 33 18 27 16 45 7 38 34 2 30 36 13 5 22 31 8 4 25 9 42 6 21 39 15 41 17 32 35 10 28 1 3 26 23 19 37 12 11 43 
6 34 37 17 11 10 38 24 2 21 18 33 5 22 20 27 12 28 13 29 40 16 25 3 42 35 14 43 1 8 4 26 19 32 23 9 45 36 39 15 44 31 7 41 30 
18 33 3 41 36 14 1 42 28 37 9 25 43 6 38 20 15 5 34 35 13 17 30 22 2 11 10 21 8 29 31 19 26 4 27 40 7 44 45 24 23 12 16 39 32 
19 12 30 39 40 16 10 32 14 2 5 13 17 1 44 29 43 34 3 20 18 26 7 11 42 28 38 33 36 4 31 25 35 37 21 15 41 24 23 8 27 9 45 22 6 
43 5 15 6 38 4 16 10 7 41 20 36 23 29 3 1 28 39 40 14 42 18 30 33 26 19 17 9 11 25 44 35 32 21 24 12 2 22 13 34 45 37 8 31 27 
29 36 43 26 35 7 12 24 4 20 45 30 42 33 22 9 11 25 23 38 16 18 21 39 34 5 17 2 1 27 32 13 6 3 8 15 19 28 44 31 14 37 10 40 41 
4 33 28 17 32 43 18 23 38 27 35 37 2 5 29 20 25 22 36 19 24 44 39 1 15 31 41 16 11 26 21 14 3 13 12 10 30 9 6 8 40 7 45 42 34 
4 36 45 44 9 28 30 27 16 18 22 24 11 43 34 32 26 41 40 13 39 5 12 2 33 10 19 21 14 38 42 20 17 37 29 8 23 15 25 6 7 35 31 1 3 
32 38 10 30 41 42 3 24 28 5 43 25 18 13 17 7 27 12 1 4 39 14 45 36 9 33 19 40 37 23 22 11 2 34 21 15 6 20 29 16 44 26 8 31 35 
36 18 37 25 45 31 27 40 8 19 14 33 38 4 24 39 21 28 35 34 16 5 10 42 9 3 11 26 41 43 1 17 13 15 29 22 7 23 12 32 20 30 44 2 6 
31 10 12 18 22 33 37 25 16 19 7 28 5 26 14 2 3 29 41 38 6 27 45 13 20 11 44 35 4 34 8 17 42 9 30 40 32 15 24 43 1 21 39 36 23 
24 45 5 7 27 10 42 32 26 28 9 31 13 23 36 41 11 4 1 20 21 29 17 8 25 43 40 37 35 38 15 3 39 16 44 19 33 34 22 30 6 2 14 12 18 
27 12 24 28 5 32 40 19 35 43 3 25 8 37 7 14 33 45 16 2 34 22 41 6 38 10 15 17 44 20 30 1 21 36 23 18 39 29 42 31 26 11 9 13 4 
30 24 12 22 36 8 18 40 20 6 2 3 23 11 45 33 39 15 25 1 4 5 26 17 29 27 42 44 41 32 43 14 7 19 38 21 28 37 31 16 10 35 34 13 9 
44 6 45 23 13 17 19 1 3 12 27 43 16 38 9 7 37 30 33 2 39 4 21 11 22 25 14 35 40 18 8 5 32 29 10 26 20 15 36 34 31 28 42 24 41 
13 29 34 5 14 21 26 43 41 27 24 8 4 37 33 16 9 40 2 10 45 15 31 18 38 7 19 20 32 25 6 1 22 35 11 39 42 17 44 12 3 28 36 30 23 
13 36 8 7 22 33 30 5 29 43 42 40 1 28 31 23 37 38 9 14 17 25 20 2 15 12 41 4 44 18 3 27 35 26 11 10 21 39 34 19 16 32 45 6 24 
3 5 45 40 6 23 42 44 32 10 36 16 7 21 22 37 8 38 27 14 18 29 31 19 39 17 15 11 43 25 9 30 4 41 33 1 12 2 24 34 20 35 28 13 26 
29 17 13 36 6 21 45 38 42 37 22 28 25 27 23 41 1 18 9 15 5 8 3 26 11 35 24 20 14 4 44 12 34 7 33 30 10 39 19 2 43 16 40 32 31 
30 5 40 16 23 28 26 11 33 9 8 20 15 2 35 43 45 7 25 19 10 12 18 39 42 21 24 3 37 44 14 13 17 4 38 36 32 27 31 34 29 22 6 1 41 
7 43 41 21 39 24 37 33 31 3 26 45 22 20 32 42 38 10 9 13 30 23 25 36 17 5 11 8 27 12 29 34 16 28 40 2 15 19 18 44 35 4 6 14 1 
25 38 3 42 13 19 45 32 22 17 1 21 33 39 16 12 11 29 15 4 14 9 7 28 31 37 2 8 44 41 10 30 6 26 40 5 27 23 43 34 18 36 20 35 24 
8 39 12 14 27 6 18 9 13 45 1 4 43 15 29 41 17 35 5 20 21 3 30 26 42 25 44 40 19 2 11 33 38 36 28 34 32 23 22 16 7 37 24 31 10 
31 2 10 27 11 26 45 20 13 25 15 34 39 42 36 28 44 37 19 29 22 24 18 23 8 30 17 21 43 7 38 4 33 32 35 12 6 16 41 14 40 3 5 1 9 
18 27 34 10 44 39 36 35 40 6 4 32 7 3 24 43 1 2 5 16 26 11 42 8 12 33 31 41 17 9 28 19 13 20 29 25 14 15 23 38 21 22 45 30 37 
27 32 25 15 9 23 35 38 14 8 1 4 40 10 45 34 17 22 26 39 13 44 16 20 36 21 3 33 24 28 41 19 30 7 31 11 2 42 6 37 29 18 43 12 5 
30 6 28 16 8 38 13 12 19 21 34 18 10 20 31 25 27 45 40 22 39 2 36 32 24 11 29 35 23 44 1 41 43 14 7 9 3 26 42 4 17 37 33 5 15 
33 1 26 16 24 25 45 5 31 8 30 6 20 28 38 14 39 35 42 22 13 10 40 3 12 9 7 19 29 41 44 4 32 43 11 21 34 27 36 17 23 15 18 37 2 
5 45 42 22 12 36 25 9 21 17 44 19 32 43 29 26 7 27 14 20 2 38 1 13 41 24 31 34 18 35 28 3 16 15 33 37 40 23 4 30 10 39 6 11 8 
40 41 17 45 1 10 30 21 36 39 7 12 13 19 5 8 33 4 15 2 14 27 43 9 22 26 23 6 3 44 16 28 25 31 35 34 32 29 37 42 11 20 24 18 38 
11 36 26 42 29 13 27 1 12 40 9 19 16 43 25 8 38 5 18 30 35 10 20 45 6 34 41 22 33 15 3 4 24 37 23 21 31 28 44 39 17 7 14 2 32 
28 5 23 18 43 32 21 14 34 16 31 37 26 7 27 45 40 8 39 41 44 11 1 22 33 3 36 30 6 13 35 15 29 12 38 10 20 9 2 17 19 4 24 42 25 
39 41 8 31 26 25 35 38 40 37 21 14 29 22 42 7 10 11 12 15 2 32 34 36 20 44 9 33 19 4 24 3 28 13 5 45 6 23 43 16 27 30 1 17 18 
10 6 43 7 26 20 15 19 31 36 13 29 1 37 44 8 32 3 42 35 22 39 12 27 45 34 24 25 40 11 16 5 30 18 17 28 21 9 23 33 4 38 2 41 14 
42 16 13 20 32 2 40 30 8 45 28 27 31 21 26 19 24 33 39 34 38 4 9 35 6 7 15 25 22 36 29 43 12 17 1 37 18 11 23 10 41 14 3 44 5 
2 16 41 18 17 26 20 12 11 4 42 9 43 10 35 21 13 29 32 40 45 39 8 30 34 15 38 19 27 24 33 14 23 22 37 1 5 3 36 31 7 6 28 44 25 
22 40 20 1 44 43 26 8 34 13 15 42 6 31 17 24 19 21 45 2 4 23 5 38 16 9 29 10 25 28 37 7 11 12 41 27 33 36 32 3 39 18 35 30 14 
29 41 22 32 39 14 38 27 31 44 20 17 37 43 34 8 13 9 25 21 5 18 16 11 15 2 33 30 35 45 42 36 6 24 28 40 4 12 7 19 1 26 23 10 3 
3 37 35 28 44 39 38 30 43 13 41 34 16 5 1 36 24 40 17 29 20 33 21 23 26 4 18 25 31 32 11 45 9 22 2 10 42 6 15 19 27 7 8 14 12 
39 21 5 7 20 34 35 27 28 18 9 40 4 3 38 12 17 43 25 45 31 10 6 11 32 41 36 23 26 8 1 42 16 24 37 44 2 13 15 22 29 30 19 14 33 
2 26 14 45 31 37 30 29 38 34 18 42 7 17 4 19 3 44 36 11 33 22 5 24 16 39 21 1 32 27 13 9 40 43 10 6 35 12 41 28 25 20 23 15 8 
35 20 30 26 12 39 32 15 29 5 18 36 42 3 38 23 4 41 9 22 17 34 19 31 25 11 40 37 2 21 1 14 24 44 13 27 7 28 45 43 8 10 6 33 16 
36 42
22 23
36 37
4 18
5 6
11 28
6 21
14 26
30 37
15 36
1 33
29 39
27 33
38 40
20 35
7 33
18 34
1 25
4 9
2 30
10 18
18 38
5 22
17 45
35 36
25 42
36 39
3 44
37 38
16 30
13 15
9 10
3 40
25 34
7 22
16 19
19 20
43 44
1 31
4 29
22 25
4 39
5 16
4 44
28 33
39 42
14 21
33 42
10 29
