45 45 49
26 15 29 17 31 40 9 34 4 25 30 23 36 20 41 14 28 1 2 33 3 44 18 37 10 16 24 43 22 38 35 32 8 7 5 27 6 42 39 19 21 11 12 45 13 
4 35 41 24 5 14 18 10 27 30 20 7 19 22 29 23 12 39 43 37 40 36 44 33 26 45 34 31 38 21 3 15 8 1 13 9 42 25 28 17 32 11 2 6 16 
41 1 25 21 38 23 8 4 17 10 40 33 31 39 14 15 3 20 22 36 24 32 9 12 35 16 44 18 28 19 43 29 27 11 37 5 13 6 42 26 45 30 34 2 7 
3 39 38 36 24 17 10 20 44 7 31 8 23 33 30 29 40 2 16 15 4 43 1 45 18 12 13 11 37 27 28 21 35 5 19 22 32 9 42 14 26 34 6 25 41 
8 32 6 4 28 33 42 14 41 21 7 35 3 39 10 27 31 24 45 30 44 37 9 12 17 13 29 23 25 5 2 36 26 38 40 20 22 16 43 1 15 19 11 18 34 
1 22 24 33 32 8 15 39 35 7 10 43 5 26 45 41 28 30 19 31 27 2 42 20 14 23 29 44 11 21 3 37 36 40 13 18 9 6 38 12 16 4 25 34 17 
9 7 45 30 14 32 8 17 3 44 20 4 37 28 1 11 12 39 41 38 21 26 35 5 25 13 16 43 19 24 27 2 40 31 6 34 33 18 36 23 29 42 22 10 15 
15 44 4 21 40 18 3 41 2 12 39 6 10 1 9 28 32 24 36 27 5 20 35 13 26 22 31 37 14 34 43 45 19 33 42 8 30 29 17 38 23 11 7 16 25 
10 15 38 9 45 23 3 32 16 6 19 14 44 29 21 13 39 24 18 12 42 5 27 7 40 20 17 37 8 41 26 1 35 34 4 11 22 36 30 25 33 31 28 2 43 
28 37 16 39 22 2 29 6 7 32 23 13 1 8 9 30 45 14 19 33 40 38 4 26 10 36 20 27 34 3 31 44 12 17 42 35 25 41 21 18 11 24 15 5 43 
25 19 21 11 16 14 6 43 17 3 26 44 33 7 13 35 1 39 29 12 36 9 2 34 30 45 28 22 4 18 32 41 10 40 37 38 20 23 42 5 8 31 27 24 15 
2 44 18 43 42 1 36 6 9 30 15 38 20 26 39 34 31 7 5 23 24 37 40 21 32 16 29 17 27 11 35 13 12 41 33 4 45 19 14 10 22 25 28 8 3 
34 15 24 18 45 43 33 8 10 1 26 3 5 31 37 14 21 29 16 28 23 22 2 32 27 7 9 12 40 6 13 44 11 17 30 36 42 38 39 35 41 20 25 19 4 
28 9 26 29 34 2 11 35 24 40 30 38 37 27 17 32 43 1 13 3 15 33 5 20 8 36 44 42 12 31 6 23 45 21 7 18 19 4 25 39 41 14 22 16 10 
22 13 29 3 41 5 45 35 11 21 14 28 12 24 17 36 23 1 8 42 39 25 43 19 10 16 37 32 38 15 33 9 26 2 31 34 40 20 18 7 44 4 30 6 27 
13 37 4 16 31 30 9 11 14 2 20 34 21 38 10 8 22 5 42 28 43 17 35 7 45 6 33 32 26 12 44 1 3 39 15 27 36 25 23 19 18 40 24 41 29 
20 35 3 9 43 15 34 22 25 4 12 37 11 30 38 6 19 39 29 17 41 33 42 8 36 23 21 26 45 31 13 16 32 24 7 5 44 10 18 1 27 14 28 40 2 
10 7 1 32 21 38 33 22 37 40 2 27 11 41 13 14 12 31 30 17 36 26 35 43 29 24 18 25 44 34 4 5 42 16 19 8 23 3 9 45 6 15 20 28 39 
45 8 21 15 2 10 39 25 24 22 9 44 16 31 41 19 33 26 5 27 1 28 37 6 36 40 43 12 32 7 38 11 42 14 20 35 18 17 30 23 29 34 3 4 13 
36 8 16 30 40 14 19 1 22 4 45 20 39 29 15 7 27 43 32 17 13 44 21 42 34 28 26 31 11 41 10 12 3 5 18 24 25 2 37 9 38 33 6 23 35 
37 12 22 43 4 18 42 27 19 45 3 29 44 8 39 35 38 10 21 40 32 41 31 24 28 9 2 6 5 20 36 1 15 11 16 7 33 17 25 13 26 14 30 34 23 
37 17 44 8 39 15 16 20 45 41 9 30 5 25 13 11 23 28 22 32 18 31 7 2 35 1 21 3 34 33 36 40 10 29 4 14 24 27 6 43 38 26 12 19 42 
8 7 23 40 13 28 27 1 30 29 17 26 36 44 33 10 5 25 34 35 39 14 3 22 43 31 21 38 12 9 2 20 24 6 16 37 15 4 19 42 41 11 45 18 32 
39 24 8 32 20 23 37 45 16 34 43 21 42 6 10 25 14 33 13 36 15 29 11 22 12 40 3 18 5 31 7 41 44 30 2 35 1 28 9 27 17 26 38 19 4 
3 12 16 25 32 23 42 4 13 29 28 26 19 20 45 11 38 6 9 22 36 8 30 17 14 7 2 43 15 5 24 44 31 37 39 34 1 41 18 10 35 21 27 33 40 
40 34 45 10 29 14 24 36 41 25 28 32 18 27 43 19 4 31 44 26 33 8 21 2 1 17 30 13 42 22 39 6 7 12 20 11 5 9 15 23 35 37 3 38 16 
8 23 36 17 20 34 39 38 33 11 19 37 25 21 35 14 4 27 41 28 32 2 13 31 5 9 26 6 3 12 22 30 10 44 16 42 24 29 7 40 45 1 15 18 43 
19 1 44 13 8 35 10 32 17 38 42 6 23 43 26 4 22 20 27 12 33 30 24 31 11 34 37 28 9 14 7 3 39 41 5 2 21 16 18 15 29 25 40 36 45 
11 23 26 4 9 44 30 14 33 15 37 5 7 43 18 25 39 22 19 36 28 41 16 8 20 12 32 45 35 3 6 24 10 38 29 1 21 2 31 40 17 42 27 13 34 
18 14 7 26 34 29 20 2 5 12 25 16 21 41 1 35 13 22 40 43 32 3 9 36 19 6 17 45 23 15 42 44 39 27 24 31 30 38 4 8 11 28 37 33 10 
41 25 4 21 29 2 33 27 1 18 12 8 7 32 40 44 42 13 22 36 23 28 10 37 5 17 34 19 6 20 39 16 35 38 30 45 15 14 43 31 11 3 26 9 24 
14 12 24 37 25 42 41 30 36 22 2 8 40 9 7 26 44 13 32 5 27 39 38 29 35 34 23 28 33 10 19 18 6 4 45 1 15 31 17 20 16 21 43 11 3 
40 14 22 39 29 9 13 32 23 7 18 16 5 3 37 6 41 38 1 24 35 10 4 12 25 44 21 2 43 27 15 34 42 28 33 20 8 26 30 11 17 36 19 31 45 
2 33 24 42 9 1 45 32 20 25 15 16 10 27 30 5 28 35 19 21 13 37 18 3 36 23 39 43 17 6 11 40 7 12 22 26 34 44 4 31 41 29 8 14 38 
41 21 13 23 26 5 29 2 17 25 10 20 30 33 27 9 37 8 11 14 31 16 1 45 40 43 34 38 4 28 44 3 32 22 6 7 39 36 42 19 15 18 35 24 12 
12 20 30 17 43 23 4 5 39 31 22 13 27 42 8 29 1 14 32 2 28 9 10 15 45 6 16 7 36 24 38 44 41 26 35 19 40 33 37 25 21 11 18 3 34 
4 8 22 33 32 36 38 23 43 34 16 42 24 31 2 35 26 1 13 25 30 11 10 20 9 12 5 19 14 41 28 37 18 39 21 17 27 3 6 29 7 45 15 44 40 
9 37 25 40 44 15 3 33 41 16 4 12 30 24 35 38 36 6 17 43 26 21 20 28 5 10 27 1 14 42 13 8 19 22 45 39 23 18 32 29 34 11 31 7 2 
8 40 14 12 2 31 11 1 41 4 25 36 26 3 20 32 10 17 13 7 39 34 15 33 6 9 43 18 45 37 35 22 23 28 21 44 5 19 42 24 16 27 29 38 30 
1 9 19 2 44 43 7 24 28 41 34 18 13 27 16 42 11 40 33 35 36 30 4 20 21 29 15 10 6 17 37 26 22 5 31 32 45 25 38 39 3 14 12 23 8 
32 40 26 38 9 2 18 31 15 24 6 29 16 22 1 3 27 5 37 35 11 7 23 39 17 4 45 42 41 21 28 30 12 44 36 20 34 43 14 10 33 19 25 13 8 
20 10 17 44 37 15 35 33 7 12 43 30 19 25 9 11 16 3 1 42 21 5 27 8 24 31 29 18 4 32 13 28 38 2 36 40 26 34 14 41 45 22 6 39 23 
22 21 20 41 37 2 24 27 6 1 33 29 13 9 11 44 38 5 23 10 8 40 39 28 26 25 43 35 34 16 15 36 19 14 18 3 12 30 4 42 17 32 45 7 31 
41 8 43 30 19 23 10 22 35 33 6 44 38 20 15 34 3 12 16 18 42 21 32 39 13 11 28 40 4 31 17 45 27 7 26 9 24 25 14 37 1 36 29 2 5 
40 8 42 23 14 17 7 44 37 32 22 45 2 15 11 10 41 19 20 43 39 34 13 21 36 24 18 12 4 28 16 1 9 33 5 6 25 30 31 29 27 3 26 38 35 
40 45
23 31
30 32
8 44
11 28
7 25
34 35
4 22
11 14
23 45
28 38
1 20
9 44
1 25
2 9
5 43
26 29
19 36
22 38
23 39
18 42
3 37
12 45
10 13
23 29
9 16
2 3
12 29
6 26
5 34
15 17
9 39
41 45
19 31
9 27
21 25
6 19
5 10
7 35
10 16
8 43
6 31
14 45
11 29
24 25
5 20
3 18
10 20
21 43
