45 45 99
3 14 5 27 25 35 33 6 20 43 26 17 8 23 19 39 38 9 29 13 32 16 10 1 42 36 44 28 37 2 34 7 41 11 40 31 4 24 45 21 12 30 18 15 22 
14 1 8 41 20 22 24 13 7 31 26 30 38 16 37 10 5 42 3 21 6 28 29 32 2 39 11 45 34 43 4 25 35 33 17 12 9 19 23 27 18 40 44 36 15 
8 16 36 19 35 44 2 17 45 18 9 42 25 37 6 4 1 15 24 31 38 33 11 13 23 39 22 28 21 14 20 10 26 29 41 12 3 43 7 34 27 30 32 5 40 
12 22 34 4 25 24 18 19 3 15 11 6 38 16 32 27 20 44 5 10 8 41 43 17 39 42 28 40 36 45 35 7 1 9 26 21 33 30 14 31 29 13 2 37 23 
5 30 3 2 24 20 34 1 39 27 9 8 37 26 10 4 45 36 32 15 18 14 6 22 12 35 23 44 40 17 29 11 41 31 43 16 42 25 21 33 19 7 13 38 28 
7 26 45 3 40 35 13 27 30 10 37 36 39 24 16 20 23 12 41 6 4 43 29 17 21 5 19 8 31 2 1 11 18 32 38 34 33 42 22 9 44 28 15 14 25 
25 31 24 45 34 7 5 37 4 19 42 39 41 17 32 2 30 26 44 14 11 8 28 10 16 23 29 33 43 36 35 6 12 18 40 1 3 21 15 27 22 38 9 20 13 
41 36 43 17 27 7 4 34 11 23 5 24 44 2 37 6 38 16 13 3 30 19 39 14 12 20 25 33 40 26 31 8 21 18 9 35 10 15 45 42 22 1 29 32 28 
43 44 28 36 16 24 1 10 20 2 32 27 35 8 26 33 41 15 25 22 31 3 29 18 6 7 39 9 5 21 13 30 37 11 17 38 40 34 23 4 14 12 45 19 42 
20 14 45 12 8 35 9 39 37 42 21 18 38 33 32 31 2 34 11 26 23 24 22 7 10 25 27 40 30 43 13 19 5 44 17 6 3 36 1 41 4 29 15 16 28 
7 21 12 35 3 43 33 5 34 42 31 36 44 25 18 37 6 16 39 14 17 40 30 20 26 19 22 2 13 45 29 1 32 23 4 15 8 38 24 27 41 9 11 10 28 
31 15 42 28 14 4 35 41 7 26 33 32 39 12 40 10 2 8 44 18 16 45 30 5 3 36 34 25 19 22 43 20 6 17 13 11 21 37 23 38 9 24 29 1 27 
39 16 26 27 32 9 4 44 3 37 36 41 33 20 30 34 35 6 29 21 13 22 10 2 19 45 8 31 40 7 11 1 18 28 25 24 17 43 38 42 23 12 14 15 5 
33 6 35 38 16 14 32 15 18 31 3 27 37 39 28 10 12 41 7 21 44 23 1 5 2 30 19 4 25 36 22 40 9 34 43 45 8 17 11 20 42 26 29 13 24 
17 16 27 20 26 35 45 5 43 6 10 24 31 36 8 1 21 11 44 4 14 2 38 41 37 13 28 29 19 32 40 18 34 9 42 7 15 22 25 33 3 39 12 23 30 
10 12 14 21 11 15 26 5 33 18 28 27 37 43 22 3 42 13 9 31 40 35 23 24 36 29 32 30 41 7 45 8 34 1 20 44 19 6 17 39 4 16 25 2 38 
13 44 37 41 33 40 32 21 14 34 10 28 24 2 45 6 1 29 5 36 17 19 35 20 8 12 30 38 31 26 9 15 23 16 27 11 42 22 18 3 7 39 25 4 43 
36 1 43 19 16 23 28 45 35 39 40 14 26 13 27 15 11 25 7 30 24 22 41 9 37 33 2 29 18 31 5 32 4 44 42 8 21 6 17 3 12 34 38 20 10 
20 5 26 43 45 44 40 42 23 28 36 10 41 14 18 34 9 11 2 32 1 38 3 39 8 16 31 24 6 25 15 37 35 21 19 22 7 4 27 13 30 12 33 29 17 
25 44 30 28 31 26 32 39 11 7 22 12 20 17 29 18 10 19 27 3 13 6 40 36 24 5 35 8 23 15 2 1 37 43 34 42 16 41 45 21 38 14 4 9 33 
28 16 45 34 40 19 10 18 23 8 35 15 29 20 32 17 41 13 11 24 38 31 30 27 1 6 39 12 21 4 9 42 33 2 26 44 43 14 5 7 25 36 3 37 22 
16 45 11 42 22 15 30 5 19 8 24 6 37 31 18 20 33 34 1 2 3 21 40 39 29 17 35 38 26 28 27 23 25 44 7 41 36 12 9 13 32 14 43 4 10 
27 24 22 6 26 8 12 41 25 18 31 14 34 38 42 36 15 21 7 45 29 16 44 39 20 1 5 17 19 30 10 9 11 37 40 2 13 32 28 43 4 35 23 33 3 
29 28 30 4 35 17 24 2 1 16 5 3 6 44 43 25 18 7 10 40 11 12 23 33 37 26 19 15 41 38 32 21 8 34 31 9 13 22 42 39 45 36 20 14 27 
26 30 24 21 13 41 43 11 32 28 44 16 18 38 45 22 33 36 34 14 9 25 10 7 1 19 12 27 29 2 40 17 20 8 5 39 35 4 6 15 23 31 42 3 37 
7 6 16 36 5 15 17 8 37 28 42 40 24 4 34 2 1 21 3 35 13 19 18 14 31 44 32 25 12 43 41 39 11 9 33 22 27 26 10 29 45 23 20 38 30 
14 38 27 15 9 11 19 23 4 12 1 18 3 42 24 21 40 32 34 43 41 5 29 20 37 31 45 33 25 30 22 36 28 6 44 16 17 10 13 2 35 26 8 39 7 
29 38 24 28 12 26 5 22 35 19 15 8 11 43 2 39 18 40 36 23 44 32 45 16 31 33 10 14 20 42 9 27 6 7 1 21 37 30 3 25 17 13 4 34 41 
30 42 8 10 11 14 12 3 40 19 36 23 39 20 37 32 43 9 45 27 26 28 5 38 21 2 33 6 16 13 29 4 44 15 1 22 7 31 25 17 34 18 35 41 24 
18 22 2 45 4 39 13 11 31 40 12 32 17 9 38 34 25 23 1 5 10 30 35 43 42 36 7 20 28 16 37 15 14 8 6 29 19 26 33 27 41 24 44 21 3 
8 17 4 5 41 10 45 37 23 39 1 6 31 27 11 34 30 29 40 25 33 18 12 16 22 2 21 14 24 3 44 26 15 7 36 42 20 35 13 32 43 38 28 19 9 
36 26 14 9 34 31 17 32 27 8 24 22 30 6 13 23 21 11 28 1 44 2 3 39 5 45 42 29 37 35 33 4 19 40 38 7 10 12 20 18 15 41 16 43 25 
31 14 42 39 10 22 7 37 8 38 41 2 21 43 26 44 6 29 35 23 11 1 36 20 24 45 30 40 17 32 15 13 34 25 4 12 9 16 27 19 28 18 5 33 3 
2 8 1 19 16 10 12 18 31 6 29 25 39 45 28 32 11 35 14 40 7 5 3 17 36 24 33 37 26 22 23 43 34 30 27 20 44 41 4 42 15 21 13 9 38 
14 1 34 15 8 6 31 38 16 9 4 33 28 10 35 22 41 30 36 7 40 13 17 24 44 45 29 3 32 2 39 20 12 27 21 23 26 11 19 5 25 37 18 43 42 
17 18 4 22 36 3 1 24 11 31 37 12 9 40 13 38 34 25 29 16 2 23 8 41 33 42 27 32 15 5 10 45 19 14 20 6 43 35 21 30 26 7 44 28 39 
24 40 16 9 12 14 17 4 29 36 19 13 7 45 23 43 32 39 21 18 6 25 10 15 34 22 30 42 8 44 31 27 41 11 5 2 35 1 20 33 37 26 3 38 28 
36 18 7 42 40 31 17 43 15 6 11 45 10 44 2 3 19 16 5 41 37 39 20 13 34 14 25 26 22 24 28 35 32 1 33 21 8 27 30 38 12 4 9 23 29 
22 16 10 23 4 38 8 24 34 28 14 32 9 27 3 12 5 45 19 17 33 37 2 13 26 36 6 31 43 29 1 44 25 41 18 11 30 39 7 20 15 42 35 40 21 
19 4 7 39 9 31 16 27 14 6 43 32 24 42 36 18 23 29 3 34 15 41 21 33 10 2 11 44 40 37 17 1 5 12 20 45 38 30 26 22 35 25 13 28 8 
39 12 31 38 25 32 18 36 16 10 14 40 13 43 27 28 35 41 44 3 37 21 17 6 29 19 24 5 15 33 23 4 42 45 8 22 26 9 1 11 7 20 34 2 30 
38 20 1 5 3 31 7 9 21 28 27 41 26 35 18 15 14 6 19 29 30 11 17 16 25 36 23 8 4 44 13 43 32 40 45 12 24 39 2 10 42 34 22 37 33 
25 28 41 12 31 32 3 6 26 4 43 23 30 19 2 20 40 1 5 29 11 16 18 37 13 34 14 44 17 9 42 38 15 8 22 35 36 27 33 7 45 24 39 21 10 
21 6 27 10 25 9 2 5 16 33 15 22 7 34 26 4 14 30 45 11 8 13 35 1 19 24 40 37 32 23 44 29 38 39 36 28 12 41 31 18 17 3 43 20 42 
28 12 13 40 17 16 10 27 42 20 15 11 7 29 35 39 34 24 2 45 25 44 36 32 43 33 1 14 6 23 31 37 3 18 22 41 30 19 26 9 8 21 38 4 5 
9 26
6 28
26 28
32 44
6 35
23 41
24 42
4 19
11 22
21 31
12 17
7 28
5 11
16 19
13 23
11 36
18 25
12 39
5 27
21 43
15 16
8 35
10 42
8 9
15 43
14 33
3 28
18 41
15 26
4 42
15 23
32 45
35 40
41 43
13 29
13 44
39 44
20 31
16 26
11 45
19 38
25 37
14 25
3 43
22 36
5 33
36 42
16 42
12 32
19 37
10 15
7 11
32 33
6 36
35 44
6 43
12 37
15 39
4 24
25 35
14 23
4 38
11 30
20 22
12 25
12 42
5 45
21 29
26 31
7 30
4 7
20 34
22 37
21 35
23 32
30 37
28 30
24 38
5 12
8 20
19 25
16 18
7 23
23 39
34 40
16 40
8 17
14 20
21 44
4 20
28 36
8 34
40 44
12 26
10 45
16 34
3 8
11 32
15 40
