45 45 49
27 34 38 11 31 3 12 15 20 26 9 25 30 16 32 7 36 14 24 1 29 10 2 23 42 43 41 37 45 22 35 5 40 28 19 33 4 8 18 17 44 39 6 13 21 
13 8 42 10 39 11 21 3 23 7 17 9 40 29 34 27 35 25 20 22 36 4 24 16 18 37 45 6 19 44 12 33 5 15 14 31 38 32 41 1 2 28 43 26 30 
31 34 2 29 30 13 32 24 5 39 33 27 35 41 14 1 11 19 3 18 22 20 37 42 4 6 25 45 10 17 44 15 9 7 16 21 8 28 40 38 23 12 36 43 26 
23 27 37 6 39 2 21 36 16 20 30 25 22 10 1 24 7 32 29 31 11 17 28 33 44 43 40 5 8 34 13 12 15 26 45 4 9 18 42 38 19 41 35 3 14 
40 6 19 5 7 10 15 17 23 13 11 14 28 8 34 29 18 45 37 33 3 39 25 36 44 38 20 9 41 16 30 4 1 21 31 27 32 12 26 42 35 22 43 2 24 
10 24 35 29 44 6 7 27 14 15 2 42 1 43 12 22 28 33 38 5 40 9 25 31 18 13 36 20 30 4 23 32 21 26 11 19 8 39 45 37 41 3 34 17 16 
37 1 7 25 9 8 39 3 19 12 35 27 29 38 23 16 42 14 6 22 41 26 18 15 34 11 43 13 44 28 45 2 10 21 32 4 40 33 31 24 5 20 30 17 36 
41 13 44 34 1 38 30 36 6 43 26 22 31 3 18 40 12 8 5 17 37 32 19 39 9 20 11 2 15 10 16 35 21 25 33 45 4 28 24 14 7 27 29 23 42 
31 13 40 14 6 3 30 27 28 5 25 33 43 29 26 12 18 4 11 36 37 45 32 22 41 17 15 21 38 9 24 2 34 39 10 23 42 7 35 16 8 19 20 44 1 
26 40 16 28 7 24 43 42 37 36 39 6 38 13 11 14 35 44 9 5 27 29 20 18 10 23 19 25 3 34 17 30 2 15 32 8 1 4 22 45 33 41 31 21 12 
38 28 27 31 20 45 26 9 16 7 13 35 6 25 32 43 10 8 18 33 5 24 21 36 15 29 3 22 42 2 19 4 1 40 37 41 30 23 39 44 34 11 17 14 12 
21 18 15 1 43 8 2 11 36 24 41 35 5 28 12 38 25 13 3 40 14 45 9 37 16 17 22 20 42 34 39 29 10 30 44 6 26 19 31 32 23 4 27 33 7 
2 35 15 9 38 13 28 10 12 34 30 37 39 31 22 40 11 20 18 26 6 36 19 45 42 7 27 17 16 33 5 41 29 14 1 8 4 25 21 23 32 3 44 24 43 
4 2 1 7 10 8 20 44 24 34 28 35 17 19 32 43 39 3 29 6 15 13 23 31 21 12 11 16 38 25 40 26 22 33 36 41 14 42 9 27 5 45 30 18 37 
1 4 13 33 23 34 21 10 37 3 30 24 45 35 8 43 22 29 27 11 9 17 2 16 41 5 44 38 28 40 18 32 39 31 42 19 36 7 15 20 6 12 26 25 14 
32 34 14 13 18 15 20 33 29 35 12 19 5 30 10 26 22 11 28 9 21 41 25 36 8 45 16 40 31 42 2 43 39 38 24 1 3 7 17 23 44 27 4 6 37 
1 23 42 32 40 22 3 14 38 31 25 44 6 33 45 12 7 41 30 11 2 21 28 4 26 5 34 35 27 17 16 13 10 9 36 37 29 19 15 8 20 18 39 24 43 
18 23 9 3 31 8 12 7 6 44 38 2 26 24 33 37 42 10 21 30 19 41 22 15 4 40 16 25 11 32 5 29 39 27 43 28 17 14 36 13 1 35 34 20 45 
16 36 33 44 43 40 14 37 31 22 29 42 45 27 3 8 21 34 24 32 38 13 9 7 23 1 26 6 12 18 17 5 41 35 39 30 28 11 15 19 4 10 2 25 20 
3 2 36 20 28 9 42 18 14 22 12 39 5 23 4 37 17 33 27 16 21 38 31 10 30 15 32 13 25 6 40 41 24 8 43 19 26 35 29 1 7 44 34 45 11 
34 3 22 24 28 13 5 1 45 26 16 19 40 41 37 17 23 11 36 30 10 29 8 27 21 33 25 4 20 6 9 15 2 14 32 31 7 39 12 38 35 44 18 43 42 
45 44 30 34 22 26 40 23 19 41 42 21 24 13 10 2 29 7 5 8 16 33 6 9 39 27 28 14 25 32 43 4 3 15 20 11 36 37 38 35 31 12 18 17 1 
41 31 14 12 34 27 17 7 45 10 28 8 18 21 44 23 33 32 26 38 3 25 16 13 5 6 39 36 22 29 43 15 19 9 11 4 30 24 42 20 2 35 40 1 37 
34 4 24 14 5 37 8 38 20 25 35 28 42 40 19 32 3 12 10 17 1 23 13 29 21 27 43 30 9 39 36 33 22 44 11 6 26 2 45 15 16 41 7 18 31 
44 24 9 40 33 34 11 10 15 37 42 45 23 5 39 30 17 13 31 2 22 8 18 1 12 19 7 26 16 3 35 32 38 14 20 21 28 6 25 4 41 36 43 29 27 
25 20 22 40 30 33 34 43 21 41 36 17 6 1 28 3 44 5 27 8 39 15 31 11 35 7 45 37 2 19 29 24 12 42 10 26 23 9 18 38 4 16 32 13 14 
11 32 19 4 2 18 25 39 28 41 24 8 13 38 45 37 20 22 1 42 30 15 31 5 43 34 12 10 29 3 27 9 40 16 36 6 14 21 23 7 35 17 44 26 33 
3 16 23 9 40 11 28 15 32 2 27 34 6 10 13 44 18 25 37 36 39 26 14 5 31 7 1 38 12 4 33 21 8 17 43 19 41 45 30 29 24 20 42 35 22 
29 36 23 27 42 38 41 3 11 9 13 26 33 21 20 25 12 31 7 14 28 18 40 8 22 4 35 5 44 19 24 6 45 39 17 10 16 15 30 1 43 32 37 2 34 
31 27 6 41 42 17 2 28 13 9 24 35 43 5 34 30 18 1 38 36 44 4 25 21 45 23 8 40 11 12 32 39 14 26 16 19 3 33 20 7 22 15 37 10 29 
17 20 6 26 37 33 43 34 5 38 12 44 19 40 14 32 30 41 29 4 42 8 11 2 35 18 36 13 3 16 45 10 31 28 39 25 9 21 27 7 1 22 15 24 23 
12 15 43 21 31 35 6 30 8 3 9 41 26 29 40 25 34 14 17 23 13 18 4 33 20 19 38 22 24 45 32 11 10 7 44 16 37 42 27 5 39 2 36 28 1 
8 13 4 12 41 24 18 23 2 14 21 42 35 3 30 7 22 33 28 29 6 25 45 34 11 32 40 39 16 37 5 27 19 38 17 20 44 1 9 10 43 26 15 36 31 
21 17 5 28 26 38 33 4 1 22 32 6 24 30 19 35 27 15 13 7 25 36 40 34 10 41 8 14 23 29 18 43 9 44 2 31 12 16 42 3 37 39 11 20 45 
17 12 20 38 39 25 15 4 42 21 3 24 26 10 23 11 18 1 2 6 43 13 29 30 5 8 9 35 40 34 37 36 7 45 22 41 32 16 14 44 31 19 33 28 27 
38 3 12 22 29 41 13 23 17 2 27 9 8 20 35 5 16 42 31 11 18 34 44 21 7 4 40 14 45 37 6 36 19 24 10 39 26 1 30 43 25 33 15 32 28 
40 18 27 30 17 39 2 12 1 45 38 35 22 6 23 29 37 19 28 44 14 15 24 7 36 20 13 41 3 4 31 10 11 21 9 33 32 34 42 8 26 43 5 16 25 
5 29 14 13 2 40 20 31 9 18 12 8 32 21 33 35 17 3 23 15 26 10 1 44 22 38 37 43 36 19 11 42 30 27 24 25 7 39 45 4 34 6 41 16 28 
21 36 34 40 27 16 10 44 5 37 18 26 11 41 6 43 7 31 35 42 12 3 15 17 9 14 23 24 30 22 25 38 1 28 2 32 8 4 19 29 13 20 39 33 45 
45 4 43 22 16 10 1 27 23 5 29 15 14 24 19 44 25 11 42 33 8 28 3 30 20 41 37 7 26 2 40 34 35 9 36 17 39 6 21 38 13 32 31 12 18 
11 30 23 2 39 38 26 43 25 5 3 10 36 35 14 4 41 27 34 37 16 13 21 20 22 29 17 28 8 24 33 32 12 31 7 9 1 19 42 15 45 44 40 6 18 
45 37 28 25 7 38 35 27 8 1 41 20 33 36 17 24 3 16 29 11 42 5 18 26 10 4 39 40 31 23 2 13 6 22 32 12 21 14 9 19 34 43 44 30 15 
22 20 21 42 38 31 30 1 2 37 26 6 29 18 17 43 13 24 3 15 16 19 8 41 39 45 12 40 34 11 32 5 4 36 7 23 33 9 10 25 28 44 27 35 14 
40 17 41 45 36 1 2 4 16 28 31 8 23 39 24 12 11 26 3 9 38 14 25 43 34 35 32 5 21 27 13 6 22 42 7 29 20 37 15 30 33 18 10 19 44 
20 42 44 14 2 19 33 6 43 45 11 37 31 1 39 17 21 9 12 8 36 30 29 13 32 15 27 24 41 5 38 3 35 26 10 25 40 34 22 18 16 28 4 23 7 
34 38
40 45
14 37
35 45
2 18
38 43
6 42
8 9
8 40
7 16
16 21
23 45
34 39
19 29
7 33
14 18
15 42
27 45
5 25
1 5
4 24
21 38
22 28
4 34
17 23
31 42
5 35
10 31
20 22
36 40
20 31
4 21
19 24
14 44
3 9
2 3
11 33
14 35
27 31
15 24
7 26
31 41
26 31
6 20
19 34
1 38
20 37
19 23
1 30
