45 45 99
27 22 16 41 17 26 7 2 21 24 38 31 4 36 40 5 11 8 13 30 32 45 3 10 15 14 28 19 43 20 37 34 23 12 29 25 6 1 18 42 39 44 33 9 35 
9 27 23 36 35 3 17 28 20 10 26 18 34 7 4 13 37 15 43 31 14 32 1 8 21 40 30 19 2 16 11 5 41 12 38 44 29 33 39 24 22 6 42 25 45 
39 10 5 14 15 38 30 26 7 2 18 4 32 25 27 29 31 12 33 35 16 34 44 6 36 19 22 9 8 42 37 41 11 45 43 24 20 21 3 1 40 28 23 17 13 
18 31 35 20 24 9 28 12 39 19 14 6 25 42 22 23 43 16 45 41 10 7 36 30 33 21 40 17 27 34 44 8 37 26 32 4 1 13 2 38 3 5 11 29 15 
43 12 13 8 23 7 5 15 33 41 2 14 11 35 36 31 42 45 26 27 20 25 6 17 44 19 3 39 22 9 1 29 21 34 18 40 28 24 16 37 10 32 38 4 30 
18 12 2 28 31 30 41 44 3 8 10 33 9 14 15 13 34 4 23 19 11 35 21 17 36 26 1 20 25 38 5 32 7 37 16 45 24 6 39 29 22 43 40 27 42 
32 28 33 40 20 31 1 45 4 18 41 17 10 27 3 8 30 13 23 42 25 14 39 36 37 22 26 19 21 2 6 7 5 34 38 9 11 16 12 44 29 24 43 15 35 
3 37 30 2 24 44 39 38 27 15 35 5 14 33 20 6 16 21 25 17 4 41 28 13 9 26 36 22 1 31 18 34 11 42 10 12 29 32 7 40 23 45 43 8 19 
38 41 44 31 23 36 3 11 42 45 33 18 2 8 6 5 7 14 1 12 30 20 27 29 40 43 32 35 34 37 9 26 28 4 24 15 19 13 22 10 17 39 25 16 21 
31 11 21 22 19 37 2 33 14 20 7 25 35 12 8 38 10 45 23 44 32 26 3 15 13 1 4 29 16 9 5 6 30 24 34 39 41 36 27 42 43 28 17 40 18 
33 7 25 44 30 17 2 28 12 14 21 35 42 34 3 32 13 22 29 8 27 38 11 19 40 4 9 26 5 1 43 15 45 36 23 41 24 31 6 18 16 20 37 10 39 
37 11 19 26 14 17 25 28 23 39 6 32 31 16 22 1 7 35 44 5 38 29 33 30 21 9 15 41 4 24 20 2 40 18 3 12 45 42 27 8 13 10 34 43 36 
13 10 37 30 26 41 43 28 45 8 38 40 16 15 12 22 39 1 3 34 42 18 21 23 20 24 2 19 9 14 17 27 7 31 11 33 29 44 25 4 5 36 35 6 32 
3 9 17 28 4 5 25 13 2 35 42 40 8 33 39 21 36 38 26 24 29 14 18 20 22 31 37 6 7 43 32 19 41 44 34 11 1 45 16 10 30 23 12 15 27 
11 23 45 44 22 39 36 43 14 42 21 13 1 33 29 4 12 30 3 37 20 27 16 8 32 41 15 35 24 28 38 5 7 26 17 18 2 10 25 31 6 19 40 9 34 
16 14 42 29 5 25 3 38 2 32 7 39 23 1 41 45 13 40 9 35 37 44 24 20 33 26 10 21 17 27 28 43 6 22 36 12 15 18 31 30 11 8 34 19 4 
32 39 5 31 1 35 2 17 18 19 24 13 38 25 37 21 20 44 22 41 9 28 8 4 42 3 26 6 33 34 30 27 10 16 11 23 40 7 29 15 43 36 12 45 14 
5 30 2 19 36 10 28 44 29 12 1 31 6 9 17 40 23 25 18 11 38 26 22 35 41 32 13 33 15 45 37 24 21 27 4 42 39 7 3 8 14 20 34 16 43 
45 43 20 10 21 29 16 7 32 8 19 2 34 4 42 17 25 22 39 6 44 3 14 37 23 40 26 36 1 24 30 38 12 11 28 31 33 35 27 15 5 18 13 9 41 
38 36 26 22 10 6 33 23 43 3 24 45 20 4 9 7 41 21 8 14 40 19 1 5 42 35 39 29 25 2 13 17 18 16 32 28 37 34 11 31 12 27 44 30 15 
3 30 11 18 32 37 27 41 8 40 35 22 16 9 13 33 38 34 10 20 26 12 7 21 17 23 6 45 2 44 4 42 19 39 31 36 24 14 29 15 25 5 28 1 43 
35 44 19 10 29 4 16 6 37 20 13 21 9 8 7 5 39 23 12 33 30 26 24 1 42 25 28 40 14 31 15 41 2 27 18 3 43 22 11 17 45 34 38 32 36 
19 8 24 40 18 17 45 29 3 33 15 2 16 42 34 26 39 31 41 36 10 21 12 44 9 23 25 4 32 13 43 30 28 5 1 20 22 14 37 38 35 6 7 27 11 
40 37 43 23 29 28 16 19 36 44 15 35 2 38 12 25 24 41 7 45 8 5 32 11 26 39 18 10 30 27 17 14 22 3 20 31 13 4 21 33 6 34 1 42 9 
28 26 21 1 25 9 43 44 22 23 11 5 40 20 3 10 32 4 7 41 27 39 33 34 16 6 30 8 13 2 24 38 18 15 17 14 19 29 35 45 31 42 36 12 37 
23 14 20 27 18 43 13 40 26 4 31 17 5 16 22 30 8 29 7 37 32 15 35 41 38 21 45 33 10 9 24 44 19 11 6 39 12 25 28 36 42 3 2 34 1 
11 32 44 42 19 4 21 45 8 34 13 40 23 6 5 43 20 18 22 28 14 7 15 2 35 26 1 38 29 3 24 39 9 10 25 31 30 27 36 41 17 16 33 37 12 
5 30 21 36 43 23 42 44 33 9 6 13 31 10 16 12 45 35 20 41 19 38 8 17 28 39 3 29 15 4 1 34 25 11 26 7 22 27 2 18 14 40 32 24 37 
32 20 15 18 29 35 39 14 5 38 16 36 17 24 13 8 44 28 31 1 37 41 10 9 22 45 7 27 2 3 4 40 43 34 12 26 42 19 23 11 30 6 25 33 21 
37 15 30 6 1 8 5 40 17 44 9 27 19 10 26 4 11 20 35 41 21 13 16 23 43 24 22 36 18 31 32 12 25 45 2 39 3 7 42 29 14 34 33 28 38 
13 14 18 26 2 34 20 39 10 29 44 27 23 19 41 22 16 17 4 36 25 30 40 28 15 11 35 43 3 38 21 32 5 42 31 45 37 24 9 1 8 6 7 12 33 
17 1 38 25 13 26 23 39 12 7 8 34 41 35 40 33 14 22 3 10 4 30 37 9 42 11 28 32 18 36 44 21 20 29 19 16 24 6 43 15 45 31 5 27 2 
19 1 4 21 37 5 8 13 34 26 18 43 39 42 10 22 45 7 27 38 31 20 30 3 32 24 36 41 2 28 29 23 6 12 16 14 44 11 9 33 35 17 40 15 25 
21 44 31 11 37 28 3 30 15 10 27 14 19 34 23 4 6 12 20 17 41 2 36 39 29 22 7 1 18 9 35 5 42 8 24 25 40 32 16 38 26 45 43 33 13 
3 28 19 25 37 43 13 20 44 5 1 40 10 42 17 22 41 39 31 24 32 16 6 14 30 2 27 29 18 23 4 11 38 12 36 33 35 21 26 45 15 34 9 8 7 
1 16 32 23 36 40 6 30 12 4 26 22 24 39 14 11 28 27 20 9 8 7 18 44 42 37 15 19 34 43 3 13 41 2 17 25 29 38 33 31 5 10 21 35 45 
35 16 6 37 33 18 24 42 39 38 4 40 7 27 1 44 8 41 9 10 32 22 36 21 12 11 29 26 19 31 5 17 15 20 25 23 34 43 45 3 28 30 2 13 14 
14 27 44 36 16 20 9 12 3 42 24 41 32 31 25 28 40 35 38 29 5 11 26 19 45 23 33 15 43 1 13 21 39 30 22 7 2 8 6 10 37 34 4 18 17 
18 23 27 29 19 20 7 15 37 16 45 2 33 9 10 40 35 39 22 21 4 32 11 30 43 31 1 34 25 28 42 44 24 3 5 36 13 17 41 38 12 6 26 14 8 
17 9 45 43 16 5 15 18 19 38 42 7 8 27 22 20 3 4 44 36 10 30 6 23 14 35 25 28 24 29 40 11 1 2 32 41 39 34 12 21 37 26 33 13 31 
38 11 6 36 22 24 41 35 7 45 1 19 18 12 8 5 25 27 30 39 37 31 10 28 26 33 42 34 16 15 43 40 14 4 13 29 2 32 20 9 23 17 44 21 3 
20 19 36 6 13 25 7 23 39 43 17 30 16 22 18 29 34 12 42 14 9 44 5 4 27 10 32 8 37 3 40 2 1 33 26 21 15 11 45 24 31 35 28 41 38 
38 14 30 8 12 41 1 4 21 16 11 39 15 24 10 43 26 34 36 6 7 18 32 22 25 44 37 45 33 3 31 35 28 27 17 5 20 29 13 2 9 42 40 19 23 
20 26 3 31 5 25 24 14 45 4 44 7 13 18 28 19 41 43 16 12 39 40 33 29 37 17 42 38 10 34 21 36 23 2 8 32 27 9 11 15 30 6 22 1 35 
17 2 15 31 16 25 39 18 30 26 6 22 45 12 19 11 20 24 27 42 5 40 9 10 37 28 38 44 8 34 1 35 23 3 43 41 36 33 13 7 21 32 29 14 4 
26 28
3 7
14 31
11 22
27 45
32 38
6 25
29 34
11 42
9 14
18 35
4 5
8 21
14 24
17 18
31 38
6 41
10 36
8 12
8 31
20 42
19 34
3 18
9 45
35 45
34 42
2 12
19 33
20 26
3 34
6 29
1 16
1 5
17 24
7 37
20 44
26 33
33 38
7 31
12 35
3 43
4 44
12 23
11 25
23 31
4 8
20 43
8 19
11 14
7 11
6 17
5 23
1 20
33 44
16 36
10 38
17 33
8 29
26 45
8 16
16 30
2 3
8 26
4 29
10 16
26 31
35 38
7 43
13 33
24 26
23 32
22 40
5 32
11 38
10 34
17 37
12 44
10 12
21 41
16 18
5 35
9 32
7 32
10 39
37 45
2 10
18 39
24 35
13 39
6 12
21 25
11 17
7 26
1 27
13 27
11 32
14 32
19 45
2 15
