50 50 61
3 18 26 14 12 5 43 9 33 15 41 20 27 28 19 8 47 22 7 39 17 35 25 13 30 6 2 29 45 44 4 50 40 42 10 49 34 11 46 1 48 38 24 21 32 16 31 23 36 37 
46 17 42 41 50 32 1 35 16 27 33 47 28 49 15 24 5 34 43 6 44 23 26 36 13 20 45 25 4 12 21 9 39 10 37 31 8 3 18 19 48 38 40 14 30 11 2 7 22 29 
12 16 29 41 45 40 9 2 26 30 19 32 43 17 15 47 50 20 6 14 44 33 31 18 8 36 42 7 10 23 48 5 37 4 11 49 22 28 25 3 24 13 34 27 46 1 38 21 35 39 
43 34 16 12 42 3 14 8 6 10 5 20 27 1 21 19 23 24 45 15 18 13 40 39 49 41 9 35 32 2 7 17 38 50 28 37 25 11 29 44 46 4 31 47 26 22 36 48 33 30 
49 36 50 46 21 19 48 9 12 26 47 11 24 6 45 13 7 28 34 4 23 39 33 42 38 10 22 27 1 3 16 25 37 32 35 31 17 40 15 41 18 29 8 30 5 14 43 44 20 2 
16 27 3 50 5 37 6 41 1 32 15 35 26 9 47 29 18 42 39 11 34 24 20 25 31 7 12 49 21 43 13 48 30 23 33 28 10 17 45 38 2 8 46 4 44 40 19 22 14 36 
5 46 35 24 16 8 29 1 20 13 12 27 45 30 26 43 40 17 6 23 48 44 36 21 41 11 32 34 37 4 38 33 3 42 14 7 19 22 49 39 28 25 10 2 47 9 15 18 31 50 
20 29 12 19 36 18 40 25 28 23 22 44 11 35 30 43 15 10 32 47 2 24 14 16 46 50 38 41 13 34 27 37 7 21 1 4 9 26 49 48 39 3 17 42 45 6 8 5 31 33 
34 50 20 31 40 49 45 46 22 25 21 13 11 3 15 19 48 41 39 38 8 33 17 12 5 26 32 14 23 9 6 30 4 35 10 24 43 1 44 27 18 28 42 2 16 29 36 37 47 7 
43 26 7 2 42 38 21 8 49 18 33 50 40 17 19 36 45 37 5 1 46 30 44 48 24 28 27 34 22 39 14 31 15 20 4 10 41 29 3 13 47 12 6 25 35 11 9 23 16 32 
46 39 16 22 40 6 5 43 38 34 3 31 1 12 49 48 18 13 29 50 37 45 8 35 2 25 10 33 11 42 23 7 41 30 32 20 36 44 26 17 19 27 28 4 24 9 14 21 47 15 
31 36 26 22 40 3 28 12 30 50 49 17 45 4 37 1 21 27 43 7 13 19 32 24 47 16 39 11 5 18 25 35 23 41 6 29 15 2 38 33 10 44 48 46 34 9 20 8 14 42 
25 29 23 44 50 33 10 42 13 16 46 40 30 7 48 39 38 27 49 4 37 21 31 8 18 9 35 41 15 34 1 2 12 36 19 20 11 47 32 43 26 14 24 22 17 3 28 5 6 45 
38 2 31 6 32 44 19 48 26 30 45 8 4 28 22 49 20 25 33 34 5 23 39 18 14 1 13 37 24 36 7 43 50 21 41 9 15 12 40 10 35 42 17 16 46 29 3 47 11 27 
29 45 9 41 40 49 32 6 20 39 30 14 26 37 12 44 33 8 22 4 34 2 47 31 38 16 35 50 36 17 13 10 25 27 24 3 11 1 46 23 7 18 43 21 5 15 48 42 28 19 
5 28 41 26 24 32 48 38 22 14 35 34 21 16 4 42 39 3 17 18 11 44 29 9 33 12 7 27 6 10 15 25 31 8 20 37 1 36 23 46 49 40 30 47 13 45 50 43 19 2 
8 42 39 21 19 10 36 25 3 30 37 33 46 16 45 49 12 40 6 9 18 7 47 41 43 24 32 15 34 44 26 29 1 27 38 11 14 35 4 50 28 23 48 2 17 22 13 20 5 31 
7 33 50 1 34 37 6 13 42 48 15 10 20 16 3 18 5 22 30 35 38 43 17 9 12 26 4 2 31 28 41 32 40 23 36 39 45 11 47 25 8 24 46 14 44 27 29 21 49 19 
6 50 16 7 38 2 27 37 25 35 21 11 28 44 22 23 3 42 5 33 26 17 43 8 20 14 32 36 48 49 15 24 13 45 39 46 34 9 10 19 40 41 31 4 18 1 12 30 47 29 
47 12 46 3 43 6 31 36 16 37 25 19 34 18 39 7 28 24 21 20 49 40 4 27 48 35 38 32 44 22 11 41 13 17 29 23 1 45 26 42 50 30 33 2 10 14 15 8 5 9 
27 49 32 40 26 14 29 4 10 36 6 24 39 23 8 42 15 38 31 18 25 22 9 17 7 46 19 44 37 30 33 1 20 28 48 12 45 3 34 50 41 11 16 13 21 2 43 35 5 47 
7 1 39 8 32 47 48 43 16 27 12 37 11 30 34 13 2 10 33 4 6 17 21 46 18 19 40 22 41 26 50 23 25 38 42 28 24 14 9 49 31 20 45 44 29 36 3 15 5 35 
1 25 50 6 34 8 21 35 49 28 15 13 27 22 4 17 12 48 26 43 41 44 39 3 47 23 16 46 38 18 36 24 40 9 5 14 31 2 42 19 7 32 37 20 10 33 45 11 30 29 
8 44 33 15 46 1 7 43 36 27 4 34 30 37 42 28 21 29 14 48 40 12 10 2 32 18 31 39 25 17 38 22 19 24 9 41 50 6 20 13 45 3 35 47 5 26 49 23 16 11 
27 25 7 43 40 33 8 2 38 1 11 48 24 26 32 47 22 17 6 16 20 13 4 36 10 49 30 45 50 35 21 44 12 5 23 29 28 42 41 14 15 9 19 39 37 3 46 34 18 31 
38 9 5 33 30 44 7 4 13 25 20 12 36 19 42 32 10 26 41 39 16 46 43 50 35 17 37 14 21 23 18 49 31 11 48 29 3 6 47 45 28 1 8 2 15 22 40 34 27 24 
22 27 44 3 5 10 12 15 37 45 29 46 8 13 18 25 24 47 19 40 16 30 33 21 39 7 20 28 35 34 36 31 50 43 2 32 14 1 42 41 17 11 9 4 23 49 6 38 48 26 
2 11 16 31 14 21 27 24 29 12 8 35 49 5 10 46 48 34 28 1 7 15 39 43 19 13 38 30 47 40 50 41 23 32 36 20 26 4 3 33 6 22 18 9 17 45 37 25 44 42 
50 4 36 40 33 12 41 45 17 35 1 14 27 8 47 9 24 44 48 25 31 26 6 5 46 28 43 34 30 32 38 37 29 21 11 22 19 16 39 13 49 18 15 7 20 3 23 10 2 42 
24 23 14 42 46 34 27 41 2 9 6 47 31 37 50 25 16 29 3 28 40 10 38 5 22 21 49 26 18 13 45 19 4 33 48 11 43 39 20 7 12 1 32 30 8 35 15 36 17 44 
28 33 45 3 39 4 21 18 19 5 8 30 20 27 1 14 12 2 23 34 40 48 46 42 9 26 37 44 10 32 11 49 38 41 31 16 43 36 17 15 7 6 13 29 25 24 22 50 35 47 
38 42 15 30 32 14 34 45 27 18 6 37 43 13 24 40 22 44 48 39 21 16 25 35 12 20 9 2 1 36 49 41 28 47 3 19 17 10 11 29 8 7 5 31 23 46 26 50 4 33 
45 38 48 12 29 13 25 1 31 27 24 17 47 40 43 7 39 10 41 21 34 50 6 8 46 4 42 11 22 5 30 32 14 18 16 23 3 35 26 49 9 36 15 20 2 19 37 44 28 33 
9 43 40 13 48 18 19 22 30 31 4 10 3 26 2 27 21 33 6 23 49 42 17 41 25 16 44 45 1 7 28 20 34 32 38 37 47 50 5 12 8 15 39 24 14 36 11 35 46 29 
16 48 17 40 8 29 4 7 30 13 27 41 1 3 22 18 25 26 44 39 24 10 33 14 50 2 35 31 46 23 19 9 49 12 20 5 45 38 47 42 43 28 36 37 15 6 21 34 11 32 
42 4 33 47 35 41 50 32 34 40 1 36 27 26 46 45 20 8 15 19 37 5 3 30 13 11 49 43 12 38 28 10 29 9 39 24 44 18 16 14 6 22 21 23 31 25 7 17 48 2 
6 19 42 34 8 13 24 49 20 3 16 17 40 41 48 36 18 50 38 32 10 30 47 11 35 4 27 39 22 28 43 14 26 21 29 23 46 2 37 33 45 1 31 12 9 44 15 5 25 7 
15 36 2 9 46 16 10 33 50 34 48 38 14 40 43 28 32 3 6 29 19 5 27 37 17 35 4 26 31 30 49 41 21 44 8 24 22 13 45 23 11 47 20 39 7 1 18 12 25 42 
47 20 18 36 8 25 27 29 1 34 46 12 6 32 33 31 11 48 40 17 5 49 10 2 42 30 35 16 14 39 41 21 44 22 3 45 50 28 9 15 26 19 4 24 43 37 13 23 38 7 
39 14 36 49 45 9 37 31 41 30 18 50 22 42 25 20 16 27 5 13 32 6 10 26 11 28 2 46 33 47 3 17 48 29 19 24 8 4 43 34 38 35 23 44 40 15 21 7 1 12 
15 7 6 41 1 8 31 22 39 3 2 36 9 19 5 4 40 29 20 48 47 13 49 44 30 34 21 10 50 12 17 42 32 43 25 16 14 26 35 33 23 38 24 45 11 28 27 37 46 18 
16 40 47 29 12 9 19 35 22 14 21 31 32 17 33 5 8 34 6 18 39 30 2 38 42 27 28 11 25 44 50 49 3 7 23 41 10 20 15 1 13 26 36 24 48 45 4 43 37 46 
48 16 4 15 6 7 9 29 31 35 12 50 2 43 37 41 33 19 13 46 44 17 23 27 22 36 34 42 10 8 38 18 30 39 47 11 1 3 45 28 20 14 25 49 5 24 26 32 21 40 
49 50 47 39 3 22 41 25 43 44 5 21 14 26 15 20 32 11 24 45 16 18 46 4 27 36 23 33 48 6 10 12 17 8 9 38 42 31 1 37 35 29 13 19 34 28 2 7 40 30 
49 40 42 38 7 25 48 34 6 37 30 18 47 28 8 36 50 14 44 5 9 13 23 11 21 39 33 1 41 32 15 3 45 29 24 12 46 26 20 27 19 43 10 2 31 16 35 4 22 17 
33 7 30 36 9 18 37 46 8 27 11 1 31 20 28 49 50 12 3 23 24 29 15 48 19 14 41 13 25 16 44 6 34 5 40 35 10 47 39 32 26 21 17 42 22 43 45 2 4 38 
24 17 11 7 30 4 43 26 28 46 21 23 9 29 13 18 32 38 10 31 6 37 50 44 39 15 33 20 1 48 25 41 40 2 19 22 12 27 36 8 14 42 47 35 3 34 49 16 45 5 
9 35 16 20 24 34 17 5 40 33 49 21 11 22 6 31 41 50 26 44 3 8 43 13 4 42 27 48 47 29 19 2 25 46 28 39 36 32 30 10 15 37 38 45 23 7 1 18 12 14 
25 47 42 29 35 26 18 4 22 9 45 41 30 13 20 23 49 6 3 10 21 27 39 33 28 14 2 11 34 7 36 15 48 32 43 38 1 50 37 31 17 44 19 46 5 16 24 40 12 8 
50 27 5 13 20 31 39 11 44 28 10 16 7 21 40 46 17 49 25 43 37 6 47 34 48 35 2 26 24 19 15 22 8 9 38 14 12 4 32 18 3 23 36 41 1 33 29 42 45 30 
4 41
14 30
21 28
27 48
4 45
16 21
11 14
29 35
9 18
11 47
30 37
28 38
3 14
6 50
41 47
21 27
26 32
28 48
1 36
8 20
4 48
9 11
33 42
33 39
12 41
16 18
7 41
10 31
46 49
20 22
31 39
32 46
7 45
10 19
22 46
10 50
26 30
7 31
18 28
24 44
2 47
6 12
35 39
6 26
17 27
14 29
13 43
37 40
9 27
3 22
40 44
23 28
4 17
1 49
13 27
36 45
26 31
31 45
17 26
23 27
20 46
