50 50 61
7 5 33 41 37 10 31 47 19 21 29 3 23 4 30 45 11 16 6 14 42 39 28 26 18 44 15 2 48 46 17 38 49 8 1 43 34 32 20 50 13 22 36 40 27 35 9 12 24 25 
25 39 38 30 50 21 36 12 22 16 4 20 28 11 1 26 44 15 19 27 8 2 49 42 48 31 5 13 6 23 45 10 41 40 33 18 14 32 7 17 3 43 35 46 34 9 47 29 24 37 
16 48 26 25 38 21 32 28 35 43 23 40 37 24 10 15 42 1 12 8 30 41 14 44 34 9 47 13 6 50 29 45 49 22 2 27 3 5 20 4 33 7 46 18 17 31 19 39 11 36 
9 26 32 43 23 10 16 5 2 49 39 41 36 46 37 48 12 44 6 8 24 25 31 7 47 33 22 1 50 19 35 17 38 13 40 4 29 11 3 21 42 34 14 30 20 18 45 28 27 15 
17 39 24 16 28 9 27 32 7 40 21 12 36 41 3 14 33 22 25 37 35 48 4 45 44 30 46 6 47 23 5 43 26 29 10 20 8 50 11 15 1 2 34 31 13 42 38 18 19 49 
33 22 43 3 21 36 29 32 27 24 6 28 49 39 41 25 15 38 17 7 4 14 13 9 18 48 19 16 12 35 5 42 37 40 20 10 30 8 23 11 50 45 2 47 44 34 1 46 26 31 
49 10 7 6 16 48 4 33 8 27 17 14 24 22 2 18 39 44 15 43 40 1 25 28 21 3 9 32 38 37 47 26 5 50 19 30 31 42 13 11 12 29 23 45 46 41 20 34 36 35 
28 30 42 21 22 6 45 23 47 26 15 49 4 46 5 35 44 37 13 8 33 31 38 2 25 34 18 10 39 29 27 3 17 1 7 11 43 20 19 14 16 40 50 48 41 24 36 32 12 9 
27 23 28 25 18 24 43 3 49 32 4 36 41 31 17 35 7 26 19 33 16 22 42 8 11 9 34 47 50 10 30 13 2 45 38 14 1 20 6 15 21 44 5 46 40 12 29 39 48 37 
36 32 30 40 20 2 19 25 5 15 12 17 29 27 18 47 49 23 26 33 13 46 3 31 7 34 4 37 28 45 9 43 6 21 10 48 22 11 16 41 39 44 42 35 38 14 50 1 24 8 
50 35 40 21 44 2 20 18 26 11 48 39 25 4 7 46 24 5 3 43 6 28 23 13 8 42 37 32 14 9 19 34 38 36 31 45 27 30 49 12 22 10 33 1 41 17 16 15 47 29 
37 21 41 8 7 10 40 48 25 27 24 18 15 5 16 17 38 32 9 4 44 19 29 49 34 39 3 43 1 35 33 26 36 47 12 45 20 46 2 6 30 42 23 50 22 14 28 31 11 13 
4 14 45 31 16 39 41 12 29 5 47 43 19 8 25 21 26 23 44 36 6 33 7 1 30 10 13 34 17 24 3 42 32 40 9 28 22 49 35 18 15 50 48 46 27 38 11 37 20 2 
3 17 24 29 36 27 5 48 28 40 18 16 4 2 7 22 6 21 50 42 30 12 46 10 11 44 49 37 9 47 38 41 20 14 1 32 19 31 35 15 34 39 45 25 26 8 13 43 23 33 
1 36 16 45 34 3 44 46 38 49 8 10 12 22 42 35 15 32 14 41 9 2 23 18 29 7 50 26 25 19 17 48 33 39 37 5 31 40 27 28 30 20 21 43 6 47 24 11 4 13 
17 22 24 1 42 11 13 2 28 27 45 43 32 26 30 16 20 9 6 19 12 25 34 23 40 38 49 35 29 46 7 39 18 15 41 8 3 4 14 47 21 50 48 10 33 37 31 5 36 44 
5 9 22 20 11 1 27 29 12 2 7 35 13 34 36 21 4 28 24 23 40 14 18 37 38 41 30 49 26 8 19 16 50 31 6 17 46 33 39 48 25 43 42 3 47 45 32 15 44 10 
15 19 47 21 40 24 35 20 5 10 16 11 28 3 9 50 27 17 1 4 39 43 12 38 23 22 29 48 2 46 7 37 13 18 31 41 45 30 36 26 33 34 25 6 42 8 44 49 32 14 
47 17 30 16 34 29 10 48 15 2 45 36 41 20 8 37 50 13 9 18 24 5 6 21 11 43 46 19 25 14 1 32 39 38 26 28 31 42 12 44 49 7 3 27 22 35 23 33 4 40 
35 15 6 45 27 17 46 7 22 13 42 37 43 9 33 31 29 5 32 26 4 1 19 47 8 23 40 20 44 24 39 49 30 2 50 12 16 36 34 10 3 18 28 41 25 21 48 38 11 14 
49 17 8 2 48 16 6 29 36 23 40 5 34 18 38 33 4 25 28 45 3 43 19 41 37 42 46 50 13 20 44 22 31 15 26 24 7 9 12 27 14 10 32 11 39 35 21 1 30 47 
4 36 37 19 8 33 24 29 38 3 43 13 25 9 1 17 40 18 15 14 28 12 23 50 48 46 20 47 21 2 6 34 44 22 27 45 11 30 35 10 32 39 49 26 42 31 7 41 16 5 
20 25 24 15 34 48 26 32 28 22 41 31 6 35 4 38 16 18 46 30 42 8 2 12 40 27 39 43 21 1 14 49 29 7 17 47 37 23 50 9 33 3 10 11 13 19 36 45 44 5 
29 18 3 13 20 7 22 45 6 14 47 26 8 10 27 43 21 39 15 5 48 31 36 30 46 19 9 38 28 34 49 33 25 32 1 2 16 23 12 17 37 35 44 40 11 42 24 50 4 41 
25 14 24 10 32 33 35 9 13 19 37 17 28 45 48 12 39 2 41 5 8 42 1 15 22 31 11 47 18 49 6 16 36 38 43 44 30 7 4 29 50 3 46 20 21 27 34 26 40 23 
31 26 50 28 2 6 8 46 40 27 22 4 48 18 44 14 19 16 10 30 38 13 9 15 7 45 41 20 49 17 47 39 36 37 34 33 11 43 32 3 35 24 23 42 29 21 12 1 5 25 
40 36 13 2 41 16 7 21 33 32 46 22 44 25 28 11 1 4 23 47 17 9 30 8 19 45 48 29 6 37 3 20 49 43 31 12 34 39 27 10 42 24 5 38 50 26 35 15 18 14 
46 12 16 13 33 44 28 42 47 1 45 38 25 10 11 27 15 14 19 20 3 48 4 35 23 50 22 2 6 26 9 7 49 8 31 39 41 37 30 34 21 43 29 36 18 24 32 17 40 5 
43 21 23 4 10 14 29 41 15 50 17 27 46 40 42 28 49 30 33 13 39 18 3 38 5 25 22 6 8 35 48 19 34 20 37 11 31 47 2 9 24 32 12 16 26 7 45 36 44 1 
48 34 10 2 43 35 23 36 19 1 16 32 29 17 38 45 11 42 39 27 40 22 37 31 25 3 49 50 28 15 24 20 7 12 21 18 4 47 46 14 13 30 6 9 5 41 33 8 26 44 
25 17 36 20 42 26 33 19 2 11 30 41 47 32 50 46 12 48 49 43 44 27 23 6 15 9 13 14 1 38 24 40 35 18 21 45 31 37 39 34 16 28 22 8 3 7 4 29 5 10 
36 46 18 7 28 30 17 25 4 40 26 13 21 49 3 9 33 12 41 37 35 10 5 45 44 34 1 43 29 32 23 19 16 22 48 15 27 38 20 42 14 2 24 11 8 39 31 50 47 6 
27 25 22 44 26 42 17 49 9 45 6 8 48 16 23 46 40 34 20 12 2 14 39 35 11 31 13 43 37 4 28 30 15 38 36 3 7 5 33 24 1 29 47 32 10 18 50 19 41 21 
7 37 11 12 1 46 27 42 26 29 50 21 39 13 48 2 19 4 20 5 9 24 16 49 22 31 15 45 40 28 3 14 30 6 23 47 44 17 25 10 32 35 36 18 43 38 33 34 8 41 
2 42 26 50 1 22 31 11 10 47 48 25 34 4 14 12 30 28 18 9 44 6 21 46 23 33 39 7 37 19 3 8 24 20 17 43 36 49 13 40 16 32 38 15 5 45 29 41 35 27 
14 40 17 19 39 12 10 44 42 26 22 31 21 2 29 35 11 18 4 16 46 50 25 15 48 37 38 30 47 3 1 5 36 34 28 33 27 20 24 7 41 32 49 43 13 6 9 23 8 45 
29 10 27 24 1 28 32 43 21 35 17 16 40 45 25 49 4 39 26 42 38 2 37 44 8 23 14 22 33 19 50 11 5 12 20 31 30 46 15 13 34 7 47 36 6 9 48 18 41 3 
23 26 31 43 17 40 10 45 1 46 44 28 20 15 5 4 27 48 16 30 21 7 34 35 11 14 50 18 2 8 24 39 29 9 36 47 13 12 42 32 3 38 49 22 19 33 25 41 37 6 
2 6 38 44 26 23 18 7 29 40 5 20 35 45 49 4 13 3 36 8 22 48 41 17 16 15 11 27 30 1 10 33 39 34 47 19 14 50 24 28 37 46 25 12 43 32 31 21 9 42 
19 27 1 42 28 40 17 7 41 49 43 8 13 39 34 23 6 35 47 3 36 45 33 26 14 21 18 38 5 11 2 44 12 16 4 20 37 32 25 22 15 9 48 31 10 30 29 46 50 24 
47 39 31 36 11 14 25 29 2 19 33 10 43 34 16 49 7 8 27 21 23 30 48 15 9 46 17 45 20 35 18 3 42 1 6 28 37 13 40 26 38 12 5 4 32 22 50 41 44 24 
40 13 1 48 38 50 33 41 8 32 27 39 12 26 37 49 28 31 17 34 25 5 7 45 36 46 43 29 24 30 11 35 16 9 44 19 22 20 3 2 6 4 15 23 21 18 42 47 14 10 
9 11 43 18 16 48 2 31 35 34 19 25 26 44 33 32 8 46 20 39 17 14 12 41 4 6 30 47 10 27 36 40 37 24 15 28 38 23 3 50 13 5 7 42 29 1 21 49 22 45 
25 19 49 22 42 41 27 16 31 33 50 13 48 37 45 14 7 39 30 26 1 34 40 43 15 4 38 44 9 20 8 12 35 5 18 17 11 24 32 2 46 23 10 47 29 6 28 36 3 21 
48 16 31 37 1 35 3 32 6 40 14 39 5 21 12 49 11 15 26 33 23 8 10 9 41 20 46 45 30 24 43 47 50 7 17 36 29 25 28 34 18 42 4 22 44 19 38 13 2 27 
49 31 41 3 5 29 20 25 39 21 23 8 14 28 22 19 30 37 34 48 50 6 26 9 15 17 47 24 27 10 16 4 1 43 32 46 2 40 38 33 35 12 45 13 18 36 42 44 7 11 
26 44 27 37 3 29 9 8 20 49 19 16 28 22 11 46 13 32 39 42 17 35 47 34 2 24 15 36 18 12 45 25 50 41 43 38 23 33 6 40 21 48 5 10 1 4 7 30 31 14 
33 11 9 5 32 23 14 12 30 8 2 10 36 43 38 26 25 37 13 44 47 39 41 19 27 45 46 7 34 15 49 4 1 22 40 21 31 42 3 28 35 20 48 18 17 6 29 50 16 24 
5 34 32 9 39 35 15 18 30 19 21 1 37 2 48 45 50 43 28 10 29 4 33 44 47 49 27 36 22 26 20 11 6 17 41 14 25 7 3 42 23 40 38 24 13 8 46 12 31 16 
29 11 8 30 22 6 13 43 23 5 31 47 20 34 36 7 37 17 40 26 3 39 19 28 16 41 44 35 42 9 49 48 25 18 27 15 32 12 24 45 21 14 50 4 46 1 10 38 2 33 
6 9
4 7
22 23
31 40
31 50
2 18
36 37
6 28
13 26
13 37
16 28
5 32
10 26
24 33
6 29
4 37
1 45
13 36
9 40
19 36
4 46
42 44
42 50
21 48
20 40
1 32
2 27
38 48
15 22
41 46
37 38
34 40
42 45
29 42
22 48
20 32
5 15
33 38
13 39
20 41
24 44
9 31
6 12
3 26
3 5
20 45
17 18
25 48
11 41
15 21
16 34
21 29
1 47
24 25
11 29
28 40
14 45
19 45
2 15
3 49
1 30
