50 50 61
35 31 9 48 46 24 25 16 18 12 11 40 5 34 47 41 22 15 8 20 39 26 36 28 33 2 29 45 7 6 37 23 3 27 30 49 4 19 13 38 42 14 1 17 44 10 21 32 43 50 
3 32 6 5 23 33 18 34 12 14 17 1 13 47 36 49 19 27 29 25 40 10 24 21 37 39 2 20 42 48 16 15 50 28 38 31 22 30 4 41 9 45 43 44 7 46 26 35 11 8 
19 30 39 15 28 12 40 36 2 6 45 33 10 23 27 9 46 7 37 43 1 8 22 44 35 29 47 14 31 13 24 4 3 42 20 11 25 16 32 50 38 18 41 21 17 5 34 26 48 49 
42 34 50 15 7 17 5 20 22 39 18 12 25 41 40 27 24 48 26 49 14 37 19 35 31 47 43 28 11 23 8 32 1 13 2 38 33 21 4 29 45 36 6 16 3 30 44 46 10 9 
35 10 50 47 30 42 38 1 27 2 37 26 18 28 19 17 13 44 49 31 8 15 24 46 36 7 33 29 11 20 3 45 32 21 14 41 4 40 12 39 25 9 34 16 23 6 5 22 48 43 
12 35 40 8 16 36 46 2 50 21 5 37 42 7 38 41 11 25 9 49 3 10 29 26 22 18 39 33 28 31 34 23 14 20 13 15 44 4 48 43 6 17 30 27 47 32 24 1 19 45 
37 44 25 4 43 49 15 16 27 40 45 23 26 29 39 41 14 31 48 28 46 35 18 3 6 2 32 24 38 20 8 9 33 47 42 22 50 5 12 7 36 11 13 10 21 17 30 34 19 1 
38 15 30 16 29 28 31 37 43 35 18 36 49 22 40 19 26 23 42 5 46 10 44 11 13 50 47 34 1 20 12 2 41 45 32 24 9 27 7 3 21 14 4 39 25 17 48 33 8 6 
16 47 37 23 19 25 17 36 11 31 20 28 38 44 12 8 15 1 43 7 48 40 42 39 3 14 5 18 50 29 24 13 49 22 33 32 45 41 4 10 30 34 6 9 2 35 26 27 46 21 
37 7 40 5 13 46 1 26 27 9 16 3 4 25 36 33 38 43 49 30 23 14 50 41 22 34 18 19 24 6 44 45 47 20 21 11 10 48 39 42 8 35 31 17 12 28 32 29 2 15 
49 23 4 10 6 12 22 11 33 40 42 32 8 48 16 30 45 37 50 34 9 19 18 41 15 26 17 47 27 24 21 46 7 31 36 2 39 28 29 5 44 13 43 25 38 14 3 20 1 35 
7 18 23 34 38 39 30 1 9 45 40 42 27 25 8 4 14 35 36 50 29 43 31 41 44 13 28 6 24 48 19 37 11 32 17 5 20 2 16 22 10 33 26 21 15 46 3 47 12 49 
3 12 42 35 41 15 18 13 21 31 25 44 22 19 45 29 1 46 32 40 27 50 30 23 10 33 26 47 39 8 16 4 38 11 6 9 48 14 5 2 24 7 37 49 28 20 17 36 34 43 
1 20 39 12 42 32 29 33 8 37 34 27 31 10 24 18 25 19 46 16 21 30 47 17 26 50 5 28 22 9 3 41 11 14 49 4 35 43 40 48 2 44 15 36 7 38 23 6 13 45 
40 47 44 28 2 33 34 42 50 11 6 25 15 26 24 30 43 46 8 13 49 4 9 19 45 23 32 16 10 21 1 22 36 41 18 39 12 31 3 35 7 37 38 48 20 14 29 27 17 5 
32 16 20 41 8 42 13 44 45 27 50 39 21 6 19 28 14 2 5 26 29 36 34 49 12 7 17 48 15 4 1 38 3 31 35 10 43 33 18 9 24 40 37 46 47 23 11 22 25 30 
17 9 23 13 4 26 10 2 20 49 12 14 1 7 15 8 39 5 6 40 32 35 41 38 31 19 3 36 47 50 16 48 46 29 24 27 45 21 22 11 30 42 28 37 44 25 34 18 33 43 
46 9 38 37 16 47 30 4 44 45 23 32 48 2 11 42 12 28 25 31 39 8 34 21 27 41 22 1 33 40 36 3 49 18 5 14 15 50 17 6 10 20 26 35 13 7 24 19 29 43 
23 30 15 31 3 12 49 7 39 45 42 2 13 14 5 38 46 17 32 37 44 19 16 18 40 9 47 4 29 1 28 36 27 50 21 26 43 33 34 48 22 24 20 25 41 35 10 8 6 11 
42 27 32 12 3 50 36 48 47 31 26 10 41 2 6 7 43 29 20 46 13 37 44 45 35 40 30 24 25 14 9 5 22 8 33 23 1 21 28 49 39 17 15 34 11 38 16 18 19 4 
1 40 36 27 11 45 14 16 18 4 22 34 33 43 39 6 32 47 41 28 50 24 21 30 17 42 48 7 23 44 12 35 5 49 8 38 3 26 19 2 15 20 37 9 13 46 31 10 25 29 
45 30 37 29 14 33 5 18 26 1 2 47 48 32 34 46 20 23 38 8 50 44 3 21 41 36 9 39 31 13 25 35 11 4 42 27 49 16 6 43 7 15 28 10 24 17 12 22 40 19 
3 21 38 17 50 13 15 12 8 47 29 34 42 2 45 1 48 4 9 14 20 31 30 23 26 16 35 33 32 24 28 7 37 18 27 25 6 40 36 10 22 44 5 49 39 19 46 43 41 11 
28 31 45 46 8 17 3 20 26 30 10 16 43 23 50 35 15 14 47 2 32 29 39 41 7 42 22 33 1 40 48 6 44 5 37 36 49 13 24 25 34 4 11 19 21 38 9 12 18 27 
14 50 17 22 31 11 45 9 39 28 41 35 34 40 25 18 3 4 29 21 43 38 7 6 10 48 32 37 23 30 13 42 49 27 2 47 8 19 20 36 44 46 15 12 1 26 5 16 33 24 
26 3 9 46 45 38 19 16 8 22 41 42 35 4 6 5 27 18 50 13 32 28 40 21 30 20 33 47 49 43 37 29 15 48 44 23 25 36 24 12 7 14 17 31 39 10 11 2 1 34 
23 50 31 3 48 9 21 47 40 19 1 27 43 33 45 2 28 16 13 44 26 30 14 6 8 24 39 46 15 18 20 42 29 17 7 35 34 25 38 36 12 5 37 32 10 41 49 22 11 4 
17 9 18 27 38 49 22 37 46 29 31 33 36 35 34 41 11 7 23 12 10 8 48 50 20 14 3 5 13 26 15 25 1 28 43 4 39 19 47 6 16 24 44 40 30 2 32 21 42 45 
13 10 24 11 3 17 50 33 45 43 34 47 26 6 37 4 42 14 27 48 8 39 35 32 49 38 30 46 9 41 16 5 23 18 40 31 22 15 21 44 7 29 25 36 28 1 19 12 20 2 
49 5 41 44 37 42 20 12 40 30 21 13 6 43 11 50 24 29 7 3 39 16 9 28 34 32 46 33 2 14 19 31 26 48 10 36 22 1 25 47 15 38 17 35 45 18 27 4 8 23 
4 43 10 31 11 23 19 3 44 30 41 26 2 34 14 28 42 18 36 38 50 48 25 49 22 45 17 27 8 15 47 46 5 29 32 13 33 12 21 1 16 6 35 40 9 7 20 24 37 39 
35 13 3 38 17 25 10 4 44 18 23 42 5 32 21 20 19 15 7 45 40 36 11 47 48 49 22 37 24 30 34 16 12 31 27 6 28 1 33 41 39 8 9 43 26 50 2 29 14 46 
18 50 21 6 48 19 4 34 41 11 8 1 45 46 7 2 33 25 3 16 10 5 30 14 27 17 15 49 42 38 22 20 35 28 43 47 12 13 32 29 26 23 40 37 31 36 9 39 44 24 
15 29 8 20 6 26 49 19 34 42 22 45 38 14 21 31 3 30 24 16 4 37 43 28 50 7 1 48 23 9 32 39 47 27 40 10 41 25 11 33 44 35 2 46 18 12 5 17 13 36 
48 44 3 26 37 7 42 10 9 5 32 49 43 21 20 46 38 14 25 1 39 22 34 29 28 23 36 4 11 31 6 12 17 47 40 8 41 35 16 33 27 24 19 45 15 2 18 30 13 50 
11 15 6 4 25 16 10 38 48 50 3 41 8 43 46 31 27 37 35 49 2 32 18 40 20 24 44 30 7 26 12 29 45 23 21 22 5 14 33 9 42 39 47 28 13 1 17 19 36 34 
19 5 17 29 45 34 43 23 27 47 30 3 42 13 14 22 50 8 7 37 28 31 12 26 33 25 2 40 21 24 41 16 6 10 11 1 38 15 20 9 44 49 48 46 35 32 39 4 18 36 
46 29 4 23 34 49 5 44 25 45 48 22 21 26 9 3 14 32 17 47 24 11 8 18 37 1 20 50 31 19 30 39 7 43 42 2 12 6 15 10 35 28 13 36 38 27 16 41 33 40 
36 7 46 41 43 33 25 16 47 45 21 26 27 17 31 42 49 12 30 13 14 9 1 5 4 34 50 24 18 44 48 15 8 37 38 2 3 22 20 29 23 32 35 28 40 39 11 10 6 19 
10 7 39 20 34 46 23 6 24 26 37 4 33 41 38 32 8 9 15 44 1 43 30 5 40 36 21 22 16 2 47 27 13 19 25 31 17 28 42 50 29 45 3 18 11 49 48 35 14 12 
7 27 10 8 43 35 3 1 18 26 38 45 32 13 49 40 20 48 36 23 22 50 30 44 11 6 19 2 17 29 21 4 5 42 39 9 12 15 28 24 41 33 34 25 37 14 47 16 46 31 
14 45 12 42 15 50 40 9 29 37 38 7 2 20 26 46 11 19 43 21 28 32 18 25 23 33 17 3 47 30 4 6 34 5 31 24 27 41 10 13 39 35 36 44 49 48 16 8 22 1 
32 22 41 34 14 31 37 23 30 50 49 19 29 26 46 15 5 11 2 16 1 20 27 47 39 12 38 45 17 7 40 42 8 43 24 4 3 9 21 25 33 13 36 35 44 10 28 48 6 18 
13 12 46 37 30 42 35 20 31 48 19 21 28 44 34 6 23 16 2 36 15 38 40 33 49 29 1 18 24 39 17 8 50 27 22 14 25 9 45 26 3 10 43 11 32 4 41 7 47 5 
19 50 14 48 8 33 9 40 43 6 12 22 36 39 10 46 21 1 20 26 18 5 47 13 28 15 7 41 35 32 45 31 27 37 34 42 29 17 3 24 38 25 16 30 23 44 11 2 49 4 
4 27 1 24 7 46 23 16 42 18 49 41 11 6 21 44 35 36 22 43 5 8 25 40 26 31 47 20 15 12 45 33 10 13 19 32 34 48 9 28 50 30 3 17 38 39 29 2 14 37 
38 19 6 46 31 9 14 29 30 36 1 18 34 49 28 41 27 37 7 40 13 32 39 35 47 2 20 4 44 42 5 33 16 15 43 25 26 10 23 11 21 50 8 48 22 45 12 3 24 17 
9 1 24 46 47 39 30 45 22 32 26 35 34 3 19 44 48 28 10 21 31 18 5 43 12 25 16 41 17 27 38 13 36 37 40 8 33 11 2 49 4 6 50 14 23 20 7 15 42 29 
4 27 29 26 23 50 11 19 44 40 32 17 49 46 3 7 16 35 6 18 36 1 14 24 13 30 12 37 2 22 47 43 48 41 42 20 45 25 33 21 8 39 15 5 38 10 9 34 31 28 
3 31 36 18 41 22 28 33 25 21 27 38 49 2 8 13 39 46 50 24 48 15 6 37 23 30 5 9 43 20 29 42 10 34 47 40 45 14 12 17 19 11 16 44 32 26 7 1 4 35 
9 45
39 46
10 37
34 48
34 38
21 33
6 28
18 37
9 18
28 38
36 43
10 34
6 7
38 40
41 47
11 34
10 12
9 28
45 48
41 43
28 46
38 45
12 28
10 35
9 32
19 28
15 25
4 5
18 24
6 33
5 39
31 48
23 29
5 24
6 30
16 23
19 46
27 50
15 29
33 38
18 50
28 32
16 19
18 43
2 36
16 45
11 45
4 29
9 13
6 41
23 42
6 38
8 43
14 25
7 39
21 29
15 33
9 42
30 36
28 44
1 30
