50 50 122
4 48 47 24 37 30 26 42 5 17 1 9 32 34 38 46 3 39 28 40 25 7 15 27 6 13 44 49 10 18 29 12 14 2 19 16 43 41 8 21 20 45 22 11 23 35 33 50 36 31 
19 45 20 12 18 43 41 3 6 11 5 2 25 7 26 30 46 47 10 35 24 27 23 17 22 29 13 42 36 48 44 1 38 31 40 28 32 15 39 49 4 21 8 37 14 34 9 33 16 50 
21 35 32 47 44 17 20 25 10 15 26 4 6 30 27 43 2 40 29 31 42 50 37 9 18 41 7 5 24 8 19 1 14 33 45 39 49 3 36 22 23 12 28 38 16 48 11 46 34 13 
47 20 21 28 35 19 39 5 34 29 27 45 43 10 1 25 44 31 3 2 13 9 18 12 36 46 15 30 42 40 16 48 33 26 32 7 4 6 49 38 41 14 50 24 22 17 8 11 23 37 
9 45 18 36 49 33 21 2 3 8 31 50 1 24 43 34 38 5 19 12 30 37 15 4 35 7 11 40 29 17 10 28 42 13 32 14 25 16 22 23 39 26 20 46 48 44 27 47 6 41 
50 47 38 44 29 20 2 6 34 27 19 26 18 46 35 9 32 45 39 10 43 14 7 33 17 48 28 41 25 30 42 37 3 21 5 22 31 49 40 12 11 15 23 1 13 36 24 16 4 8 
9 13 6 41 19 31 43 26 8 35 7 50 24 16 3 37 34 10 21 28 17 18 42 1 29 23 45 27 12 33 48 22 32 5 36 4 14 25 2 40 44 20 39 46 30 49 11 38 47 15 
42 26 32 1 9 38 27 28 43 50 18 25 45 7 31 16 49 2 44 19 12 41 46 6 21 5 15 30 34 4 20 36 10 35 17 22 23 13 48 39 40 8 24 29 33 37 11 47 14 3 
5 9 21 11 25 29 26 48 50 39 35 46 36 10 34 8 22 12 47 15 32 2 20 40 27 43 18 16 42 24 31 30 14 19 28 49 1 33 45 4 3 38 44 13 37 17 6 23 41 7 
32 21 49 33 28 2 45 46 36 43 37 29 22 12 39 31 38 11 19 24 8 15 23 30 5 10 44 41 1 50 27 25 48 35 13 16 7 40 4 26 3 18 34 14 20 9 6 42 47 17 
9 44 48 8 36 39 2 49 40 1 28 19 18 11 45 37 43 30 27 29 20 12 46 16 3 25 35 24 41 22 15 26 23 42 6 5 50 7 32 17 13 14 34 33 31 21 10 47 38 4 
40 25 28 43 49 39 45 9 7 22 4 1 29 50 15 20 24 18 17 21 41 13 14 47 42 10 12 46 6 16 19 26 27 3 34 32 5 36 35 2 31 48 23 38 11 37 30 33 44 8 
5 2 20 26 6 40 23 41 38 31 4 12 13 44 9 50 3 47 32 37 46 11 34 43 29 10 24 45 16 49 15 48 7 35 21 27 22 17 28 18 39 42 19 36 1 33 14 8 25 30 
18 25 36 5 31 27 15 22 3 23 8 41 19 35 9 12 50 28 2 49 37 33 6 30 14 43 47 24 20 44 1 26 38 46 39 45 34 4 11 16 48 42 40 7 10 17 21 13 32 29 
25 42 47 23 9 17 35 33 6 43 4 11 20 19 18 1 27 32 5 31 36 34 2 16 50 13 10 8 12 30 40 41 24 39 7 26 21 29 45 49 15 46 38 48 22 3 14 37 44 28 
37 38 46 6 30 23 10 9 22 8 50 19 32 40 34 31 7 43 12 14 17 35 18 48 44 27 4 5 41 28 25 49 15 36 13 24 1 39 16 45 47 11 2 21 42 3 20 26 33 29 
9 41 34 46 50 31 2 45 11 26 37 47 1 14 48 21 25 28 19 23 15 32 7 44 42 27 12 13 16 33 18 36 20 38 4 8 35 49 3 10 29 5 22 30 24 17 40 39 6 43 
21 41 48 18 3 34 23 20 14 46 22 35 7 44 30 40 47 1 11 16 15 37 42 19 31 25 38 39 43 13 33 32 36 6 50 17 27 24 26 45 9 2 49 8 10 29 12 28 4 5 
22 50 39 30 20 21 27 7 2 17 42 29 28 3 48 6 13 16 4 41 31 36 38 5 11 45 12 24 19 23 14 34 37 9 26 18 35 10 46 15 32 1 25 47 33 8 49 43 44 40 
41 50 27 38 46 23 12 48 43 42 11 7 3 6 5 4 19 20 30 45 15 1 31 18 39 34 26 21 44 22 49 29 24 36 37 25 10 33 16 35 14 28 8 9 17 47 40 2 13 32 
21 29 7 39 8 35 48 44 30 10 1 2 49 14 42 16 20 6 11 12 50 13 18 24 41 4 40 9 17 34 38 15 43 36 28 47 23 25 3 26 32 45 19 33 5 46 37 27 22 31 
25 30 7 29 10 46 35 42 47 8 32 36 21 34 28 13 11 14 3 49 9 26 45 48 23 44 1 12 39 20 27 43 41 15 19 37 50 40 2 33 6 5 24 31 4 18 22 38 17 16 
41 2 50 9 10 4 43 19 6 21 8 13 44 38 33 49 25 16 17 48 20 35 31 23 11 47 29 32 36 5 46 28 22 26 40 24 1 27 34 42 14 39 12 15 18 45 37 3 30 7 
7 38 5 1 37 13 6 16 31 3 26 33 49 27 10 43 29 21 12 36 39 14 50 47 41 25 9 35 20 24 42 48 23 4 17 45 15 40 46 2 19 44 32 18 22 8 30 28 34 11 
39 28 35 2 5 11 25 1 19 32 40 42 47 16 15 20 49 24 3 30 10 41 33 4 43 48 21 26 34 27 14 17 9 45 50 22 8 36 12 31 7 13 46 37 18 6 23 29 44 38 
45 22 25 14 24 36 32 41 46 2 27 12 29 42 50 9 49 8 38 31 4 1 3 30 17 44 28 35 47 7 10 43 11 39 34 13 48 26 5 16 19 21 6 37 20 23 33 18 15 40 
23 21 19 16 20 2 5 43 28 18 3 11 31 27 40 42 17 7 25 47 13 35 39 6 4 1 36 8 29 14 30 24 45 33 34 12 49 41 37 26 32 22 9 48 50 44 10 46 38 15 
22 35 37 50 29 30 47 27 6 7 31 11 2 20 17 16 9 42 15 48 12 43 33 41 3 4 8 24 36 18 44 49 45 28 34 21 5 23 26 13 40 46 38 14 1 39 10 25 19 32 
34 24 6 25 44 4 45 1 31 35 3 14 27 36 33 23 41 38 29 15 40 10 30 18 42 7 8 28 11 32 46 19 2 16 50 21 37 22 13 17 9 39 12 20 47 26 43 5 48 49 
11 22 50 45 28 7 39 38 24 5 30 20 36 31 37 29 42 2 26 10 15 18 17 34 32 19 16 49 14 21 8 23 44 3 1 9 47 27 40 41 33 12 48 46 6 35 43 13 25 4 
17 32 37 18 19 11 6 42 25 47 44 21 33 39 38 5 20 34 9 13 15 7 1 22 35 12 28 3 36 27 26 8 45 30 24 50 4 40 29 49 43 16 14 10 48 31 46 41 2 23 
47 38 42 46 36 10 24 49 21 9 11 16 32 19 30 13 6 40 43 35 37 17 44 34 23 4 22 26 25 15 39 28 2 7 1 3 33 45 29 8 12 27 48 14 41 50 18 31 20 5 
8 36 15 35 22 27 24 7 11 16 5 45 41 23 4 31 20 46 43 30 18 42 1 39 9 3 37 21 47 2 44 25 14 13 19 17 34 33 40 29 12 50 38 10 6 28 49 48 26 32 
10 34 17 40 19 42 21 46 16 24 30 11 12 50 28 49 4 2 8 36 45 22 23 6 48 9 38 1 5 47 39 37 20 25 26 35 31 43 18 32 27 29 13 44 15 7 33 41 3 14 
18 27 11 40 36 15 46 5 43 37 20 14 2 7 8 13 34 26 17 50 1 31 39 38 45 16 24 48 9 4 28 23 30 12 49 33 42 25 47 10 32 35 41 21 6 44 29 19 3 22 
15 49 6 4 35 28 17 42 19 23 36 45 31 43 38 48 20 5 7 25 24 44 27 22 32 18 34 47 40 21 1 12 3 50 30 41 26 9 10 46 29 2 13 39 14 8 37 16 33 11 
11 8 42 20 19 22 47 23 46 2 49 27 26 4 15 6 28 44 48 7 14 21 34 38 43 33 1 45 9 12 31 37 36 35 18 3 30 40 29 25 10 5 41 17 16 39 13 24 50 32 
48 25 37 10 46 14 3 30 7 23 43 40 5 34 47 39 31 13 1 35 36 20 11 15 49 21 16 33 8 9 24 32 50 45 44 12 38 26 4 28 19 29 22 18 17 42 27 2 41 6 
22 15 44 32 43 30 27 8 2 41 49 24 39 9 42 5 12 21 4 37 16 3 46 13 28 34 38 1 29 31 10 50 6 35 20 47 19 33 7 18 36 23 25 11 45 17 14 26 40 48 
41 9 7 34 20 43 21 2 35 1 36 44 15 23 26 48 3 18 19 42 16 45 12 25 11 17 24 31 33 4 47 6 5 13 32 30 22 46 37 38 8 28 49 14 40 10 29 50 39 27 
42 9 30 46 8 26 37 34 27 19 2 15 48 41 32 45 6 44 36 14 17 23 20 5 24 43 11 40 47 3 18 31 49 50 7 35 13 33 21 28 1 29 16 12 22 39 38 4 10 25 
37 12 6 26 19 30 50 32 1 43 22 23 40 45 16 29 49 18 5 15 20 8 31 46 47 14 25 11 21 33 7 34 17 2 13 48 10 42 35 41 38 28 39 36 27 44 24 4 3 9 
8 47 24 21 35 10 27 23 15 41 44 38 34 45 40 50 42 19 22 43 32 17 28 11 1 31 9 20 3 4 39 2 7 29 14 5 18 26 30 37 16 25 49 36 46 13 6 48 12 33 
16 35 38 13 10 6 46 18 48 23 17 33 37 26 22 2 45 19 50 41 39 11 49 43 5 27 7 24 25 40 1 30 32 29 31 21 36 20 15 42 28 12 14 34 47 4 44 9 8 3 
46 6 12 40 33 31 13 50 39 29 14 47 48 32 8 5 2 20 7 9 49 4 25 11 15 24 17 27 18 23 21 26 44 38 37 35 45 36 22 34 19 28 3 10 43 1 41 42 30 16 
25 16 32 29 13 20 44 49 40 39 26 12 50 31 7 3 14 5 36 43 18 35 37 1 17 38 19 46 33 41 21 10 28 34 24 15 23 9 42 30 8 4 27 2 45 11 6 47 48 22 
47 20 24 33 19 44 21 36 28 48 10 49 31 23 26 38 45 13 46 3 50 39 6 15 1 29 35 12 16 22 32 17 43 8 34 18 27 11 42 30 25 37 14 2 41 40 5 4 9 7 
34 36 39 37 19 28 45 25 11 18 16 1 2 38 7 27 17 29 35 31 8 46 13 3 23 14 47 42 33 40 41 26 44 30 22 49 5 32 20 6 43 48 9 24 15 4 50 10 21 12 
48 2 37 27 38 50 47 5 19 39 15 17 11 36 3 10 4 45 24 7 43 14 30 18 31 46 16 23 34 1 49 9 35 33 29 12 42 8 40 25 6 41 44 20 28 13 26 21 22 32 
45 10 26 43 42 30 44 32 27 24 29 31 6 35 16 28 17 33 40 21 9 20 37 48 12 1 23 3 22 25 36 15 46 11 14 34 50 5 41 47 7 38 49 4 2 19 13 39 18 8 
14 17
10 17
15 20
32 44
12 31
17 25
16 47
34 46
11 48
28 48
9 21
15 30
26 32
21 34
11 22
25 26
30 42
8 15
15 49
24 39
20 32
4 16
4 35
32 35
31 38
18 25
7 44
14 36
20 42
4 21
3 39
11 15
9 19
6 16
31 40
5 37
22 26
3 11
11 35
24 46
18 41
24 33
9 25
15 26
6 14
10 30
8 45
12 24
9 50
1 10
15 46
19 43
43 45
25 42
4 28
9 20
39 44
6 30
30 43
28 47
26 30
17 22
13 19
24 40
13 34
38 39
5 7
1 47
32 49
28 33
7 17
31 33
30 31
20 38
11 14
27 37
31 43
12 20
8 10
4 24
9 24
6 15
8 46
15 22
20 22
14 35
19 42
19 31
23 48
15 21
30 40
7 43
5 9
8 23
19 26
3 42
6 21
28 34
9 37
10 34
34 39
2 9
24 38
37 39
42 50
21 41
8 37
6 37
10 50
2 10
24 35
15 38
1 39
6 12
11 12
6 19
6 38
30 35
4 50
13 14
7 48
40 50
