50 50 61
23 48 11 36 15 13 44 7 5 28 27 33 30 17 37 35 47 16 45 49 32 20 2 10 38 9 8 29 31 39 42 43 12 4 41 26 14 18 40 1 21 6 19 3 22 50 34 24 46 25 
4 11 2 47 41 20 7 32 40 23 36 8 50 31 15 16 48 33 37 27 29 5 39 1 25 28 42 26 3 43 44 21 49 35 12 24 45 30 34 6 22 13 10 17 38 14 9 46 18 19 
8 33 14 38 19 12 3 5 44 16 6 22 37 25 11 42 23 32 18 47 24 48 13 29 27 26 20 45 21 30 36 10 17 43 7 39 28 50 1 35 9 40 15 41 2 4 46 34 31 49 
7 2 30 13 41 20 36 25 29 27 6 34 44 47 11 26 5 43 46 42 38 23 48 14 16 49 50 17 45 37 12 32 35 9 22 21 1 19 3 15 40 33 4 31 8 24 10 39 28 18 
26 34 41 23 11 6 8 43 9 47 44 22 28 35 18 21 27 46 38 2 45 25 42 37 13 14 50 40 5 10 12 16 3 4 32 7 39 15 48 1 29 20 49 17 36 19 24 33 30 31 
40 7 24 34 25 1 33 12 16 45 44 29 18 15 9 20 50 14 5 41 46 39 47 3 30 48 37 8 35 38 36 49 42 43 21 23 10 4 31 32 28 17 22 13 27 26 19 6 2 11 
22 31 30 37 47 2 45 25 19 49 28 3 33 4 6 44 36 26 48 35 10 7 15 20 14 16 38 11 23 39 41 42 18 29 27 43 8 32 34 9 50 1 21 12 13 5 40 46 17 24 
23 18 5 11 30 20 24 7 49 9 45 28 13 29 19 15 6 1 47 37 44 34 16 48 8 26 25 12 39 14 10 41 2 43 35 50 4 22 40 38 3 31 21 27 32 46 36 42 17 33 
48 50 21 24 11 34 23 8 47 1 15 18 46 40 32 42 45 12 30 41 49 13 28 10 26 6 38 14 37 20 27 44 5 4 29 25 43 36 3 17 39 2 19 7 16 9 35 22 31 33 
31 18 30 26 46 24 28 10 4 49 5 16 25 6 36 15 37 38 12 35 1 2 44 47 50 48 29 45 9 34 33 39 43 41 23 22 11 14 42 8 3 13 19 17 40 21 7 32 20 27 
46 43 49 47 14 18 35 10 4 32 28 42 22 36 29 16 38 41 20 24 21 12 26 9 5 50 44 30 17 23 15 19 1 48 33 40 39 7 8 45 27 3 25 13 11 2 6 37 31 34 
10 45 12 50 15 42 40 39 33 38 22 9 30 23 25 17 4 8 46 29 1 21 26 43 2 49 13 47 18 19 27 44 37 7 48 36 24 32 16 6 31 28 14 34 35 3 41 20 5 11 
16 26 25 2 39 13 41 31 27 28 10 38 32 8 7 11 23 37 49 24 34 42 43 20 48 46 33 1 18 30 9 45 4 44 12 47 17 40 21 5 36 15 19 29 6 22 35 50 3 14 
12 42 28 19 15 17 41 22 25 49 36 8 37 9 38 2 6 32 13 14 16 44 4 21 50 40 26 5 18 31 27 7 43 1 48 20 34 39 11 3 47 23 35 10 46 30 33 45 24 29 
19 32 49 39 25 18 12 41 4 43 9 46 27 6 38 28 44 8 10 11 5 31 34 45 16 17 36 24 13 21 42 50 22 29 48 15 40 26 47 20 23 14 1 2 33 30 3 7 37 35 
49 16 4 29 42 13 3 45 50 1 14 7 46 10 26 15 5 37 17 9 21 23 34 25 28 43 39 12 38 48 41 27 19 30 44 31 8 2 35 24 32 11 20 6 47 22 18 36 40 33 
8 14 25 30 18 2 17 7 32 11 49 4 5 34 39 23 48 13 12 20 35 37 22 42 10 43 50 33 44 28 19 15 27 16 46 24 41 6 29 21 9 36 40 47 38 26 1 45 31 3 
25 18 32 5 36 37 35 11 2 7 45 13 29 8 40 39 47 28 33 48 16 1 3 44 19 31 23 4 49 9 17 26 34 43 20 15 12 38 10 22 50 42 30 14 21 24 46 6 41 27 
38 24 32 7 35 30 46 41 39 42 5 25 31 19 11 28 37 9 49 29 36 40 15 1 13 2 21 26 12 22 14 3 10 16 17 44 47 33 34 27 45 4 43 18 8 23 50 20 48 6 
15 28 12 4 10 19 38 16 8 37 36 22 31 2 14 17 24 7 1 35 27 48 42 13 40 20 32 21 25 6 29 33 26 45 46 41 43 9 50 5 18 34 3 39 47 30 11 49 44 23 
13 40 43 44 19 22 14 31 25 20 46 45 50 42 38 17 6 15 37 23 11 3 36 12 10 47 24 32 28 41 1 18 16 26 35 4 49 9 33 30 8 29 39 7 34 2 27 21 48 5 
14 24 49 32 36 5 25 35 44 31 11 21 13 15 10 39 30 40 48 50 20 4 17 2 29 9 22 18 1 42 7 43 33 19 27 3 34 46 12 45 37 41 16 26 38 23 28 6 8 47 
32 31 15 6 29 10 30 22 38 36 16 33 43 14 13 11 35 2 1 39 21 7 27 45 18 3 49 24 5 47 25 34 17 12 42 48 41 40 8 26 19 44 23 46 50 20 4 28 37 9 
45 2 27 5 30 3 1 24 49 38 25 28 17 13 9 48 18 31 15 8 32 6 47 22 40 12 16 37 36 33 14 29 4 41 19 35 20 42 23 46 10 39 44 50 11 7 43 21 34 26 
25 37 36 29 9 4 1 19 26 46 15 3 14 27 41 48 49 5 30 8 42 40 28 11 23 47 24 22 31 6 32 16 44 20 39 13 45 18 43 38 21 17 12 2 34 10 33 35 7 50 
17 31 18 23 15 40 10 14 36 21 26 44 32 16 46 24 35 34 20 47 38 48 27 4 39 11 41 43 13 19 22 8 1 50 9 49 5 2 25 6 3 33 42 12 30 45 7 37 29 28 
24 22 34 48 3 44 32 37 18 8 46 49 5 40 45 17 36 10 7 41 20 29 33 42 9 47 16 35 25 30 6 4 39 38 26 11 31 2 13 1 50 27 43 12 23 28 14 21 19 15 
1 9 25 26 27 44 13 19 18 22 39 23 2 41 29 6 35 17 38 42 5 14 46 34 20 7 40 43 4 45 30 31 11 37 28 49 48 3 32 10 8 50 33 47 36 16 12 24 15 21 
4 3 6 25 36 33 40 43 46 23 28 12 8 13 39 38 24 11 30 21 26 48 47 50 42 7 37 19 20 34 44 18 22 15 45 2 17 5 49 9 32 41 35 16 27 1 10 29 31 14 
4 17 43 41 3 44 22 37 35 48 26 27 24 9 38 32 21 42 47 12 49 33 2 34 5 20 16 30 7 28 18 15 23 11 25 19 29 10 14 50 40 6 13 31 45 39 1 46 8 36 
36 13 45 21 49 2 30 23 32 7 15 39 3 27 6 4 11 20 50 44 47 16 8 12 48 17 37 31 5 26 34 18 40 22 35 1 19 29 24 14 33 38 25 28 46 42 9 43 41 10 
19 45 10 33 7 13 27 43 11 48 26 15 46 25 28 41 38 21 40 34 36 16 22 8 42 14 17 3 44 20 37 23 50 47 18 39 49 31 4 24 5 9 30 2 6 1 29 12 32 35 
8 21 3 22 27 18 44 10 43 19 37 39 40 46 4 24 45 48 1 31 15 30 14 35 29 32 9 13 42 16 26 11 25 33 49 7 41 36 38 5 28 6 20 50 12 2 17 34 23 47 
26 34 18 41 8 45 38 7 28 16 12 21 11 37 42 30 10 47 29 24 3 49 13 19 50 6 22 40 39 9 27 33 25 23 20 15 31 48 4 32 36 14 2 44 35 5 43 46 1 17 
30 11 49 34 35 28 12 45 9 39 48 8 23 29 3 18 27 42 16 25 7 1 21 13 44 17 38 5 10 26 36 43 19 15 46 33 14 6 50 2 41 22 24 31 32 20 40 4 37 47 
25 48 20 16 41 33 18 26 50 43 28 46 12 1 4 39 9 40 31 34 36 42 44 5 27 37 47 3 30 7 14 17 15 8 13 11 23 10 19 32 29 38 21 6 35 24 45 22 49 2 
2 18 34 6 8 44 31 13 47 32 5 16 26 24 17 45 49 19 48 37 25 27 29 14 22 33 43 42 21 20 41 46 50 39 12 11 36 7 28 10 3 38 35 15 9 1 30 4 40 23 
30 9 18 20 42 15 29 25 31 36 16 50 27 14 2 26 6 10 23 48 5 47 43 45 33 17 32 7 34 8 35 38 11 28 22 21 44 19 4 41 39 3 24 40 46 13 1 12 37 49 
9 1 48 19 23 27 3 44 20 43 42 36 21 28 12 25 45 2 13 34 33 39 29 50 46 24 15 32 18 16 11 7 31 30 41 22 17 10 47 8 40 26 38 37 5 4 14 6 49 35 
12 16 26 3 34 15 44 19 13 18 20 38 32 40 8 1 36 39 25 35 10 42 4 11 5 9 27 30 37 17 24 2 48 50 6 29 14 22 21 47 23 45 49 41 33 43 28 31 7 46 
38 22 16 50 17 29 44 9 43 21 5 39 25 20 49 24 41 40 42 15 35 1 28 4 34 32 8 13 30 3 12 18 45 6 31 37 26 7 23 36 11 33 2 46 14 10 48 19 27 47 
38 19 45 20 4 10 42 44 18 6 2 5 32 43 8 28 33 15 47 39 14 12 11 3 9 46 48 7 21 26 27 1 31 50 23 13 49 35 29 30 34 22 17 37 24 41 36 25 40 16 
19 49 24 20 25 14 9 41 2 27 23 10 28 15 33 6 26 1 22 50 35 4 34 32 48 12 37 3 8 31 38 5 44 40 29 21 46 7 18 17 43 16 39 11 36 42 47 13 45 30 
7 13 4 36 14 27 34 18 35 28 47 6 45 24 2 31 46 43 26 17 33 30 16 11 39 3 23 22 41 38 29 48 20 19 32 12 40 21 42 49 1 44 25 10 8 37 50 9 5 15 
27 14 48 40 8 21 15 29 28 44 33 19 39 23 12 13 26 22 18 32 34 17 9 38 45 31 30 20 46 16 37 4 43 6 35 7 41 3 1 10 50 49 24 25 42 36 5 2 11 47 
40 28 26 29 35 7 5 25 3 16 45 30 2 17 9 39 22 15 24 47 6 33 43 41 19 44 32 21 48 4 14 13 12 37 27 20 31 46 36 50 18 38 34 10 42 11 8 23 49 1 
43 25 26 42 46 8 37 9 15 18 34 39 14 24 12 33 36 17 7 29 45 44 4 30 47 21 40 49 10 31 20 6 50 38 48 28 19 32 23 3 5 2 27 41 11 16 13 22 35 1 
13 9 40 6 11 1 47 4 10 29 12 46 24 20 8 35 45 37 19 3 18 25 5 48 27 31 44 39 14 43 42 26 17 50 49 30 38 2 34 28 15 41 32 23 36 22 21 16 7 33 
40 36 4 46 20 48 45 32 41 6 5 14 7 24 35 37 10 3 9 12 2 29 15 16 33 25 39 30 27 23 18 26 42 43 34 1 11 28 17 8 38 19 13 50 22 49 44 21 47 31 
40 13 46 18 14 4 45 29 24 10 32 20 30 9 47 5 21 42 8 28 34 50 38 36 22 19 3 11 44 23 17 31 1 33 35 15 2 39 41 43 26 48 16 49 27 7 12 37 6 25 
11 16
14 17
4 18
5 44
1 17
13 37
15 31
8 9
1 6
24 31
32 33
10 30
25 30
11 43
6 29
21 34
16 29
26 41
18 49
24 47
2 35
29 34
32 41
22 28
23 44
23 27
8 15
40 47
11 13
12 34
3 44
18 35
4 5
18 24
18 46
25 38
10 19
33 47
1 50
3 9
9 43
7 49
34 37
43 44
14 29
13 43
5 41
13 34
18 47
42 48
19 49
4 17
30 40
25 44
26 34
12 30
19 30
5 33
9 19
26 48
41 44
