50 50 61
9 24 25 20 16 35 12 36 4 43 19 11 32 3 39 45 8 33 22 7 18 1 23 30 10 46 26 42 48 41 6 34 2 47 5 29 38 40 50 21 44 49 37 13 28 17 27 31 15 14 
33 37 35 44 4 19 39 15 43 48 11 9 10 17 46 32 1 25 29 40 18 36 23 24 5 3 7 41 49 47 6 16 21 42 22 20 27 26 31 34 2 14 38 50 8 45 12 13 30 28 
7 6 43 14 2 28 24 42 15 35 17 22 16 8 10 20 29 33 48 49 30 5 41 1 25 31 27 39 38 36 4 32 11 9 34 45 12 21 18 47 23 3 46 37 50 26 40 44 13 19 
24 18 37 9 12 50 11 2 40 32 45 49 39 7 13 21 26 27 10 1 3 44 48 19 35 23 34 28 22 42 6 36 20 5 14 47 33 38 41 8 30 25 31 29 43 4 15 46 17 16 
11 50 12 36 41 45 44 22 3 23 42 40 26 5 28 49 2 19 27 33 24 39 43 18 47 9 15 35 8 6 30 14 21 1 32 25 38 29 37 7 4 13 17 34 10 31 20 48 46 16 
9 45 33 47 18 1 16 30 35 25 11 17 38 27 40 31 34 29 50 41 15 19 8 10 5 32 12 22 37 23 43 42 2 20 26 6 21 24 4 14 48 39 3 13 28 44 49 46 7 36 
36 12 20 50 9 35 40 45 6 28 48 34 1 22 29 7 27 2 30 49 42 32 19 8 33 21 23 39 14 46 37 26 24 43 3 41 5 15 4 10 31 38 17 11 25 16 18 44 13 47 
5 10 6 15 36 44 38 12 17 21 33 3 41 26 8 31 40 28 4 35 34 48 19 25 9 32 24 43 37 50 23 14 30 20 16 7 49 42 2 29 47 13 45 46 1 22 39 18 27 11 
29 46 21 25 9 33 16 19 12 35 31 48 37 39 42 40 24 43 45 41 3 38 15 44 13 10 2 7 47 14 34 6 20 50 4 5 18 27 36 49 17 26 11 30 22 1 8 32 23 28 
46 32 28 37 21 50 15 7 43 5 11 27 12 34 36 23 1 3 49 24 31 14 35 33 9 38 16 4 10 48 8 39 18 6 45 22 30 17 13 41 20 19 25 40 2 26 42 29 44 47 
33 6 5 14 42 39 18 34 16 28 47 3 22 15 1 25 7 46 41 20 12 2 35 30 13 23 8 26 10 29 48 49 36 43 32 40 9 17 19 44 38 27 37 50 45 21 4 24 31 11 
25 18 11 2 46 31 16 21 38 29 14 42 44 6 22 13 49 26 1 34 37 28 24 36 7 10 19 3 12 35 50 41 33 17 43 27 30 45 9 8 48 40 39 5 20 47 23 32 15 4 
21 11 31 3 8 32 30 42 6 9 23 49 37 48 18 43 38 2 44 39 46 22 13 1 24 5 40 10 15 20 12 45 7 50 36 25 14 35 16 27 29 47 33 19 34 17 41 28 26 4 
32 48 27 9 31 8 7 46 24 26 22 35 4 20 37 2 47 44 43 33 16 1 36 15 30 21 19 25 34 10 41 14 42 6 39 28 5 13 18 3 29 45 11 40 38 50 12 17 23 49 
29 48 7 11 8 36 38 42 39 19 16 33 50 40 37 1 41 32 43 15 44 2 14 34 21 27 23 49 28 35 10 30 17 26 5 25 13 6 31 20 47 9 12 4 46 22 24 45 3 18 
18 10 37 49 33 11 29 24 27 7 14 26 20 46 2 39 40 25 12 32 22 17 5 1 38 34 19 45 6 4 30 36 31 28 13 15 47 3 9 23 21 44 43 48 41 8 42 16 35 50 
16 24 18 32 15 3 48 11 39 13 45 30 20 6 1 33 14 35 7 22 25 42 12 41 21 50 31 44 9 37 29 38 5 10 17 47 8 26 19 46 28 36 40 34 2 27 49 4 43 23 
14 46 7 20 50 37 22 32 6 38 34 39 3 9 8 19 16 48 42 25 29 43 10 45 28 13 41 44 36 33 26 47 23 17 40 4 49 30 12 21 18 5 15 11 35 31 24 2 1 27 
26 45 16 11 34 2 12 49 42 24 6 13 15 7 46 20 30 21 50 14 8 1 19 5 41 27 23 39 44 32 47 10 35 17 40 4 25 18 33 43 9 3 31 22 37 48 38 36 29 28 
26 29 19 22 36 20 23 27 14 1 25 37 39 4 33 47 24 35 18 2 3 31 38 45 7 13 9 46 44 15 43 10 49 28 12 11 16 6 5 40 17 30 21 41 34 42 8 48 32 50 
30 14 1 23 49 19 15 8 12 4 20 33 13 43 35 36 31 6 47 29 34 18 28 5 16 17 7 26 21 40 27 22 38 25 46 9 39 45 11 32 42 24 48 50 44 2 3 10 37 41 
21 19 34 37 13 22 7 39 1 36 44 35 2 6 38 5 32 16 11 12 27 26 10 24 28 29 15 30 4 25 17 43 3 31 47 14 33 42 49 40 41 18 48 8 20 23 46 45 50 9 
30 46 20 39 2 18 35 9 29 44 45 15 19 28 7 12 13 41 49 32 43 10 5 11 1 25 24 21 31 37 6 40 38 42 27 22 23 8 16 48 14 33 47 17 34 36 50 4 26 3 
10 26 20 11 45 30 29 1 36 50 3 4 44 12 42 14 40 9 43 23 22 24 18 8 46 6 16 32 31 39 34 17 2 5 41 27 7 28 21 25 37 49 47 38 13 19 33 15 48 35 
15 37 43 42 46 11 5 9 33 26 47 28 30 36 44 16 24 3 40 38 2 19 13 17 10 1 39 49 35 29 20 25 41 4 21 32 12 7 6 8 34 45 50 48 14 27 23 31 18 22 
20 35 22 5 43 21 13 44 47 49 27 23 7 9 28 1 25 31 32 30 17 38 37 12 40 34 36 24 10 45 33 42 18 2 11 8 19 48 46 6 4 15 14 16 41 3 29 39 50 26 
13 22 1 28 30 48 36 46 50 26 7 12 5 20 19 49 35 8 42 4 32 44 24 47 18 21 16 43 41 27 45 9 37 11 33 15 31 10 29 6 40 25 38 14 2 23 34 17 39 3 
35 48 42 49 41 39 17 29 27 33 8 24 32 14 7 10 18 31 50 19 38 47 20 40 21 16 46 15 43 6 23 11 28 1 9 3 4 13 26 22 37 12 45 5 36 25 34 30 44 2 
18 9 17 15 40 23 13 33 48 27 50 1 5 32 30 24 20 25 47 36 7 43 10 14 12 29 45 31 38 35 21 28 4 26 37 11 3 39 2 34 46 16 6 22 19 49 41 44 8 42 
18 25 44 40 2 41 14 22 33 13 49 10 12 1 31 47 34 27 35 24 9 11 19 38 6 36 42 23 26 5 7 37 3 43 20 4 45 32 39 8 30 29 21 16 50 46 15 48 17 28 
43 12 28 3 41 48 17 8 47 2 37 50 26 29 1 21 25 20 46 38 9 7 33 5 35 24 10 30 18 4 19 44 15 42 23 49 31 40 11 36 14 22 39 16 13 27 45 6 34 32 
11 39 5 43 23 1 41 50 4 14 44 47 24 31 18 2 7 26 49 22 38 16 30 12 19 20 33 21 10 29 37 48 15 9 3 40 42 46 36 32 13 6 34 45 25 35 28 27 8 17 
12 25 17 1 32 36 6 41 15 13 10 4 20 30 21 39 28 48 46 31 5 23 11 37 45 42 24 29 3 35 9 19 50 49 43 33 44 14 27 18 47 26 40 38 7 8 34 22 2 16 
4 27 6 9 24 3 49 5 13 7 40 20 36 19 18 37 25 42 16 48 12 29 50 11 8 2 45 38 31 30 35 46 23 32 10 1 21 17 44 34 39 28 22 26 15 47 33 43 41 14 
2 25 10 22 39 49 46 14 3 5 47 7 36 37 24 4 41 28 26 15 29 18 45 6 50 1 19 23 40 8 17 21 48 9 34 31 38 33 44 35 16 20 42 11 12 27 30 13 43 32 
3 4 30 9 43 14 32 17 13 34 10 21 39 28 20 23 41 42 48 7 19 50 40 37 27 29 12 31 24 44 18 11 22 16 2 36 8 15 5 46 25 6 45 35 33 26 49 1 47 38 
15 34 1 33 20 26 35 44 14 18 45 30 7 21 36 10 32 17 46 24 25 19 3 11 12 8 50 28 22 23 5 27 9 40 16 2 29 47 43 49 38 31 41 42 13 37 6 4 39 48 
26 29 50 38 17 22 24 34 5 37 15 12 41 28 11 42 48 31 43 16 49 25 18 47 19 6 20 36 7 33 32 21 35 9 8 10 44 1 14 13 46 2 40 30 4 45 39 27 3 23 
39 49 5 43 21 26 44 50 46 14 3 20 36 11 18 9 34 48 35 8 45 32 2 27 40 28 10 7 13 4 42 33 17 19 12 15 29 31 47 37 25 23 6 22 1 38 16 24 41 30 
15 37 10 7 27 5 14 38 40 8 39 22 36 32 2 21 41 42 50 43 9 3 25 1 11 44 26 29 23 28 18 12 34 19 35 13 4 33 45 49 6 17 31 30 20 46 47 24 16 48 
26 37 4 5 15 25 2 27 10 6 32 3 45 13 43 44 36 34 12 22 21 28 31 49 33 29 9 11 24 39 16 35 40 41 38 1 23 8 14 19 47 50 17 46 18 7 30 48 20 42 
21 7 15 35 46 32 5 49 10 2 33 14 45 39 34 42 38 47 8 40 41 22 17 9 4 20 31 44 19 25 12 1 18 26 37 11 50 43 48 36 16 23 27 28 30 24 3 6 29 13 
13 37 28 26 35 6 27 12 38 34 14 9 31 42 43 49 10 47 25 19 39 17 7 46 18 4 48 2 16 33 41 20 45 22 3 15 23 44 32 36 1 40 11 24 8 29 30 50 21 5 
46 20 2 49 28 41 22 18 6 45 50 3 32 39 21 35 36 37 34 30 1 23 42 10 8 33 9 13 16 27 48 17 40 47 31 4 5 15 25 24 19 11 44 14 12 26 38 43 29 7 
1 39 44 14 13 24 4 32 30 17 2 5 22 31 37 40 33 6 46 21 29 8 10 7 28 47 16 12 26 27 38 48 49 43 9 41 35 45 34 19 50 3 18 23 42 36 25 15 11 20 
15 40 7 39 26 32 29 8 11 2 10 27 22 45 20 9 44 36 33 1 4 6 25 23 48 46 41 37 42 12 3 16 30 47 49 38 31 19 13 43 24 14 50 18 28 5 21 34 17 35 
34 49 44 17 47 36 48 28 40 9 45 18 3 2 26 13 11 27 29 15 8 19 23 30 43 22 12 35 1 5 25 21 31 24 41 6 46 4 10 20 50 33 14 38 39 7 37 32 16 42 
16 37 47 29 18 43 30 46 26 40 9 32 45 38 4 41 31 23 3 20 11 2 24 28 44 50 25 34 35 19 13 27 15 17 7 36 14 49 8 39 48 1 42 12 21 6 10 33 22 5 
33 22 50 11 43 21 17 25 8 40 48 26 10 37 31 42 6 7 2 20 32 29 9 39 19 35 34 5 36 3 15 12 16 45 44 24 23 1 27 47 18 13 28 4 38 41 46 49 30 14 
34 40 13 28 39 9 47 27 49 3 43 25 10 16 31 4 2 50 21 29 17 45 48 37 23 5 1 30 6 19 14 46 8 15 26 32 22 35 12 42 18 24 36 33 41 11 44 38 7 20 
39 46
3 35
10 17
2 8
3 42
31 37
31 44
8 9
4 45
22 40
10 26
1 29
2 5
20 47
6 47
10 34
6 14
17 37
18 34
17 42
13 25
15 35
8 32
19 36
42 44
9 28
18 27
20 21
33 50
17 24
27 36
9 36
31 35
8 37
40 47
17 50
6 18
16 37
10 13
12 18
12 49
19 29
10 23
19 42
16 19
7 40
15 48
30 39
11 36
14 16
2 40
1 47
32 43
17 35
27 49
25 33
21 43
43 47
14 41
13 31
22 32
